2.223258316516876221e-01 -3.250189423561096191e-01
-3.876758366823196411e-02 1.959571614861488342e-02
1.642042547464370728e-01 -1.443287283182144165e-01
1.134005934000015259e-01 -1.813023090362548828e-01
-2.260809689760208130e-01 1.007717400789260864e-01
-1.578847318887710571e-01 3.415498733520507812e-01
2.289076447486877441e-01 -2.567616105079650879e-01
-3.538975119590759277e-01 1.672145426273345947e-01
7.961309701204299927e-02 1.349561363458633423e-01
-2.154347002506256104e-01 2.728318870067596436e-01
-2.397519648075103760e-01 4.705632328987121582e-01
1.551778465509414673e-01 -2.232199162244796753e-01
-1.918763369321823120e-01 3.818927705287933350e-01
-1.321106553077697754e-01 2.497850209474563599e-01
-2.069192826747894287e-01 8.985327184200286865e-02
2.653096020221710205e-01 -9.433909505605697632e-02
1.497017405927181244e-02 -6.012697704136371613e-03
-4.392886161804199219e-01 2.295069396495819092e-01
3.566319867968559265e-02 1.309316754341125488e-01
-1.645705997943878174e-01 4.472518861293792725e-01
2.492655366659164429e-01 -7.225807756185531616e-02
1.707347929477691650e-01 -2.565979957580566406e-01
-1.456643342971801758e-01 -2.786778844892978668e-02
-2.626103460788726807e-01 7.944214344024658203e-02
1.502356231212615967e-01 -3.410685062408447266e-01
4.935410320758819580e-01 -3.286961019039154053e-01
-1.516784168779850006e-02 9.281650185585021973e-02
2.018119767308235168e-02 -3.287498606368899345e-03
1.970725357532501221e-01 -2.599833011627197266e-01
-1.714162379503250122e-01 1.243718937039375305e-01
1.109954118728637695e-01 -1.836954802274703979e-02
3.543888032436370850e-01 -1.386249363422393799e-01
-5.916668474674224854e-02 1.300959438085556030e-01
2.028353326022624969e-02 1.206712946295738220e-01
3.081295788288116455e-01 -1.052151545882225037e-01
1.115538924932479858e-01 6.233890354633331299e-02
-2.644011974334716797e-01 4.476070404052734375e-02
-5.431418493390083313e-02 1.146534234285354614e-01
-3.152421489357948303e-02 5.658484250307083130e-02
4.427778720855712891e-01 -3.988054692745208740e-01
1.771245300769805908e-01 -1.446116715669631958e-01
-8.742577582597732544e-02 2.435268275439739227e-02
-2.942714095115661621e-02 -4.433673340827226639e-03
-2.861115038394927979e-01 2.106886357069015503e-01
1.801910847425460815e-01 -1.680485308170318604e-01
3.223946318030357361e-02 -1.369331330060958862e-01
-3.215938434004783630e-02 5.134903267025947571e-02
2.555809319019317627e-01 -4.218438565731048584e-01
-2.160411477088928223e-01 7.558549940586090088e-02
-2.528778910636901855e-01 1.198520325124263763e-02
1.364614963531494141e-01 6.179411709308624268e-02
4.251302778720855713e-02 -1.057731285691261292e-01
1.916026026010513306e-01 -3.638596460223197937e-02
-1.620320975780487061e-01 3.854242265224456787e-01
7.050967216491699219e-02 -2.130329012870788574e-01
-3.601759970188140869e-01 2.955438792705535889e-01
1.197291072458028793e-02 -9.903640300035476685e-02
-1.346933394670486450e-01 2.089331746101379395e-01
-2.754884064197540283e-01 2.281460911035537720e-01
-3.210004791617393494e-02 -5.697477236390113831e-02
9.193960577249526978e-02 -2.046875655651092529e-01
1.866435557603836060e-01 -1.697137653827667236e-01
2.803903222084045410e-01 -1.535584032535552979e-01
3.346628248691558838e-01 -1.986224055290222168e-01
6.890499591827392578e-02 -5.453840270638465881e-02
-1.543845422565937042e-02 5.603472515940666199e-02
-5.977547913789749146e-02 4.071626171935349703e-04
2.150025516748428345e-01 -1.109075099229812622e-01
1.518958806991577148e-01 2.110281027853488922e-02
-2.423395216464996338e-02 1.599173396825790405e-01
-1.137534622102975845e-02 7.998531311750411987e-02
2.306283265352249146e-01 -2.455692738294601440e-01
6.858970224857330322e-02 -1.451155841350555420e-01
-1.397493779659271240e-01 1.089798379689455032e-02
-1.942729651927947998e-01 3.819365501403808594e-01
-2.457934617996215820e-01 3.421579301357269287e-01
-3.540340960025787354e-01 1.604142636060714722e-01
1.394808292388916016e-01 -4.005680233240127563e-02
-1.997447162866592407e-01 2.673571109771728516e-01
7.983530312776565552e-02 -7.754234969615936279e-02
1.075652614235877991e-01 -2.083700299263000488e-01
-1.547611951828002930e-01 4.467018246650695801e-01
-2.146036475896835327e-01 1.519186794757843018e-01
-2.791493535041809082e-01 3.763075768947601318e-01
2.133704572916030884e-01 -1.400475353002548218e-01
3.426850736141204834e-01 -1.766970753669738770e-01
2.724366188049316406e-01 -1.361296176910400391e-01
7.027009874582290649e-02 -9.621183574199676514e-02
3.705349564552307129e-01 -1.175077110528945923e-01
1.370794773101806641e-01 -2.411419153213500977e-01
-2.739446759223937988e-01 5.224769935011863708e-02
-1.748392432928085327e-01 1.090919971466064453e-01
2.023841626942157745e-02 6.224085390567779541e-02
-3.413197025656700134e-02 -5.320946127176284790e-02
1.515523940324783325e-01 -5.013068765401840210e-02
1.231761574745178223e-01 8.908448740839958191e-03
2.223232835531234741e-01 -1.995529085397720337e-01
-3.223924338817596436e-01 9.519070386886596680e-02
-6.760101020336151123e-02 2.771871387958526611e-01
2.841470539569854736e-01 -8.548616617918014526e-02
-2.782191336154937744e-01 2.042744457721710205e-01
-1.167520508170127869e-01 1.331603080034255981e-01
-2.075431495904922485e-01 2.320810705423355103e-01
1.521572619676589966e-01 -2.032312005758285522e-01
3.949070814996957779e-03 2.607092633843421936e-02
-2.184592634439468384e-01 1.873789280652999878e-01
8.988133817911148071e-02 -1.944369822740554810e-01
-2.517006099224090576e-01 1.407049000263214111e-01
-6.595239788293838501e-02 -1.929924488067626953e-01
5.423837527632713318e-02 4.268409311771392822e-02
4.012959599494934082e-01 -4.772241711616516113e-01
7.502932846546173096e-02 9.155678004026412964e-02
1.661901175975799561e-01 -6.815382093191146851e-02
-2.784467041492462158e-01 3.050517141819000244e-01
7.961905002593994141e-02 -1.108385063707828522e-02
1.906580179929733276e-01 -1.113634631037712097e-01
2.906908094882965088e-01 -1.222277134656906128e-01
-2.309947907924652100e-01 3.179452419281005859e-01
-1.516318172216415405e-01 -2.296131849288940430e-02
-2.757046520709991455e-01 2.155163288116455078e-01
-8.143230527639389038e-02 1.513758450746536255e-01
1.276589278131723404e-02 9.383577108383178711e-02
-8.741335570812225342e-02 5.458644032478332520e-02
-2.717104256153106689e-01 3.428637087345123291e-01
3.783279359340667725e-01 -4.360280632972717285e-01
-1.129591390490531921e-01 1.702008843421936035e-01
2.535335719585418701e-01 -2.833841145038604736e-01
-3.186395466327667236e-01 4.091634750366210938e-01
2.467454373836517334e-01 -3.103677034378051758e-01
1.156072467565536499e-01 -7.185817230492830276e-04
3.621152788400650024e-02 -1.296532601118087769e-01
1.188335344195365906e-01 -1.923770159482955933e-01
-1.880990862846374512e-01 1.657154262065887451e-01
-7.874879240989685059e-02 2.026553265750408173e-02
-1.537247747182846069e-01 1.548550277948379517e-01
2.590232193470001221e-01 -3.183434307575225830e-01
-4.139067232608795166e-01 4.252139627933502197e-01
1.476452499628067017e-01 -1.999873965978622437e-01
3.348981440067291260e-01 -1.497471779584884644e-01
8.538682013750076294e-02 -1.996629238128662109e-01
-3.236087262630462646e-01 2.201821804046630859e-01
-2.685148715972900391e-01 1.317149698734283447e-01
1.675048172473907471e-01 -3.106138706207275391e-01
4.501405172049999237e-03 -1.276905089616775513e-01
-4.408493340015411377e-01 3.998997807502746582e-01
1.083568204194307327e-02 1.181377395987510681e-01
-3.115688860416412354e-01 2.239682078361511230e-01
1.022766903042793274e-02 1.903118938207626343e-01
-1.956729441881179810e-01 3.437418043613433838e-01
1.615271270275115967e-01 -1.827025115489959717e-01
1.141984686255455017e-01 -8.196394145488739014e-02
7.904987782239913940e-02 9.520354121923446655e-02
2.933025956153869629e-01 -2.208643555641174316e-01
-8.443311601877212524e-02 1.090719997882843018e-01
2.854302227497100830e-01 -3.472900986671447754e-01
-2.006369084119796753e-01 -7.174522150307893753e-03
8.846946060657501221e-02 -1.111737713217735291e-01
-2.053790837526321411e-01 1.927886009216308594e-01
2.324492335319519043e-01 -3.805712759494781494e-01
-2.480689138174057007e-01 1.776060163974761963e-01
-3.732176721096038818e-01 3.851114511489868164e-01
2.141089439392089844e-01 -3.395110368728637695e-01
2.268471270799636841e-01 -8.713542670011520386e-02
1.008659005165100098e-01 -1.744388788938522339e-01
1.584595143795013428e-01 -2.757525146007537842e-01
1.747190505266189575e-01 -3.887788951396942139e-01
-9.683018922805786133e-02 3.191043063998222351e-02
-5.013028159737586975e-02 -2.032668739557266235e-01
2.089641541242599487e-01 -3.694684803485870361e-01
-2.311414480209350586e-01 3.505362272262573242e-01
1.904874294996261597e-02 -8.085511624813079834e-03
-1.387399137020111084e-01 1.959453523159027100e-01
1.474095433950424194e-01 7.789202500134706497e-03
6.638335436582565308e-02 1.337530463933944702e-01
-7.446451578289270401e-03 -2.549199014902114868e-02
3.383240401744842529e-01 -3.145324587821960449e-01
-1.246929988265037537e-01 9.305865317583084106e-02
-1.264236588031053543e-02 -2.192301601171493530e-01
-3.290167152881622314e-01 2.291918843984603882e-01
-8.480815589427947998e-02 -7.454652339220046997e-02
-2.404267489910125732e-01 2.201146036386489868e-01
-2.880890369415283203e-01 2.394467741250991821e-01
1.686365753412246704e-01 1.152577623724937439e-02
2.367137931287288666e-02 -5.082847550511360168e-02
8.370174467563629150e-02 8.220171183347702026e-02
2.882041335105895996e-01 -2.973291575908660889e-01
1.134419217705726624e-01 -1.132932454347610474e-01
2.377490401268005371e-01 -1.882321983575820923e-01
-7.355153211392462254e-04 -2.364498674869537354e-01
-1.926064840517938137e-03 -3.858331125229597092e-03
-3.248781859874725342e-01 2.456406503915786743e-01
-8.318600803613662720e-02 -1.184356808662414551e-01
4.048833549022674561e-01 -3.347162306308746338e-01
-1.341142654418945312e-01 1.269235312938690186e-01
4.725482314825057983e-02 3.617130964994430542e-02
-7.075475901365280151e-02 -6.846132874488830566e-02
-3.485514223575592041e-01 1.250914931297302246e-01
-1.207995191216468811e-01 2.081466764211654663e-01
1.432949006557464600e-01 -1.948480904102325439e-01
5.902041122317314148e-02 -4.125592857599258423e-02
-2.032621800899505615e-01 6.340815126895904541e-02
-5.817387253046035767e-02 2.002052962779998779e-02
-1.837586462497711182e-01 3.215614557266235352e-01
-5.742857977747917175e-02 -1.988646574318408966e-02
-8.455248549580574036e-03 -1.206909641623497009e-01
-3.383663296699523926e-01 3.072850704193115234e-01
8.385454118251800537e-02 -8.358610421419143677e-02
2.323429584503173828e-01 -3.605501651763916016e-01
-1.294617205858230591e-01 3.813837766647338867e-01
-2.072687447071075439e-01 3.665128350257873535e-01
-2.112800478935241699e-01 3.391885161399841309e-01
-4.559085145592689514e-02 -2.674175053834915161e-02
-1.141129359602928162e-01 -1.223248019814491272e-01
-1.810737550258636475e-01 1.943465024232864380e-01
2.677752263844013214e-02 -2.699186503887176514e-01
-1.091459840536117554e-01 2.669532895088195801e-01
1.741143763065338135e-01 -1.215796321630477905e-01
-2.279170975089073181e-02 1.051292791962623596e-01
-3.129275888204574585e-02 -4.589385911822319031e-02
-2.158133871853351593e-02 1.327772438526153564e-01
2.888583764433860779e-02 3.547701984643936157e-02
-2.342399507761001587e-01 4.833562299609184265e-02
2.774848341941833496e-01 -1.609967648983001709e-01
-7.784919440746307373e-02 -1.051975265145301819e-01
2.058353275060653687e-02 7.426134776324033737e-03
1.212275028228759766e-01 -2.825146019458770752e-01
1.699834614992141724e-01 -2.748135924339294434e-01
3.014266788959503174e-01 -2.938388884067535400e-01
-2.087742835283279419e-01 4.700899124145507812e-02
1.952783167362213135e-01 -2.606801986694335938e-01
-1.282970011234283447e-01 1.789448261260986328e-01
1.946765482425689697e-01 -1.733889430761337280e-01
2.258516103029251099e-01 -3.341936171054840088e-01
-2.772090435028076172e-01 3.586656749248504639e-01
6.491141766309738159e-02 -8.008323609828948975e-03
4.350030794739723206e-03 1.755416087689809501e-05
3.387762978672981262e-02 1.640421003103256226e-01
1.890444010496139526e-01 -2.518696486949920654e-01
1.985817402601242065e-01 -7.294886559247970581e-02
1.891185343265533447e-01 -1.594094336032867432e-01
-2.098464816808700562e-01 2.725016474723815918e-01
-7.691795378923416138e-02 -1.621042937040328979e-01
-1.099509075284004211e-01 6.305573135614395142e-02
2.462738901376724243e-01 -2.224957756698131561e-02
1.298151314258575439e-01 -4.226236417889595032e-02
-1.682728976011276245e-01 -1.771317422389984131e-02
1.223579868674278259e-01 -1.384494751691818237e-01
1.361477971076965332e-01 -2.795709073543548584e-01
-3.049605526030063629e-02 2.689328193664550781e-01
4.780011996626853943e-02 -8.971943706274032593e-02
-2.595773525536060333e-02 -2.313425093889236450e-01
-2.744439523667097092e-03 9.578442573547363281e-02
-1.849547922611236572e-01 2.231975495815277100e-01
2.491209506988525391e-01 -1.992953866720199585e-01
1.798651367425918579e-01 -3.761006519198417664e-02
5.410034656524658203e-01 -2.734495103359222412e-01
