4.126748144626617432e-01 -2.538320124149322510e-01
-6.219810843467712402e-01 6.520243883132934570e-01
-1.731641143560409546e-01 2.898528575897216797e-01
5.723290517926216125e-02 1.322590708732604980e-01
-5.141900479793548584e-02 -9.908592700958251953e-02
-4.686931371688842773e-01 5.034210681915283203e-01
3.161169290542602539e-01 -4.588620364665985107e-02
7.652294635772705078e-02 -1.861222833395004272e-01
-1.588239893317222595e-02 1.148150488734245300e-01
-1.683058887720108032e-01 5.823950469493865967e-02
-1.355124730616807938e-02 1.431352794170379639e-01
-1.563474833965301514e-01 1.851717978715896606e-01
3.906866908073425293e-02 -3.960616141557693481e-02
-1.319707483053207397e-01 2.964014653116464615e-03
-4.495819211006164551e-01 4.950514137744903564e-01
-4.925782978534698486e-01 2.506057322025299072e-01
-7.592138648033142090e-02 -1.420554965734481812e-01
2.154331654310226440e-01 -2.024440765380859375e-01
-1.228756532073020935e-01 2.225272059440612793e-01
-7.702682167291641235e-02 8.959720283746719360e-02
-2.399463653564453125e-01 1.598931998014450073e-01
9.983908385038375854e-02 1.177460234612226486e-02
-3.897813558578491211e-01 4.205374717712402344e-01
-1.828487068414688110e-01 4.674122203141450882e-03
-3.131685256958007812e-01 2.552174031734466553e-01
1.751197129487991333e-01 -3.807115182280540466e-02
4.369925260543823242e-01 -1.340164095163345337e-01
2.234861850738525391e-01 -2.185617238283157349e-01
4.102542623877525330e-02 4.119758307933807373e-02
-1.295872330665588379e-01 4.714524373412132263e-02
-1.681273244321346283e-02 4.602306708693504333e-02
-3.100305795669555664e-01 2.521630227565765381e-01
2.747596204280853271e-01 -3.573529422283172607e-01
1.428397893905639648e-01 -2.083089202642440796e-01
-7.554840296506881714e-02 1.200942471623420715e-01
-3.424907103180885315e-02 -2.988543361425399780e-02
1.627465635538101196e-01 5.328639876097440720e-03
-1.319559961557388306e-01 1.628191024065017700e-01
-1.203922554850578308e-01 1.731402575969696045e-01
8.559512346982955933e-02 -1.852799206972122192e-01
8.159733563661575317e-02 7.895444333553314209e-02
-7.695774734020233154e-02 9.940326213836669922e-02
-2.442620843648910522e-01 2.958329617977142334e-01
4.263448715209960938e-01 -2.299816310405731201e-01
-3.016852736473083496e-01 3.025640547275543213e-01
6.544071435928344727e-02 -1.418721675872802734e-01
-1.592342406511306763e-01 2.121267616748809814e-01
-3.963514417409896851e-02 -4.240520298480987549e-02
-1.533873565495014191e-02 -8.019056171178817749e-03
7.696739584207534790e-02 -1.834492236375808716e-01
-1.889273822307586670e-01 1.895844191312789917e-01
1.878120750188827515e-01 -1.367117762565612793e-01
3.161562979221343994e-01 -4.916276633739471436e-01
1.159264370799064636e-01 1.636775732040405273e-01
1.125402078032493591e-01 -1.001868546009063721e-01
-1.722485274076461792e-01 1.797322481870651245e-01
-2.696062028408050537e-01 2.335115820169448853e-01
2.111625857651233673e-02 -8.749105036258697510e-02
-1.788650453090667725e-02 -2.032124698162078857e-01
1.591295450925827026e-01 -2.018754184246063232e-01
-6.578154861927032471e-02 -2.279074937105178833e-01
2.005694210529327393e-01 -3.717474937438964844e-01
1.140073537826538086e-01 -6.947530061006546021e-02
1.129466574639081955e-02 -2.812987565994262695e-01
-1.112157553434371948e-01 1.436793953180313110e-01
-1.081555604934692383e+00 1.060326695442199707e+00
-8.708918690681457520e-01 9.351334571838378906e-01
-7.915560007095336914e-01 7.833508849143981934e-01
1.961797475814819336e-03 3.010031767189502716e-02
-6.020193099975585938e-01 3.912174999713897705e-01
1.071620106697082520e+00 -1.187302470207214355e+00
-1.641121506690979004e-01 2.565566003322601318e-01
-1.732385009527206421e-01 3.612507879734039307e-01
-1.459734290838241577e-01 2.024494856595993042e-01
-5.960502475500106812e-02 1.314242184162139893e-01
7.447744160890579224e-02 -2.669758498668670654e-01
4.408531785011291504e-01 -3.792250752449035645e-01
-2.719372212886810303e-01 3.226322829723358154e-01
-3.296763300895690918e-01 5.769217610359191895e-01
2.895646095275878906e-01 -4.677833914756774902e-01
-7.471854686737060547e-01 7.494854927062988281e-01
4.218222498893737793e-01 -1.824623346328735352e-01
1.677096933126449585e-01 3.650964051485061646e-02
-2.564501762390136719e-01 3.210022449493408203e-01
-1.113778948783874512e+00 8.913434147834777832e-01
-4.392571747303009033e-02 2.991694584488868713e-02
-1.556666940450668335e-01 -7.577830925583839417e-03
4.436264932155609131e-01 -3.294788897037506104e-01
-1.372168064117431641e-01 -7.575000822544097900e-02
-4.105646908283233643e-01 3.996641039848327637e-01
-8.969049900770187378e-02 1.766785383224487305e-01
4.970799982547760010e-01 -4.937790036201477051e-01
3.630688786506652832e-02 9.648501127958297729e-02
-5.652760863304138184e-01 3.948952257633209229e-01
3.367312848567962646e-01 -2.638440430164337158e-01
-1.800632029771804810e-01 3.555747270584106445e-01
-1.798250228166580200e-01 1.482151299715042114e-01
-3.891949951648712158e-01 4.713558852672576904e-01
5.063143372535705566e-01 -3.332915604114532471e-01
1.618920415639877319e-01 -2.069142758846282959e-01
-1.603654474020004272e-01 6.124841421842575073e-02
2.272453457117080688e-01 -4.961073100566864014e-01
-2.179395258426666260e-01 2.592900991439819336e-01
-5.621888488531112671e-02 9.383842349052429199e-02
2.493900060653686523e-01 -3.424068391323089600e-01
-2.575838565826416016e-02 4.686630889773368835e-02
-2.430383265018463135e-01 2.209987640380859375e-01
5.298842191696166992e-01 -5.133885145187377930e-01
-9.806092083454132080e-02 -1.459544338285923004e-02
-5.027600750327110291e-02 1.801192909479141235e-01
-4.859578907489776611e-01 2.575925886631011963e-01
-2.097386270761489868e-01 4.102672636508941650e-01
-7.602271437644958496e-02 1.063134372234344482e-01
6.265339255332946777e-01 -5.372644066810607910e-01
-5.579628944396972656e-01 4.774033129215240479e-01
6.189531087875366211e-01 -5.808756351470947266e-01
7.057933807373046875e-01 -6.381240487098693848e-01
-2.604081928730010986e-01 3.200696706771850586e-01
4.645144045352935791e-01 -6.547124981880187988e-01
-5.841650962829589844e-01 5.766916275024414062e-01
6.257225871086120605e-01 -5.373947024345397949e-01
6.509415805339813232e-02 -2.173195630311965942e-01
4.447148144245147705e-01 -4.872785508632659912e-01
1.819128692150115967e-01 -2.207724899053573608e-01
5.476683378219604492e-01 -2.918056249618530273e-01
-5.734362453222274780e-02 2.044578343629837036e-01
1.010015010833740234e-01 -2.449049353599548340e-01
9.498509019613265991e-02 -8.013105951249599457e-03
9.949237108230590820e-02 7.055702805519104004e-02
-1.783828735351562500e-01 2.191421985626220703e-01
5.763222277164459229e-02 -2.274516969919204712e-01
4.027507305145263672e-01 -2.954946458339691162e-01
4.731685854494571686e-03 -5.243285745382308960e-02
-4.171664416790008545e-01 2.323015630245208740e-01
7.138168811798095703e-02 -9.532562643289566040e-02
2.621818184852600098e-01 -4.199205935001373291e-01
2.226676791906356812e-01 -1.986956000328063965e-01
-7.883948087692260742e-02 1.062991172075271606e-01
-3.177381455898284912e-01 4.101812541484832764e-01
-3.247193396091461182e-01 5.385522842407226562e-01
2.943749427795410156e-01 -2.457581013441085815e-01
-3.882240056991577148e-01 3.286131322383880615e-01
3.128860294818878174e-01 -1.872095614671707153e-01
3.317551016807556152e-01 -1.487516611814498901e-01
5.362727046012878418e-01 -5.168978571891784668e-01
3.206206560134887695e-01 -3.530958592891693115e-01
8.155786991119384766e-02 7.396634202450513840e-03
-1.602348685264587402e-01 2.156388312578201294e-01
-4.602476656436920166e-01 5.599112510681152344e-01
4.025036096572875977e-01 -2.745510935783386230e-01
-5.802801623940467834e-02 -1.707546785473823547e-02
-3.005246222019195557e-01 1.955518126487731934e-01
3.785678148269653320e-01 -2.367910146713256836e-01
-1.936804652214050293e-01 8.254338800907135010e-02
-5.223983526229858398e-01 3.660543262958526611e-01
-3.252083063125610352e-01 2.577417194843292236e-01
7.249806523323059082e-01 -5.637334585189819336e-01
-2.828225791454315186e-01 2.945912182331085205e-01
-2.238159179687500000e-01 2.718581259250640869e-01
-1.765175312757492065e-01 1.406351178884506226e-01
-1.360036432743072510e-01 2.659214287996292114e-02
6.620309948921203613e-01 -5.084345936775207520e-01
-7.462977170944213867e-01 7.334064245223999023e-01
-1.744722127914428711e-01 1.642102152109146118e-01
-3.642785176634788513e-02 -9.992294758558273315e-02
-3.378739356994628906e-01 2.856715917587280273e-01
-6.491807699203491211e-01 4.317120313644409180e-01
3.103757202625274658e-01 -1.016857698559761047e-01
-9.088382124900817871e-02 -8.982264250516891479e-02
1.728953868150711060e-01 8.982495218515396118e-02
2.498312890529632568e-01 -1.234679371118545532e-01
6.900922656059265137e-01 -7.420717477798461914e-01
-8.632067590951919556e-02 9.848114848136901855e-02
5.811790227890014648e-01 -6.359874606132507324e-01
-1.140901595354080200e-01 -1.399493664503097534e-01
2.342098206281661987e-02 6.286370754241943359e-02
-2.367307245731353760e-01 2.101731598377227783e-01
6.357468664646148682e-02 8.065648376941680908e-03
-4.408618211746215820e-01 2.541597485542297363e-01
-3.529772460460662842e-01 4.705847501754760742e-01
-2.978655137121677399e-02 2.719824910163879395e-01
-4.476494789123535156e-01 4.002372324466705322e-01
-3.608605638146400452e-02 9.282927960157394409e-02
1.854866594076156616e-01 -1.087993532419204712e-01
4.866095483303070068e-01 -6.794508695602416992e-01
-8.384874463081359863e-02 -9.161552786827087402e-02
3.633026182651519775e-01 -3.514843881130218506e-01
-1.443618685007095337e-01 2.008838802576065063e-01
1.773338168859481812e-01 -2.237858474254608154e-01
-4.864880740642547607e-01 3.037988841533660889e-01
2.258747816085815430e-01 -2.466195076704025269e-01
-6.336852908134460449e-02 2.292279601097106934e-01
-1.199593544006347656e-01 -1.578580774366855621e-02
2.565645873546600342e-01 -2.427049875259399414e-01
-4.285122826695442200e-02 -3.704034164547920227e-02
-2.305609174072742462e-03 1.242892742156982422e-01
-9.451696276664733887e-02 -2.700124122202396393e-02
3.074995428323745728e-02 1.476905047893524170e-01
2.405069470405578613e-01 -1.815710961818695068e-01
1.624928116798400879e-01 -2.035889178514480591e-01
-5.398724973201751709e-02 1.481111645698547363e-01
3.878255933523178101e-02 -1.299673020839691162e-01
-7.996985316276550293e-02 1.599644273519515991e-01
3.041277527809143066e-01 -3.030513823032379150e-01
3.057205379009246826e-01 -2.951052784919738770e-01
-1.963772773742675781e-01 2.145459949970245361e-01
1.144046857953071594e-01 -2.780407071113586426e-01
2.962271124124526978e-02 8.455479890108108521e-02
-8.343768119812011719e-02 1.712485961616039276e-02
-2.738445997238159180e-01 -1.831045560538768768e-02
7.365365326404571533e-02 8.212406933307647705e-02
-9.628885984420776367e-02 2.899204380810260773e-02
-4.439178109169006348e-01 3.658545017242431641e-01
2.363810092210769653e-01 -1.843573451042175293e-01
-2.360192835330963135e-01 1.189016178250312805e-02
-4.183463007211685181e-02 -2.152488380670547485e-01
-1.658272892236709595e-01 1.366688311100006104e-01
8.324412256479263306e-02 -4.065904766321182251e-02
4.686980508267879486e-03 6.148315221071243286e-02
-4.967773333191871643e-02 1.118857339024543762e-01
-6.229776144027709961e-02 6.106564402580261230e-02
-2.632463276386260986e-01 1.999981105327606201e-01
-1.485025137662887573e-01 6.179356575012207031e-02
-2.397353649139404297e-01 1.874465942382812500e-01
4.938170313835144043e-02 5.715849250555038452e-02
9.361950308084487915e-02 3.298779949545860291e-02
-1.599946022033691406e-01 2.869985401630401611e-01
5.521621182560920715e-02 4.252209514379501343e-02
-3.645035922527313232e-01 2.767246961593627930e-01
-1.668826639652252197e-01 -2.848709374666213989e-02
-1.855372637510299683e-01 1.966215670108795166e-01
-1.301791220903396606e-01 2.020381242036819458e-01
3.039982169866561890e-02 -3.485878463834524155e-03
-1.699999868869781494e-01 1.750042438507080078e-01
2.686678767204284668e-01 -2.380817681550979614e-01
6.623109430074691772e-02 -1.349604129791259766e-02
-4.250230640172958374e-02 1.912135183811187744e-01
3.483369946479797363e-02 5.419472604990005493e-02
-1.316536366939544678e-01 -6.305511295795440674e-02
-7.338188588619232178e-02 -1.340241432189941406e-01
-2.450536042451858521e-01 1.854140609502792358e-01
-2.366627454757690430e-01 1.229810640215873718e-01
-1.675299406051635742e-01 2.762760408222675323e-02
2.789165079593658447e-02 -1.304499655961990356e-01
-4.415949881076812744e-01 3.592970073223114014e-01
-9.428982436656951904e-02 -8.313400298357009888e-02
2.751891016960144043e-01 -6.519246846437454224e-02
1.865416169166564941e-01 -2.141150087118148804e-01
1.549095362424850464e-01 1.320289522409439087e-01
2.344179153442382812e-01 -2.344222366809844971e-01
1.527031362056732178e-01 -2.061216384172439575e-01
-1.498922258615493774e-01 1.703206300735473633e-01
1.165694594383239746e-01 -1.227975115180015564e-01
-2.416705340147018433e-01 1.594603657722473145e-01
-1.351318210363388062e-01 1.782075911760330200e-01
-1.982389762997627258e-02 -1.904454529285430908e-01
