-3.234537839889526367e-01 3.102628588676452637e-01
3.467866182327270508e-01 -1.413713693618774414e-01
-5.015242844820022583e-02 4.871929809451103210e-02
-1.180178150534629822e-01 -3.714913269504904747e-03
-1.068949624896049500e-01 2.772716581821441650e-01
2.889578342437744141e-01 -2.628158926963806152e-01
1.758122295141220093e-01 -3.019608855247497559e-01
1.047398820519447327e-01 -7.734013348817825317e-02
1.404917687177658081e-01 -1.784683912992477417e-01
-1.217524856328964233e-01 8.672907948493957520e-02
4.923227801918983459e-02 -6.766691058874130249e-02
-4.152451157569885254e-01 3.720804750919342041e-01
-1.759471744298934937e-01 4.961732402443885803e-02
-7.004981487989425659e-02 2.819547057151794434e-01
4.393580555915832520e-01 -3.506976366043090820e-01
-1.976187340915203094e-03 1.091772392392158508e-01
1.074509043246507645e-02 1.286144852638244629e-01
3.205422163009643555e-01 -2.530415654182434082e-01
-5.499947667121887207e-01 5.624431371688842773e-01
2.220020890235900879e-01 -3.748458325862884521e-01
-1.722590625286102295e-01 8.120612241327762604e-03
2.286063432693481445e-01 2.163148485124111176e-02
-1.785645335912704468e-01 5.611043423414230347e-02
6.534370034933090210e-02 -7.050041854381561279e-02
1.735183000564575195e-01 -6.243674084544181824e-02
-2.544778585433959961e-01 1.552449762821197510e-01
-6.116204708814620972e-02 -4.122711345553398132e-02
-1.788168027997016907e-02 2.367842011153697968e-02
-2.064412087202072144e-01 3.184978365898132324e-01
-8.671759068965911865e-02 4.228984192013740540e-02
3.017636537551879883e-01 -3.920236602425575256e-02
3.198663890361785889e-01 -4.599199593067169189e-01
-2.354946583509445190e-01 1.646218150854110718e-01
4.437175989151000977e-01 -3.591071367263793945e-01
-5.793644115328788757e-03 3.291308134794235229e-02
-5.549428611993789673e-02 -1.852372884750366211e-01
-1.803640872240066528e-01 1.896216422319412231e-01
3.299744799733161926e-02 5.190496891736984253e-02
1.017129868268966675e-01 5.850931484019383788e-05
-1.964153051376342773e-01 2.924464344978332520e-01
1.522602885961532593e-01 -1.755597740411758423e-01
-2.635627090930938721e-01 3.205371201038360596e-01
1.410800963640213013e-01 -1.464075595140457153e-01
1.124510839581489563e-01 -1.673489958047866821e-01
2.668425440788269043e-01 -1.180794835090637207e-01
2.672567963600158691e-02 1.003351286053657532e-01
1.764547079801559448e-01 -8.739722520112991333e-02
2.113093584775924683e-01 -2.419762462377548218e-01
-1.977713108062744141e-01 3.935762122273445129e-02
6.585548073053359985e-02 -2.519497275352478027e-01
2.492672391235828400e-02 9.593085385859012604e-03
2.609809041023254395e-01 -1.797962933778762817e-01
-6.059046462178230286e-02 1.726560592651367188e-01
1.476684212684631348e-02 1.550145000219345093e-01
2.535533308982849121e-01 -1.540817916393280029e-01
-3.183603882789611816e-01 1.952365338802337646e-01
-8.895076066255569458e-02 3.132618218660354614e-02
-2.882531657814979553e-02 2.831432595849037170e-02
-2.726861536502838135e-01 1.878487616777420044e-01
-4.196448624134063721e-02 1.161499619483947754e-01
-2.539882659912109375e-01 7.143867015838623047e-02
3.182025253772735596e-01 -2.386519461870193481e-01
-9.551573544740676880e-02 2.108908593654632568e-01
-6.262896209955215454e-02 1.761378347873687744e-01
-4.067831635475158691e-01 4.833882749080657959e-01
-6.156322956085205078e-01 7.291607260704040527e-01
1.441466063261032104e-01 -3.068411722779273987e-02
2.470227777957916260e-01 -2.814416289329528809e-01
-1.018307805061340332e+00 1.008725285530090332e+00
2.079224139451980591e-01 -2.035776153206825256e-02
3.397328257560729980e-01 -2.055020332336425781e-01
-3.447107076644897461e-01 2.180023044347763062e-01
1.563972979784011841e-01 -1.203352361917495728e-01
3.163477778434753418e-01 -2.377138137817382812e-01
-2.646542489528656006e-01 6.730578839778900146e-02
-1.328802466392517090e+00 1.474298596382141113e+00
1.960899233818054199e-01 -1.268306970596313477e-01
-4.746200144290924072e-01 7.978798747062683105e-01
1.015711188316345215e+00 -1.163661360740661621e+00
-5.441132783889770508e-01 5.211516022682189941e-01
-3.608530759811401367e-01 9.259864687919616699e-02
-1.967092752456665039e-01 1.806708127260208130e-01
-1.078415989875793457e+00 9.740726351737976074e-01
4.311699867248535156e-01 -2.895925641059875488e-01
6.014332175254821777e-03 -1.280433386564254761e-01
9.878394752740859985e-02 -3.513837233185768127e-02
3.475359380245208740e-01 -3.263835906982421875e-01
1.606595218181610107e-01 -1.219997648149728775e-02
4.350731670856475830e-01 -1.920074671506881714e-01
4.776068627834320068e-01 -4.025603234767913818e-01
2.661062777042388916e-02 9.744973480701446533e-02
2.000809013843536377e-01 -1.391650438308715820e-01
-2.307379394769668579e-01 2.609354257583618164e-01
-1.887424737215042114e-01 5.753758177161216736e-02
9.629695415496826172e-01 -1.004228591918945312e+00
6.795793026685714722e-02 3.198319673538208008e-02
-9.422549605369567871e-01 9.596372842788696289e-01
3.532206118106842041e-01 -4.488308727741241455e-01
-1.294901315122842789e-02 -3.813192620873451233e-02
6.925936937332153320e-01 -6.161831021308898926e-01
-1.165271252393722534e-01 1.570534855127334595e-01
5.040352344512939453e-01 -4.905720055103302002e-01
2.830567955970764160e-01 -2.741236388683319092e-01
-1.031593084335327148e+00 1.069157958030700684e+00
-1.636836230754852295e-01 5.933189764618873596e-02
3.242449462413787842e-02 -5.251003429293632507e-02
-1.766588538885116577e-01 2.799780666828155518e-02
-3.829410672187805176e-01 1.342125236988067627e-01
2.482829838991165161e-01 -1.623614728450775146e-01
3.651598095893859863e-01 -2.372651696205139160e-01
6.567605137825012207e-01 -6.819222569465637207e-01
3.875489830970764160e-01 -4.072456955909729004e-01
-2.317624539136886597e-01 1.658179908990859985e-01
2.131990790367126465e-01 -1.271334737539291382e-01
3.422592878341674805e-01 -3.860502541065216064e-01
6.297675371170043945e-01 -5.656882524490356445e-01
-2.184423655271530151e-01 2.470736056566238403e-01
6.590694785118103027e-01 -6.703067421913146973e-01
2.195811122655868530e-01 -2.295470833778381348e-01
-3.968258202075958252e-01 3.123606145381927490e-01
-5.214809905737638474e-03 -1.233629807829856873e-01
5.475206971168518066e-01 -4.085730612277984619e-01
-1.056012868881225586e+00 9.903494715690612793e-01
4.322721064090728760e-02 -1.477092131972312927e-02
-5.185095071792602539e-01 4.119478762149810791e-01
-2.162991613149642944e-01 3.238205015659332275e-01
-3.339771926403045654e-01 3.572344183921813965e-01
-1.683647632598876953e-01 2.505869269371032715e-01
-2.189056202769279480e-02 1.444094777107238770e-01
-4.137182831764221191e-01 1.445140242576599121e-01
1.184676811099052429e-01 -2.338144779205322266e-01
7.498117536306381226e-02 -1.748342514038085938e-01
-1.195908486843109131e-01 3.589711710810661316e-02
5.732214078307151794e-03 8.546362072229385376e-02
2.056330889463424683e-01 -5.288709886372089386e-03
2.997619211673736572e-01 -4.486040771007537842e-01
5.165524408221244812e-02 -1.226413715630769730e-02
-2.316654920578002930e-01 1.044816598296165466e-01
-3.610784709453582764e-01 3.280818164348602295e-01
-2.263442724943161011e-01 4.073272645473480225e-01
3.888937085866928101e-02 4.550523310899734497e-02
-1.999488621950149536e-01 1.668368130922317505e-01
2.792643010616302490e-01 -3.279892802238464355e-01
-1.762083023786544800e-01 1.908082962036132812e-01
6.804689019918441772e-02 -9.159198403358459473e-02
1.863628029823303223e-01 -2.154294103384017944e-01
-1.415430158376693726e-01 1.732294857501983643e-01
2.655446231365203857e-01 -1.561653763055801392e-01
6.888986378908157349e-02 -1.370026618242263794e-01
-4.072178304195404053e-01 4.000449478626251221e-01
-2.116931378841400146e-01 2.588355839252471924e-01
4.447000026702880859e-01 -2.936952710151672363e-01
-8.604002743959426880e-02 6.135790795087814331e-02
-6.543125212192535400e-02 1.003552377223968506e-01
-1.827858090400695801e-01 3.198443651199340820e-01
2.469475567340850830e-01 3.087208606302738190e-03
-2.688269913196563721e-01 3.659374117851257324e-01
4.920765459537506104e-01 -4.524246156215667725e-01
9.794538468122482300e-02 -4.426331818103790283e-02
-2.357403635978698730e-01 3.372361361980438232e-01
-3.132321536540985107e-01 4.122171103954315186e-01
-6.035627424716949463e-02 2.763888612389564514e-02
5.143118500709533691e-01 -2.873680293560028076e-01
-1.009405404329299927e-01 2.409237176179885864e-01
-3.514691889286041260e-01 4.231543540954589844e-01
3.927528560161590576e-01 -2.777108550071716309e-01
5.960589274764060974e-02 -1.481897979974746704e-01
-2.031387090682983398e-01 7.311968132853507996e-03
3.658344224095344543e-02 8.318129181861877441e-02
1.284424066543579102e-01 -2.337463945150375366e-01
3.413800597190856934e-01 -2.177343517541885376e-01
-2.186654657125473022e-01 3.166575431823730469e-01
-3.749772906303405762e-02 4.780627414584159851e-02
3.373740315437316895e-01 -1.382799744606018066e-01
-1.641890257596969604e-01 9.502616524696350098e-02
-1.543581932783126831e-01 7.754985988140106201e-02
-5.838903188705444336e-01 5.870774984359741211e-01
2.268932387232780457e-02 -1.700973361730575562e-01
9.712202101945877075e-02 -1.448264718055725098e-01
6.492958068847656250e-01 -5.760217308998107910e-01
5.418809596449136734e-03 -1.013444289565086365e-01
1.946184225380420685e-02 -2.068081647157669067e-01
4.512108862400054932e-02 -1.249929443001747131e-01
1.437361389398574829e-01 -3.393932878971099854e-01
2.899122834205627441e-01 -4.822004586458206177e-02
1.261360645294189453e-01 -2.514061033725738525e-01
-8.910815417766571045e-02 1.318024396896362305e-01
1.261457949876785278e-01 2.494814805686473846e-02
1.219806373119354248e-01 -8.485835045576095581e-02
-1.066151484847068787e-01 2.160584032535552979e-01
-1.501781195402145386e-01 3.144134283065795898e-01
-2.768577635288238525e-01 3.572950065135955811e-01
3.844275325536727905e-02 -6.504525989294052124e-02
-7.956992089748382568e-02 7.407109439373016357e-02
1.162923574447631836e-01 -2.750006020069122314e-01
-9.879413247108459473e-02 -1.069282665848731995e-01
-4.553952813148498535e-02 -4.178752005100250244e-02
-5.428100004792213440e-02 -8.705353736877441406e-02
1.617698371410369873e-01 -4.055125266313552856e-02
2.692389190196990967e-01 -3.937174379825592041e-01
2.103946357965469360e-02 1.517883092164993286e-01
3.121500834822654724e-02 1.620783805847167969e-01
-1.634792238473892212e-01 -3.800217807292938232e-02
3.147168830037117004e-02 1.227401345968246460e-01
6.131057441234588623e-02 4.847485944628715515e-02
-1.479588150978088379e-01 8.286074548959732056e-02
2.358715236186981201e-01 1.849303767085075378e-02
-1.769798249006271362e-01 1.655485779047012329e-01
-2.677729912102222443e-02 3.361095860600471497e-02
2.572861611843109131e-01 -4.273829460144042969e-01
-3.924629837274551392e-02 5.871246010065078735e-02
3.247985988855361938e-02 -8.265268802642822266e-02
4.021627455949783325e-02 1.180177628993988037e-01
-1.802457422018051147e-01 2.340778857469558716e-01
-1.582800149917602539e-01 1.771308779716491699e-01
-1.661754250526428223e-01 2.640039660036563873e-02
-9.923350065946578979e-02 1.884648650884628296e-01
-1.598104685544967651e-01 -4.575208202004432678e-02
-2.515413761138916016e-01 2.396506667137145996e-01
2.580160796642303467e-01 -1.755449026823043823e-01
-1.128194183111190796e-01 -1.802723295986652374e-02
-3.830901905894279480e-02 -1.198972165584564209e-01
-4.059994965791702271e-02 -8.347101509571075439e-02
-5.644324794411659241e-02 4.721758514642715454e-02
-3.975517451763153076e-01 1.761212795972824097e-01
2.017397731542587280e-01 -7.251198589801788330e-02
4.244324862957000732e-01 -3.183824717998504639e-01
8.169183135032653809e-02 -1.160065084695816040e-01
-2.068453729152679443e-01 1.455220580101013184e-01
-8.136461675167083740e-02 3.148435801267623901e-02
-1.080956608057022095e-01 -1.115470677614212036e-01
4.149712249636650085e-02 4.179598391056060791e-02
-1.046908870339393616e-01 4.081787541508674622e-02
1.638895571231842041e-01 -6.155140325427055359e-02
4.123913943767547607e-01 -2.243574708700180054e-01
1.416656374931335449e-01 1.321868877857923508e-02
1.324065122753381729e-02 1.023185104131698608e-01
6.092277914285659790e-02 -2.938147261738777161e-02
2.281274832785129547e-02 -5.287253484129905701e-02
-3.089644759893417358e-02 2.875475585460662842e-01
-1.115881055593490601e-01 1.221712380647659302e-01
1.763601899147033691e-01 1.015781089663505554e-01
1.570101529359817505e-01 -3.924949765205383301e-01
2.245173454284667969e-01 -8.467700332403182983e-02
-1.709309071302413940e-01 -2.391236089169979095e-02
5.256830528378486633e-02 3.760779649019241333e-02
7.485249638557434082e-02 -2.446204274892807007e-01
4.505913332104682922e-02 -1.072080060839653015e-01
1.252149939537048340e-01 -9.175267815589904785e-02
1.102976687252521515e-02 1.775953620672225952e-01
5.204999074339866638e-02 -2.542196586728096008e-02
1.393009326420724392e-03 -1.034872047603130341e-02
-6.201392784714698792e-02 -1.587430760264396667e-02
-1.929969340562820435e-01 -3.503674641251564026e-02
-9.868735074996948242e-02 5.274346098303794861e-02
-4.956821352243423462e-02 -4.350202903151512146e-02
