-1.704092323780059814e-01 -1.717319339513778687e-01
2.152479588985443115e-01 -1.651650071144104004e-01
2.256761491298675537e-02 -1.299078613519668579e-01
5.953663960099220276e-02 -1.226086840033531189e-01
-5.421387776732444763e-02 1.572277545928955078e-01
3.850680589675903320e-02 -1.038219258189201355e-01
-3.037733584642410278e-02 9.331146627664566040e-02
-1.810201704502105713e-01 1.285188049077987671e-01
-4.062735140323638916e-01 1.650250256061553955e-01
2.288230061531066895e-01 -3.763775825500488281e-01
-1.252193003892898560e-01 2.923918664455413818e-01
2.544691562652587891e-01 -2.029105573892593384e-01
7.773527503013610840e-02 -1.135941669344902039e-01
-1.794184893369674683e-01 4.221458733081817627e-02
2.583832144737243652e-01 -2.654572725296020508e-01
1.998982392251491547e-02 -1.262179613113403320e-01
5.093196034431457520e-02 -1.160941123962402344e-01
8.542383089661598206e-03 1.609764993190765381e-01
-2.847592830657958984e-01 2.150051593780517578e-01
-8.085388690233230591e-02 1.620491147041320801e-01
-4.928933829069137573e-02 -1.172312647104263306e-01
-7.286266237497329712e-02 2.572733759880065918e-01
-1.051443889737129211e-01 4.039325937628746033e-02
-3.127277195453643799e-01 3.729238510131835938e-01
-6.904776394367218018e-02 -4.674886912107467651e-02
-1.350420713424682617e-01 1.627657115459442139e-01
6.023183837532997131e-02 -1.298500597476959229e-01
1.027598977088928223e-01 1.859444677829742432e-01
2.556946687400341034e-02 -2.163114771246910095e-02
2.136443704366683960e-01 -1.532400846481323242e-01
-3.654096126556396484e-01 3.466911315917968750e-01
-4.938076138496398926e-01 5.536146759986877441e-01
-7.495735585689544678e-02 1.499107033014297485e-01
1.779442578554153442e-01 -1.085595637559890747e-01
-7.300629466772079468e-02 1.121210306882858276e-01
-2.351610213518142700e-01 9.271256625652313232e-02
-2.441991120576858521e-01 2.811070680618286133e-01
3.990579396486282349e-02 -1.042560189962387085e-01
1.288243979215621948e-01 -4.310429096221923828e-02
1.379256695508956909e-01 4.084381833672523499e-02
5.759476125240325928e-02 -2.548467181622982025e-02
-3.807980716228485107e-01 2.747779488563537598e-01
5.177243351936340332e-01 -4.776862263679504395e-01
1.348152309656143188e-01 -6.592403352260589600e-02
2.117612659931182861e-01 3.524585068225860596e-02
1.086015403270721436e-01 -7.212353497743606567e-02
2.144785374402999878e-01 -1.993001848459243774e-01
-7.799353450536727905e-02 3.420878900215029716e-03
-1.100273504853248596e-01 1.207734346389770508e-01
2.754253745079040527e-01 -1.387482285499572754e-01
1.109132468700408936e-01 -5.644680559635162354e-02
3.703701496124267578e-02 -1.828256249427795410e-01
7.846677303314208984e-02 -7.525701820850372314e-02
2.590113691985607147e-02 6.142320111393928528e-02
-9.619739651679992676e-02 2.026809304952621460e-01
1.760090142488479614e-02 -1.509947478771209717e-01
9.880477935075759888e-02 -2.588524222373962402e-01
-6.535618007183074951e-02 9.467262029647827148e-02
6.367914378643035889e-02 -1.527065336704254150e-01
2.173565179109573364e-01 -4.557951539754867554e-02
-1.183691173791885376e-01 -2.956836484372615814e-02
-8.646338433027267456e-02 4.441358521580696106e-02
1.097596734762191772e-01 3.924391232430934906e-03
9.649642556905746460e-02 -1.396818608045578003e-01
1.176969051361083984e+00 -1.038795828819274902e+00
4.742955565452575684e-01 -5.503560900688171387e-01
-3.444368541240692139e-01 4.189064800739288330e-01
-2.488875389099121094e-02 1.684680879116058350e-01
-3.826434612274169922e-01 4.968728721141815186e-01
1.618069112300872803e-01 -2.541735172271728516e-01
-5.991542935371398926e-01 5.465871691703796387e-01
3.406861424446105957e-02 -2.836997210979461670e-01
-2.095692008733749390e-01 1.747768223285675049e-01
4.656890332698822021e-01 -5.995041728019714355e-01
2.221594005823135376e-01 -3.044040203094482422e-01
8.495518565177917480e-01 -6.745240688323974609e-01
-3.061518818140029907e-02 -5.292341485619544983e-02
-7.508479356765747070e-01 6.148106455802917480e-01
7.437040805816650391e-01 -6.869565248489379883e-01
4.143393933773040771e-01 -2.876766324043273926e-01
9.912263154983520508e-01 -8.209586739540100098e-01
7.197450995445251465e-01 -6.057565808296203613e-01
-2.435820549726486206e-01 1.226093545556068420e-01
-6.449632048606872559e-01 5.226927995681762695e-01
6.283484101295471191e-01 -4.720803499221801758e-01
8.866605907678604126e-02 -1.508079320192337036e-01
-4.484824538230895996e-01 2.476867139339447021e-01
2.659421265125274658e-01 -3.713853061199188232e-01
-2.333110198378562927e-02 9.705951064825057983e-02
-1.353948265314102173e-01 4.713901504874229431e-02
9.641362726688385010e-02 1.089591458439826965e-01
-7.904248684644699097e-02 2.211821377277374268e-01
-5.425717681646347046e-02 6.189068406820297241e-02
7.925204038619995117e-01 -8.259289860725402832e-01
-3.970236480236053467e-01 3.468180894851684570e-01
-4.053775072097778320e-01 2.399424314498901367e-01
-3.661452829837799072e-01 4.089899361133575439e-01
6.494423747062683105e-01 -7.359626293182373047e-01
-5.595521330833435059e-01 7.092127203941345215e-01
-4.994357004761695862e-02 -5.746462568640708923e-02
8.995961397886276245e-02 -3.596900030970573425e-02
1.726105362176895142e-01 -1.203431710600852966e-01
-4.136537313461303711e-01 4.760720729827880859e-01
3.992818892002105713e-01 -5.114759802818298340e-01
-2.142704576253890991e-01 5.332515239715576172e-01
-4.478600919246673584e-01 6.342176795005798340e-01
9.457886219024658203e-01 -8.970327973365783691e-01
-9.494931697845458984e-01 9.973803758621215820e-01
-9.601368755102157593e-02 -6.095114350318908691e-02
1.529820263385772705e-01 -1.928304731845855713e-01
1.533738151192665100e-02 -9.524336457252502441e-02
1.053863167762756348e+00 -9.530421495437622070e-01
-5.704728960990905762e-01 4.696806669235229492e-01
-9.505555778741836548e-02 4.064394533634185791e-02
3.950468599796295166e-01 -3.181148767471313477e-01
4.360801577568054199e-01 -5.474175810813903809e-01
-3.354084193706512451e-01 3.835509717464447021e-01
8.013509213924407959e-02 7.218649983406066895e-02
-2.188160121440887451e-01 1.522579342126846313e-01
-2.360554933547973633e-01 2.694472968578338623e-01
-1.941400170326232910e-01 2.490514963865280151e-01
3.247424066066741943e-01 -3.280267119407653809e-01
-5.597241222858428955e-02 7.135191559791564941e-02
7.555008679628372192e-02 -2.213214933872222900e-01
-2.402718514204025269e-01 2.087274193763732910e-01
-1.208964660763740540e-01 -2.261389605700969696e-02
7.072989344596862793e-01 -8.636794090270996094e-01
5.851520299911499023e-01 -5.106600522994995117e-01
4.092079102993011475e-01 -3.957034945487976074e-01
1.165132522583007812e+00 -9.634686112403869629e-01
-7.459079027175903320e-01 7.145313620567321777e-01
-2.906685769557952881e-01 1.654329448938369751e-01
-4.658260941505432129e-01 2.790701687335968018e-01
5.181535482406616211e-01 -5.868594050407409668e-01
-4.864872395992279053e-01 3.981268703937530518e-01
-1.019722700119018555e+00 9.868716597557067871e-01
-2.296165823936462402e-01 4.005662202835083008e-01
3.300461769104003906e-01 -5.028413534164428711e-01
-1.517948031425476074e+00 1.466221332550048828e+00
6.089239120483398438e-01 -6.453841328620910645e-01
5.369753241539001465e-01 -4.386073946952819824e-01
2.502312958240509033e-01 -1.755664683878421783e-02
3.193410858511924744e-02 2.068669199943542480e-01
4.853706955909729004e-01 -3.015796840190887451e-01
6.608447432518005371e-01 -6.275776028633117676e-01
-6.350314617156982422e-01 6.482898592948913574e-01
3.047865629196166992e-02 1.292922347784042358e-01
-9.360556490719318390e-03 1.106256246566772461e-01
3.003699183464050293e-01 -2.109656333923339844e-01
-5.711060166358947754e-01 5.489369034767150879e-01
-5.116125941276550293e-01 5.888592600822448730e-01
1.159773588180541992e+00 -1.031668066978454590e+00
3.460346162319183350e-02 -8.282133936882019043e-02
-1.131671518087387085e-01 -1.708809137344360352e-01
1.824177503585815430e-01 -3.641030788421630859e-01
1.790404468774795532e-01 -7.097108662128448486e-02
-1.896083354949951172e-01 2.321135848760604858e-01
7.180181741714477539e-01 -6.424170136451721191e-01
2.000724226236343384e-01 -2.714828550815582275e-01
-3.861187994480133057e-01 3.341910243034362793e-01
-1.796963214874267578e-01 1.184662133455276489e-01
-2.724474966526031494e-01 1.982530951499938965e-01
3.585094586014747620e-02 3.677771985530853271e-02
2.265826612710952759e-01 -1.427706480026245117e-01
4.995464980602264404e-01 -2.832459211349487305e-01
8.455724120140075684e-01 -7.286495566368103027e-01
5.597360730171203613e-01 -5.618337392807006836e-01
1.298573166131973267e-01 -1.849533170461654663e-01
7.043113708496093750e-01 -7.236833572387695312e-01
-1.890268772840499878e-01 1.551729291677474976e-01
4.103722274303436279e-01 -2.347985208034515381e-01
-4.681906402111053467e-01 5.846856236457824707e-01
3.568323254585266113e-01 -3.810414373874664307e-01
-9.070266783237457275e-02 1.496313959360122681e-01
1.939930617809295654e-01 -9.716739505529403687e-02
4.251287877559661865e-01 -5.065798163414001465e-01
-4.246857464313507080e-01 4.304423630237579346e-01
-4.701939821243286133e-01 3.294783532619476318e-01
2.058856189250946045e-01 -1.108969449996948242e-01
7.537783384323120117e-01 -7.761561274528503418e-01
-5.338618159294128418e-01 3.478789925575256348e-01
-1.761963367462158203e-01 1.373545229434967041e-01
1.863748580217361450e-01 -1.711145490407943726e-01
-4.589547216892242432e-01 5.196528434753417969e-01
-1.303783357143402100e-01 8.155225217342376709e-02
-4.361020624637603760e-01 3.737879097461700439e-01
3.300355076789855957e-01 -3.188087642192840576e-01
4.057585448026657104e-02 -6.194481253623962402e-02
-8.707665205001831055e-01 9.550366401672363281e-01
5.014017224311828613e-01 -4.897774457931518555e-01
-6.925625801086425781e-01 4.490794241428375244e-01
-3.044497668743133545e-01 5.436415672302246094e-01
7.696150243282318115e-02 1.440718770027160645e-01
6.881379336118698120e-02 -1.734282076358795166e-01
-5.858220160007476807e-02 2.770689129829406738e-01
1.342389881610870361e-01 -8.005651086568832397e-02
-3.339861929416656494e-01 2.902534902095794678e-01
-2.081670165061950684e-01 3.084952831268310547e-01
-1.189819797873497009e-01 7.420274615287780762e-02
-3.146696686744689941e-01 3.008891046047210693e-01
-5.297702923417091370e-02 1.287136375904083252e-01
-1.973789483308792114e-01 -6.527443416416645050e-03
-5.132766962051391602e-01 5.716429948806762695e-01
-3.547530993819236755e-02 1.021671891212463379e-01
1.066388413310050964e-01 -5.962872505187988281e-02
-1.115681976079940796e-01 7.659183442592620850e-02
3.015182614326477051e-01 -1.307704150676727295e-01
-1.786649078130722046e-01 8.075070381164550781e-02
-8.184154331684112549e-02 -1.445411592721939087e-01
-2.800892293453216553e-01 2.324230074882507324e-01
-3.426699712872505188e-02 1.243826076388359070e-01
2.205347418785095215e-01 -4.596262704581022263e-03
1.177768222987651825e-02 -1.282356977462768555e-01
-3.989391028881072998e-01 2.128804922103881836e-01
2.485144138336181641e-01 -8.653710596263408661e-03
2.009132653474807739e-01 -1.747416704893112183e-01
3.092061281204223633e-01 -4.468340575695037842e-01
3.527712076902389526e-02 3.067199327051639557e-02
6.016404554247856140e-02 -1.053091213107109070e-01
2.113180011510848999e-01 -2.341451197862625122e-01
-1.406630966812372208e-02 -9.128066152334213257e-02
1.147672832012176514e-01 -1.537232846021652222e-01
1.963843554258346558e-01 -1.063700988888740540e-01
-2.156561017036437988e-01 4.115206599235534668e-01
-2.378917634487152100e-01 8.102529495954513550e-02
1.773842424154281616e-01 3.580660745501518250e-02
-9.155930019915103912e-03 1.248729694634675980e-02
2.606894373893737793e-01 -2.524775862693786621e-01
-3.924365341663360596e-02 3.420625254511833191e-02
2.304113060235977173e-01 -2.585785388946533203e-01
-1.802942454814910889e-01 9.091226756572723389e-02
-4.031994938850402832e-02 6.885480601340532303e-03
2.545429468154907227e-01 -3.800784349441528320e-01
1.366767436265945435e-01 -1.429958343505859375e-01
1.730449348688125610e-01 -1.921685636043548584e-01
-1.377041637897491455e-01 1.790395528078079224e-01
7.438415661454200745e-03 -1.088163778185844421e-01
2.244816720485687256e-01 -2.721630632877349854e-01
1.651341468095779419e-01 -3.295596241950988770e-01
-1.316996067762374878e-01 1.678288578987121582e-01
-2.141385227441787720e-01 2.453244030475616455e-01
-3.982367739081382751e-02 -5.525002628564834595e-02
1.456821560859680176e-01 -1.602764874696731567e-01
2.353790253400802612e-01 -2.959090173244476318e-01
-3.939572572708129883e-01 3.544384837150573730e-01
-2.928936779499053955e-01 4.617044329643249512e-01
5.945106968283653259e-02 -2.001864314079284668e-01
-7.312758266925811768e-02 1.485780179500579834e-01
-2.529321908950805664e-01 -9.589447639882564545e-03
-3.277253806591033936e-01 8.220790326595306396e-02
2.087557911872863770e-01 -4.063432812690734863e-01
1.569342911243438721e-01 -4.730058833956718445e-02
1.041041463613510132e-01 -1.492966562509536743e-01
2.439470291137695312e-01 -1.503455787897109985e-01
1.788700670003890991e-01 -8.618939667940139771e-02
2.624013721942901611e-01 -1.250856816768646240e-01
