-2.311444282531738281e-01 2.731442153453826904e-01
-4.516894370317459106e-02 8.914404548704624176e-03
3.097244799137115479e-01 -3.398969173431396484e-01
6.732530891895294189e-02 5.434155836701393127e-02
-8.347955346107482910e-02 1.653542071580886841e-01
4.861215129494667053e-02 -2.859426289796829224e-02
-1.140293926000595093e-01 -9.778335690498352051e-02
9.282074123620986938e-02 7.942654937505722046e-02
2.725448906421661377e-01 -3.627882599830627441e-01
-2.549824714660644531e-01 3.005989193916320801e-01
2.833873927593231201e-01 -2.320379465818405151e-01
-7.088846992701292038e-03 1.730148941278457642e-01
-6.836930289864540100e-03 -1.028217077255249023e-01
4.833528771996498108e-02 4.207243770360946655e-02
1.067290734499692917e-02 -8.862911164760589600e-02
-1.044506505131721497e-01 2.947056591510772705e-01
3.239372968673706055e-01 -2.501936554908752441e-01
2.537316381931304932e-01 -2.640503644943237305e-01
2.973286211490631104e-01 -2.042760103940963745e-01
1.420722305774688721e-01 -1.993415653705596924e-01
-3.998461663722991943e-01 2.733675539493560791e-01
-2.274672687053680420e-01 2.762130461633205414e-02
1.981976777315139771e-01 -8.466221392154693604e-02
-3.250487446784973145e-01 2.663036286830902100e-01
-1.916623562574386597e-01 3.563405945897102356e-02
-3.309876844286918640e-02 -1.276768743991851807e-01
-6.139845252037048340e-01 5.464850664138793945e-01
-7.400128990411758423e-02 5.392554681748151779e-03
-9.741438925266265869e-02 6.275442987680435181e-02
-2.619371004402637482e-02 -3.294524177908897400e-02
-1.880479305982589722e-01 4.306232556700706482e-02
-9.368455410003662109e-02 2.543199360370635986e-01
5.494102835655212402e-02 -1.930081099271774292e-01
1.253486871719360352e-01 6.822191178798675537e-02
1.901992708444595337e-01 4.351140186190605164e-02
-3.393321037292480469e-01 3.601917028427124023e-01
4.266609996557235718e-02 -1.606619358062744141e-01
2.050334811210632324e-01 -9.312874078750610352e-02
4.608291387557983398e-02 -1.656569726765155792e-02
9.968147426843643188e-02 -2.382181435823440552e-01
-3.154715597629547119e-01 2.973694503307342529e-01
1.356535777449607849e-02 1.843844540417194366e-02
-1.801098585128784180e-01 5.113996565341949463e-02
-2.737239301204681396e-01 2.110666036605834961e-01
-1.933687925338745117e-02 9.592404961585998535e-02
2.440210282802581787e-01 -7.069511711597442627e-02
-9.658206999301910400e-02 1.276078820228576660e-01
-6.007323390804231167e-04 8.439790457487106323e-02
-2.820757627487182617e-01 3.080943822860717773e-01
2.453482896089553833e-01 -2.145871371030807495e-01
-4.274751618504524231e-02 -4.870641976594924927e-02
-1.355120241641998291e-01 -6.777708232402801514e-02
-1.265274137258529663e-01 1.378944516181945801e-01
-7.789520174264907837e-02 1.235902085900306702e-01
-1.860359124839305878e-02 -6.464574486017227173e-02
-3.288040459156036377e-01 2.647428810596466064e-01
-9.464497864246368408e-02 2.792836427688598633e-01
-7.264540344476699829e-02 4.712456720881164074e-04
-3.762563765048980713e-01 1.719105988740921021e-01
-3.273633075878024101e-03 6.182776391506195068e-02
3.518806397914886475e-01 -3.926829621195793152e-02
2.687403261661529541e-01 -1.616986393928527832e-01
-1.935835033655166626e-01 1.474544852972030640e-01
3.484507799148559570e-01 -3.108617663383483887e-01
-5.902001857757568359e-01 5.297480225563049316e-01
5.008046627044677734e-01 -4.332101345062255859e-01
1.031027317047119141e+00 -8.950073719024658203e-01
-5.217586830258369446e-02 1.364917028695344925e-02
-1.623971909284591675e-01 -2.924994938075542450e-02
-2.714027091860771179e-02 -5.721914023160934448e-02
7.217449545860290527e-01 -7.209686040878295898e-01
-5.879119038581848145e-01 5.254387259483337402e-01
9.284472465515136719e-01 -9.623420834541320801e-01
-4.153949320316314697e-01 4.632728993892669678e-01
5.951877236366271973e-01 -6.500102281570434570e-01
3.369604349136352539e-01 -2.681500315666198730e-01
-5.527386069297790527e-01 4.991971850395202637e-01
5.169161558151245117e-01 -5.296514034271240234e-01
2.473757117986679077e-01 -2.011466324329376221e-01
-6.576621532440185547e-01 6.376873254776000977e-01
-8.798023462295532227e-01 6.857626438140869141e-01
-8.252418041229248047e-02 1.133906245231628418e-01
5.175524950027465820e-01 -6.813038587570190430e-01
5.530382990837097168e-01 -5.496192574501037598e-01
-1.261980175971984863e+00 1.391049027442932129e+00
-1.177267804741859436e-01 -2.743454277515411377e-02
5.578672885894775391e-01 -5.119365453720092773e-01
9.392912685871124268e-02 -1.203605830669403076e-01
-1.157588660717010498e-01 4.648905619978904724e-02
-1.646046042442321777e-01 8.253909647464752197e-02
-9.591231346130371094e-01 9.456420540809631348e-01
-2.817040383815765381e-01 2.220464050769805908e-01
2.566407918930053711e-01 -1.007982268929481506e-01
3.048562705516815186e-01 -6.706511974334716797e-01
-3.141067922115325928e-02 -1.268577575683593750e-01
2.357737720012664795e-01 -1.693231612443923950e-01
4.086745083332061768e-01 -4.835001230239868164e-01
1.645222455263137817e-01 -3.463618457317352295e-01
4.553278386592864990e-01 -6.809234023094177246e-01
-1.631101220846176147e-01 2.056678235530853271e-01
-1.551291048526763916e-01 3.113848865032196045e-01
5.005327239632606506e-02 -3.949914276599884033e-01
-7.122957110404968262e-01 5.681514143943786621e-01
5.482143759727478027e-01 -4.061802923679351807e-01
-2.309081256389617920e-01 2.883508205413818359e-01
1.651676595211029053e-01 -1.960811167955398560e-01
-1.671017706394195557e-01 1.239967346191406250e-01
3.658021986484527588e-01 -6.672311574220657349e-02
-3.705661892890930176e-01 3.914946615695953369e-01
8.500310778617858887e-01 -8.556665778160095215e-01
-9.633539915084838867e-01 6.980602145195007324e-01
-4.084700345993041992e-01 4.596735835075378418e-01
-1.039583683013916016e-01 8.924543112516403198e-02
6.463171839714050293e-01 -6.115512847900390625e-01
1.281630545854568481e-01 -4.287566244602203369e-01
-1.005710288882255554e-01 1.842778027057647705e-01
-2.998693585395812988e-01 2.971313893795013428e-01
-4.090126156806945801e-01 2.106083035469055176e-01
-5.839456915855407715e-01 4.123154878616333008e-01
-2.869741618633270264e-01 3.954059779644012451e-01
-2.016394436359405518e-01 2.212682068347930908e-01
-2.070213854312896729e-01 2.260534316301345825e-01
-1.196078807115554810e-01 1.050469949841499329e-01
-1.977145224809646606e-01 2.326818406581878662e-01
1.380545735359191895e+00 -1.448035836219787598e+00
-3.491008654236793518e-02 7.805953919887542725e-02
-2.662740945816040039e-01 2.151233255863189697e-01
2.322232425212860107e-01 -3.119582533836364746e-01
4.060639739036560059e-01 -3.801198601722717285e-01
6.880596876144409180e-01 -6.232053041458129883e-01
-5.583344399929046631e-02 -1.322551220655441284e-01
-3.103010952472686768e-01 2.802868783473968506e-01
-2.431716918945312500e-01 6.212319433689117432e-02
5.741899609565734863e-01 -6.153578758239746094e-01
-2.801366746425628662e-01 2.810254395008087158e-01
2.422365099191665649e-01 -1.911116838455200195e-01
-2.305283099412918091e-01 4.094457030296325684e-01
4.322780370712280273e-01 -4.234575629234313965e-01
1.264341235160827637e+00 -1.215961456298828125e+00
1.176562070846557617e+00 -1.349865913391113281e+00
-9.757976233959197998e-02 1.534433756023645401e-02
-7.448933124542236328e-01 6.937012672424316406e-01
2.442357093095779419e-01 -6.897689402103424072e-02
-2.675634324550628662e-01 2.290836721658706665e-01
1.149046197533607483e-01 -2.670574784278869629e-01
1.199153661727905273e+00 -9.434482455253601074e-01
3.106007874011993408e-01 -4.643195867538452148e-01
-1.179381132125854492e+00 1.270289778709411621e+00
4.132150113582611084e-01 -2.249210774898529053e-01
-2.755369842052459717e-01 1.157448291778564453e-01
-5.303440690040588379e-01 5.356640815734863281e-01
-9.675844758749008179e-02 3.314960300922393799e-01
-3.266961574554443359e-01 4.110815227031707764e-01
-4.118196368217468262e-01 3.508450090885162354e-01
-4.536648988723754883e-01 3.403508961200714111e-01
-8.357113599777221680e-01 6.542106270790100098e-01
-2.107105851173400879e-01 9.065803885459899902e-02
7.661547064781188965e-01 -7.217288017272949219e-01
-5.004914402961730957e-01 3.730726838111877441e-01
9.545149514451622963e-04 -1.610807925462722778e-01
-5.360035896301269531e-01 5.961942076683044434e-01
2.085573524236679077e-01 -2.781442403793334961e-01
-8.339064121246337891e-01 9.133743047714233398e-01
2.254702597856521606e-01 -4.044979512691497803e-01
7.118475437164306641e-02 -1.754864901304244995e-01
5.490111112594604492e-01 -4.988526701927185059e-01
-5.073599219322204590e-01 4.383000433444976807e-01
4.476811587810516357e-01 -4.706200659275054932e-01
-1.296699762344360352e+00 1.285350322723388672e+00
1.719207465648651123e-01 -2.654673457145690918e-01
7.747830152511596680e-01 -7.855850458145141602e-01
-1.105567574501037598e+00 1.131893038749694824e+00
-3.259332180023193359e-01 4.954328238964080811e-01
2.769635319709777832e-01 -3.587805926799774170e-01
-5.839594602584838867e-01 6.226969957351684570e-01
4.507395327091217041e-01 -2.360119223594665527e-01
3.154682815074920654e-01 -4.229013621807098389e-01
-7.196946740150451660e-01 9.028985500335693359e-01
2.069927453994750977e-01 -3.326615393161773682e-01
4.521996676921844482e-01 -3.236792683601379395e-01
-7.554287463426589966e-02 -7.962302863597869873e-02
-1.147684678435325623e-01 1.355978008359670639e-02
6.995116919279098511e-02 -1.984135061502456665e-01
7.420559525489807129e-01 -6.237826347351074219e-01
7.826817035675048828e-02 -7.514002174139022827e-02
5.341639518737792969e-01 -4.685004055500030518e-01
-5.963009595870971680e-01 5.605993270874023438e-01
-7.442277073860168457e-01 7.479775547981262207e-01
4.251276329159736633e-02 4.504529759287834167e-02
-5.498654842376708984e-01 5.927197337150573730e-01
2.771631479263305664e-01 -4.222843647003173828e-01
6.988729238510131836e-01 -8.143919706344604492e-01
1.783905029296875000e-01 -1.252130120992660522e-01
1.127243414521217346e-01 -2.237551659345626831e-01
1.059465408325195312e-01 2.573351841419935226e-03
2.313301116228103638e-01 -2.096488475799560547e-01
-1.411892473697662354e-01 2.712931036949157715e-01
-6.380761414766311646e-02 4.638538509607315063e-02
-1.672372817993164062e-01 2.286764830350875854e-01
6.508585065603256226e-02 2.818435430526733398e-02
-2.008737064898014069e-03 1.528300251811742783e-02
1.698297858238220215e-01 -1.136562824249267578e-01
2.731560468673706055e-01 -2.655620872974395752e-01
1.601908206939697266e-01 -3.832332417368888855e-02
-2.752921776846051216e-03 -2.004280388355255127e-01
-2.704457640647888184e-01 5.621149763464927673e-02
5.174927785992622375e-02 3.905433788895606995e-02
-3.304059207439422607e-01 3.511646687984466553e-01
-9.779520332813262939e-03 -1.665869802236557007e-01
2.396540194749832153e-01 -2.240760922431945801e-01
5.434595793485641479e-02 -1.331757605075836182e-01
-3.185122311115264893e-01 2.669392526149749756e-01
2.914100699126720428e-02 -1.298386044800281525e-02
-1.693006008863449097e-01 4.390582144260406494e-01
-5.748818069696426392e-02 1.994814276695251465e-01
-4.174376279115676880e-02 1.671749949455261230e-01
5.258942395448684692e-02 -1.887662336230278015e-02
-1.733283996582031250e-01 7.673247903585433960e-02
1.344034671783447266e-01 2.527007088065147400e-02
-3.393578529357910156e-01 6.805279105901718140e-02
9.023069404065608978e-03 -5.527816340327262878e-02
7.366217672824859619e-03 -5.276467651128768921e-02
-1.976700723171234131e-01 1.295643299818038940e-01
-2.001528441905975342e-01 1.453852951526641846e-01
2.150616645812988281e-01 -1.293153762817382812e-01
3.219048380851745605e-01 -3.327776193618774414e-01
-4.547381997108459473e-01 3.387626707553863525e-01
-1.384852547198534012e-02 -1.309270709753036499e-01
-1.142169535160064697e-01 -3.968459740281105042e-02
3.022446632385253906e-01 -4.405747354030609131e-01
-1.433592736721038818e-01 4.588517844676971436e-01
-6.448946148157119751e-02 2.827005982398986816e-01
-5.551448464393615723e-01 6.982163190841674805e-01
1.043343693017959595e-01 -6.294707208871841431e-02
3.162566944956779480e-02 -2.351770699024200439e-01
-2.334669828414916992e-01 1.296856850385665894e-01
-5.962488055229187012e-01 4.401020407676696777e-01
4.809016287326812744e-01 -4.121226072311401367e-01
-2.574546337127685547e-01 2.366908639669418335e-01
3.344618380069732666e-01 -4.408656358718872070e-01
2.811969518661499023e-01 -3.722417354583740234e-01
1.383503526449203491e-01 -8.017936348915100098e-02
1.736048161983489990e-01 -1.622560024261474609e-01
1.274142116308212280e-01 -4.623308405280113220e-02
-3.458822518587112427e-02 -2.791124209761619568e-02
4.190365970134735107e-02 -6.402535736560821533e-02
-1.188125312328338623e-01 5.828966945409774780e-02
4.132377803325653076e-01 -2.983631193637847900e-01
2.130130529403686523e-01 -1.542907804250717163e-01
3.591140210628509521e-01 -2.579346597194671631e-01
-1.971988826990127563e-01 1.862531304359436035e-01
-1.598784625530242920e-01 1.473314911127090454e-01
1.644970178604125977e-01 -1.247531697154045105e-01
-1.987741738557815552e-01 3.166664242744445801e-01
-1.136872395873069763e-01 2.254525870084762573e-01
7.744595408439636230e-02 9.783210605382919312e-02
