-2.733474671840667725e-01 1.288575232028961182e-01
-2.880588173866271973e-01 2.632876634597778320e-01
4.488621056079864502e-01 -2.681069374084472656e-01
6.964502483606338501e-02 -1.639847755432128906e-01
-1.321695148944854736e-01 1.178024616092443466e-02
3.484841287136077881e-01 -2.717449963092803955e-01
-9.800381958484649658e-02 5.262187495827674866e-02
4.854950904846191406e-01 -3.960877060890197754e-01
1.283055692911148071e-01 -1.940130740404129028e-01
-2.155123054981231689e-01 2.369582206010818481e-01
9.859458357095718384e-02 1.477410942316055298e-01
-9.734826534986495972e-02 -1.152340136468410492e-02
2.256696075201034546e-01 -3.181293606758117676e-01
1.504049897193908691e-01 -1.582241654396057129e-01
1.313067078590393066e-01 8.334675431251525879e-02
-2.934837639331817627e-01 4.066272974014282227e-01
-2.633318305015563965e-01 1.924201101064682007e-01
-2.562164887785911560e-02 -4.129210487008094788e-02
-6.577645242214202881e-02 -1.002097427845001221e-01
2.715161144733428955e-01 -3.459572494029998779e-01
-1.784389466047286987e-01 -1.755143404006958008e-01
-1.351275444030761719e-01 1.616539508104324341e-01
-1.868816018104553223e-01 -9.091640263795852661e-02
-1.020371764898300171e-01 2.032461464405059814e-01
-5.281727388501167297e-02 -4.044952616095542908e-02
-2.662147581577301025e-01 1.440745890140533447e-01
2.098301351070404053e-01 -2.631217427551746368e-02
-1.303422898054122925e-01 2.861055135726928711e-01
2.059545814990997314e-01 3.532293811440467834e-02
8.356445282697677612e-02 -2.940601482987403870e-02
-9.694713167846202850e-03 7.515668123960494995e-02
-1.782108247280120850e-01 2.231391668319702148e-01
4.665929824113845825e-02 -3.899338841438293457e-02
-3.009068220853805542e-02 1.021094038151204586e-03
2.168876528739929199e-01 6.191508099436759949e-02
4.045087695121765137e-01 -3.136359155178070068e-01
5.014886856079101562e-01 -2.781796455383300781e-01
-3.894292712211608887e-01 3.615005910396575928e-01
-2.950125336647033691e-01 2.976201474666595459e-01
3.405133485794067383e-01 -4.136534035205841064e-01
-2.309816032648086548e-01 3.102747201919555664e-01
2.799080312252044678e-01 -3.174933493137359619e-01
2.178558558225631714e-01 -6.205844506621360779e-02
-2.931447327136993408e-01 1.070180311799049377e-01
1.578036099672317505e-01 -3.520727753639221191e-01
4.520240798592567444e-02 -1.526564173400402069e-02
-2.645005285739898682e-01 2.340257018804550171e-01
3.008765876293182373e-01 -7.992760092020034790e-02
-2.550035417079925537e-01 6.208930909633636475e-02
2.440431900322437286e-02 -1.353575885295867920e-01
2.636977434158325195e-01 -1.888082474470138550e-01
-8.672632277011871338e-02 3.196417354047298431e-03
2.172062098979949951e-01 -1.721347272396087646e-01
2.676454186439514160e-01 7.043309509754180908e-03
3.761614114046096802e-02 2.144207974197342992e-04
3.147363960742950439e-01 -4.471114873886108398e-01
1.360359638929367065e-01 -3.147938847541809082e-01
1.406432390213012695e-01 -2.963277399539947510e-01
-6.591268628835678101e-02 -1.957225054502487183e-01
1.483536809682846069e-01 -2.047297805547714233e-01
2.882947027683258057e-01 -2.596659064292907715e-01
-2.755442559719085693e-01 3.884132951498031616e-02
1.800538003444671631e-01 -1.921230852603912354e-01
1.945385634899139404e-01 -3.070116788148880005e-02
-8.052222132682800293e-01 5.265437960624694824e-01
-2.103683501482009888e-01 1.136144697666168213e-01
-3.470837771892547607e-01 3.717929720878601074e-01
-1.951089352369308472e-01 1.779384613037109375e-01
-1.691827923059463501e-01 4.891840219497680664e-01
1.861816830933094025e-02 -1.489491909742355347e-01
-2.704221606254577637e-01 3.344562351703643799e-01
2.304608374834060669e-01 -3.665542900562286377e-01
3.495973348617553711e-01 -3.541833460330963135e-01
2.876602113246917725e-01 -1.952495723962783813e-01
1.416489034891128540e-01 9.322242438793182373e-02
3.742477893829345703e-01 -2.408517599105834961e-01
3.561528325080871582e-01 -6.311075687408447266e-01
2.560931444168090820e-01 -2.814834713935852051e-01
-2.593968063592910767e-02 -7.995653152465820312e-02
6.603246927261352539e-01 -5.029383301734924316e-01
3.766426816582679749e-02 -1.144052669405937195e-01
2.240257859230041504e-01 -3.724787831306457520e-01
5.998476967215538025e-02 -1.831859163939952850e-02
4.340918269008398056e-03 -2.061086893081665039e-02
-5.859128013253211975e-02 8.449813723564147949e-02
-3.453009724617004395e-01 1.084599643945693970e-01
-5.686346888542175293e-01 3.212595880031585693e-01
1.848565936088562012e-01 -2.253645658493041992e-01
-2.417444437742233276e-01 3.745148703455924988e-02
3.697770833969116211e-01 -5.481736063957214355e-01
-5.141991376876831055e-01 4.397831559181213379e-01
-6.917707920074462891e-01 6.452161669731140137e-01
1.929910294711589813e-02 1.855315566062927246e-01
4.494043886661529541e-01 -3.216931223869323730e-01
-7.714811563491821289e-01 5.349299311637878418e-01
-1.771101057529449463e-01 1.435097903013229370e-01
-2.485380321741104126e-01 5.641782283782958984e-02
3.053166568279266357e-01 -2.043839991092681885e-01
4.225262403488159180e-01 -4.143279790878295898e-01
4.426847100257873535e-01 -4.552452564239501953e-01
-5.165315866470336914e-01 5.920487046241760254e-01
-5.503352284431457520e-01 4.434385597705841064e-01
-3.075986802577972412e-01 3.681429326534271240e-01
-1.389413028955459595e-01 1.978565156459808350e-01
-6.489000320434570312e-01 5.965387821197509766e-01
-5.355126857757568359e-01 3.947573602199554443e-01
6.062091588973999023e-01 -7.125330567359924316e-01
-3.314649760723114014e-01 3.991895318031311035e-01
4.215495586395263672e-01 -2.777627408504486084e-01
8.373601734638214111e-02 -2.692115604877471924e-01
-6.920250505208969116e-02 9.704836457967758179e-02
1.363353580236434937e-01 -6.048382259905338287e-03
-4.945442676544189453e-01 5.556792616844177246e-01
-3.114000558853149414e-01 6.052141189575195312e-01
1.336698383092880249e-01 -1.095567420125007629e-01
2.037506103515625000e-01 -7.926438003778457642e-02
5.381204485893249512e-01 -3.761942684650421143e-01
5.045415759086608887e-01 -2.704872488975524902e-01
-1.796246021986007690e-01 1.187373474240303040e-01
2.689639627933502197e-01 -2.699590623378753662e-01
-2.005557715892791748e-01 1.566135883331298828e-01
-3.312761485576629639e-01 1.053941249847412109e-01
3.148947656154632568e-01 -2.443463653326034546e-01
2.479297816753387451e-01 4.935178905725479126e-02
-4.799109101295471191e-01 4.532537460327148438e-01
-1.628863364458084106e-01 2.072114795446395874e-01
3.485314548015594482e-01 -3.369531631469726562e-01
-5.334573984146118164e-01 6.231639385223388672e-01
-3.817843794822692871e-01 4.952283501625061035e-01
-2.210101932287216187e-01 1.596619337797164917e-01
4.193056523799896240e-01 -1.718785017728805542e-01
-6.389791965484619141e-01 6.480636596679687500e-01
1.825260519981384277e-01 -2.907181680202484131e-01
8.318052627146244049e-03 -1.847966611385345459e-01
4.023521244525909424e-01 -3.824673295021057129e-01
4.748613387346267700e-02 -9.851441532373428345e-02
1.404066234827041626e-01 -1.900144666433334351e-01
-1.631342470645904541e-01 4.791600406169891357e-01
-4.488559961318969727e-01 4.013302624225616455e-01
-4.864516258239746094e-01 4.873726367950439453e-01
-9.271364659070968628e-02 6.853844970464706421e-02
9.728522854857146740e-04 -4.616088047623634338e-02
3.041896969079971313e-02 -2.212967723608016968e-02
-1.955896019935607910e-01 2.870333492755889893e-01
-2.021045237779617310e-01 2.200392186641693115e-01
-3.268040716648101807e-01 1.991939693689346313e-01
-7.718611508607864380e-02 2.457202821969985962e-01
-5.148917436599731445e-03 -9.475672990083694458e-02
-2.023436427116394043e-01 2.396512478590011597e-01
-3.710081577301025391e-01 2.476988583803176880e-01
-5.877304822206497192e-02 -2.347312867641448975e-01
-1.238279566168785095e-01 -3.768113628029823303e-02
1.265190690755844116e-01 -9.293389320373535156e-02
2.871309220790863037e-01 -4.617222845554351807e-01
3.535126745700836182e-01 -6.486576050519943237e-02
1.736498028039932251e-01 1.735599339008331299e-02
3.078765571117401123e-01 -2.129553854465484619e-01
1.752067655324935913e-01 -3.240525126457214355e-01
-1.017118617892265320e-01 9.981411695480346680e-02
-3.974048197269439697e-01 2.568720877170562744e-01
1.424338072538375854e-01 -4.191422089934349060e-02
-3.372885286808013916e-01 3.394375145435333252e-01
3.159761428833007812e-01 -3.767524361610412598e-01
-4.211374819278717041e-01 2.652910649776458740e-01
-6.242238283157348633e-01 4.053789973258972168e-01
-6.519839167594909668e-02 1.207435056567192078e-01
-1.833820939064025879e-01 1.008850336074829102e-01
1.951614022254943848e-01 -2.158600538969039917e-01
3.545784950256347656e-01 -2.112305164337158203e-01
-2.022798508405685425e-01 1.141497269272804260e-01
2.481564320623874664e-02 1.375079900026321411e-01
2.633984088897705078e-01 -2.839904129505157471e-01
-3.303054720163345337e-02 3.764649853110313416e-03
-2.354091405868530273e-01 9.554548561573028564e-02
3.411025106906890869e-01 -9.610557556152343750e-02
-3.144222497940063477e-02 1.698742508888244629e-01
-1.393118053674697876e-01 1.652970612049102783e-01
6.115221977233886719e-01 -5.819230675697326660e-01
3.373409435153007507e-02 -7.481252402067184448e-02
5.632042139768600464e-02 6.888986378908157349e-02
-1.124702766537666321e-01 1.410833746194839478e-01
2.553075551986694336e-01 -7.109968364238739014e-02
-6.065668538212776184e-02 8.328760415315628052e-02
5.393214896321296692e-02 -8.347968757152557373e-02
-6.084546819329261780e-02 1.979864388704299927e-01
-1.663349866867065430e-01 1.120794415473937988e-01
2.405403107404708862e-01 -3.004940450191497803e-01
-8.918457478284835815e-02 -1.410247236490249634e-01
1.735180020332336426e-01 -2.500451505184173584e-01
2.384569942951202393e-01 -2.376979440450668335e-01
-2.003349363803863525e-01 1.991950273513793945e-01
-2.631895542144775391e-01 3.180771768093109131e-01
-8.889362961053848267e-02 3.070593066513538361e-02
-9.854343533515930176e-02 7.047326862812042236e-02
-5.157089978456497192e-02 2.555735111236572266e-01
-9.756980091333389282e-02 2.415217459201812744e-01
1.682620644569396973e-01 -8.228269219398498535e-02
5.695221479982137680e-03 1.486246883869171143e-01
2.423096820712089539e-02 -1.878390312194824219e-01
2.813941240310668945e-02 -8.623280376195907593e-02
2.822073101997375488e-01 -1.520883291959762573e-01
-2.616180181503295898e-01 2.547450363636016846e-01
5.364966113120317459e-03 1.055653393268585205e-02
1.326084136962890625e-02 -9.199379384517669678e-02
9.711654856801033020e-03 1.151286810636520386e-01
-2.661357522010803223e-01 2.410260736942291260e-01
-2.439884543418884277e-01 2.129932940006256104e-01
-2.261362969875335693e-01 3.519037663936614990e-01
-5.948426667600870132e-03 -1.146672293543815613e-02
1.461592167615890503e-01 -1.559969782829284668e-01
-5.460952222347259521e-02 -5.920020118355751038e-02
5.663834512233734131e-02 -5.260512977838516235e-02
5.110531300306320190e-02 -2.114719897508621216e-02
-1.586814783513545990e-02 -1.856680512428283691e-01
6.865651905536651611e-02 1.424265801906585693e-01
-2.366053313016891479e-01 -4.349708184599876404e-02
-1.088701263070106506e-01 3.187321871519088745e-02
2.767592370510101318e-01 -4.027621150016784668e-01
-2.807711064815521240e-02 -1.876047998666763306e-02
-2.349843233823776245e-01 1.533854454755783081e-01
1.700552552938461304e-01 -2.113872766494750977e-01
-1.982719898223876953e-01 2.863321006298065186e-01
1.252334117889404297e-01 -4.739276599138975143e-03
-4.272143915295600891e-02 -1.653168350458145142e-01
6.298597157001495361e-02 1.504171937704086304e-01
-1.920574903488159180e-01 2.583100199699401855e-01
-1.871984750032424927e-01 9.901608526706695557e-02
5.527782440185546875e-02 -1.949233561754226685e-01
-9.282000362873077393e-03 -1.201053485274314880e-01
5.987090617418289185e-02 1.674682460725307465e-02
-2.914757430553436279e-01 1.972456127405166626e-01
-1.032225489616394043e-01 7.517654448747634888e-02
7.290556281805038452e-02 -1.417028754949569702e-01
1.035937815904617310e-01 -1.233276873826980591e-01
-2.000764310359954834e-01 4.257756471633911133e-02
-7.036154717206954956e-02 1.355880349874496460e-01
-2.170262858271598816e-02 9.021992236375808716e-02
1.676892191171646118e-01 8.284789323806762695e-02
-4.633381217718124390e-02 -3.079256601631641388e-02
6.865491718053817749e-02 -1.221548952162265778e-02
-4.755757004022598267e-02 -2.486466616392135620e-02
5.736371502280235291e-02 1.417173296213150024e-01
-1.029895618557929993e-01 1.040319800376892090e-01
1.153398007154464722e-01 -1.466579362750053406e-02
-4.055420402437448502e-03 1.998934000730514526e-01
1.617239117622375488e-01 -1.195094808936119080e-01
-1.470633689314126968e-02 9.550572931766510010e-02
3.142240270972251892e-02 2.628393657505512238e-02
1.800456643104553223e-01 -2.045566886663436890e-01
6.035190075635910034e-02 -2.110429480671882629e-02
9.975752793252468109e-03 -1.246343404054641724e-01
2.899355813860893250e-02 -5.569659546017646790e-02
5.253065004944801331e-02 -1.767536848783493042e-01
-1.862560361623764038e-01 2.049314230680465698e-01
-1.204900667071342468e-01 1.391478925943374634e-01
-1.155552119016647339e-01 1.634380668401718140e-01
