-6.563944369554519653e-02 1.510041654109954834e-01
9.654901921749114990e-02 -1.858300864696502686e-01
5.975533649325370789e-02 -4.168062284588813782e-02
-5.764219909906387329e-02 -1.786632239818572998e-01
1.453223973512649536e-01 2.114775218069553375e-02
2.226615548133850098e-01 1.743032224476337433e-02
6.501317769289016724e-02 -7.659985125064849854e-02
1.337489206343889236e-02 -2.815262228250503540e-02
1.674773693084716797e-01 -8.544708788394927979e-02
-2.894194126129150391e-01 2.049525082111358643e-01
7.649608701467514038e-02 8.832138031721115112e-02
-1.533660385757684708e-02 -2.785326354205608368e-02
-3.133278489112854004e-01 8.199181407690048218e-02
2.039035223424434662e-02 -4.318989068269729614e-02
2.024318724870681763e-01 -4.588063433766365051e-02
2.077496796846389771e-01 -7.025414705276489258e-02
-6.880845874547958374e-03 3.098113229498267174e-04
-3.735357150435447693e-02 1.611241512000560760e-02
3.370433300733566284e-02 1.374030858278274536e-01
2.825269699096679688e-01 -1.647644639015197754e-01
3.522081673145294189e-02 1.409274190664291382e-01
7.712831348180770874e-02 -7.423850893974304199e-02
1.421887427568435669e-01 -3.404460474848747253e-02
1.467189192771911621e-01 -1.730960160493850708e-01
2.671128511428833008e-01 -4.563442617654800415e-02
2.488883957266807556e-02 -2.017508596181869507e-01
-2.729925885796546936e-02 -1.668935641646385193e-02
1.045137792825698853e-01 -1.607027053833007812e-01
3.098788438364863396e-03 -3.697937354445457458e-04
-1.600523479282855988e-02 -6.870376318693161011e-02
-1.446341723203659058e-01 1.239429190754890442e-01
-3.438323736190795898e-02 -2.329917810857295990e-02
-1.115730628371238708e-01 -6.665017455816268921e-02
2.621068656444549561e-01 -2.128597795963287354e-01
8.675299584865570068e-02 -2.652967534959316254e-02
1.852465122938156128e-01 -5.111554637551307678e-02
-4.810295626521110535e-02 1.671265959739685059e-01
-2.167821377515792847e-01 7.258530706167221069e-02
-1.755441166460514069e-02 -8.732278831303119659e-03
5.974003579467535019e-03 -1.381710544228553772e-02
1.592746227979660034e-01 1.113183498382568359e-01
8.391193300485610962e-02 -1.157958209514617920e-01
1.000497639179229736e-01 -9.564746171236038208e-02
-1.728379726409912109e-01 2.225031107664108276e-01
-9.245604276657104492e-02 3.467353060841560364e-02
-1.654457002878189087e-01 4.056639596819877625e-02
1.047488078474998474e-01 -1.307790279388427734e-01
-1.744135916233062744e-01 2.135941535234451294e-01
5.927568674087524414e-02 -1.729515381157398224e-02
-1.457939296960830688e-01 7.188947498798370361e-02
6.738897413015365601e-02 1.449553221464157104e-01
2.926503308117389679e-02 -7.619012892246246338e-02
-5.142317712306976318e-02 1.658017002046108246e-02
2.469104900956153870e-02 1.278230454772710800e-02
1.085066571831703186e-01 -1.454837471246719360e-01
1.525025218725204468e-01 -5.694979429244995117e-02
-1.585185155272483826e-02 8.550781011581420898e-02
1.293148100376129150e-01 -1.155102923512458801e-01
2.033240050077438354e-01 -5.079873278737068176e-02
-1.389618366956710815e-01 2.078024893999099731e-01
1.930222809314727783e-01 1.500214682891964912e-03
-7.004709541797637939e-02 3.058645129203796387e-02
-2.343815118074417114e-01 -7.977059110999107361e-03
-1.763729155063629150e-01 8.146529644727706909e-02
-5.103439837694168091e-02 -5.671856179833412170e-02
2.671498060226440430e-01 -9.265800565481185913e-02
8.857668191194534302e-02 -1.926907151937484741e-02
2.918231487274169922e-01 -6.652897596359252930e-02
6.581220775842666626e-03 1.689076125621795654e-01
1.864540949463844299e-02 -1.362856626510620117e-01
-2.187156863510608673e-02 2.092929035425186157e-01
2.393849194049835205e-01 -2.947472333908081055e-01
2.959485650062561035e-01 -2.073848992586135864e-01
-2.117446810007095337e-01 3.357424437999725342e-01
-1.179408431053161621e-01 1.766871362924575806e-01
6.540592759847640991e-02 3.462184220552444458e-02
-1.501708775758743286e-01 1.569055020809173584e-01
-1.594188511371612549e-01 9.705705940723419189e-02
-6.693214923143386841e-02 -1.518648564815521240e-01
1.054138541221618652e-01 6.191651523113250732e-02
1.278926432132720947e-01 -3.859321773052215576e-02
-1.252318918704986572e-01 2.159715294837951660e-01
1.240175664424896240e-01 -1.845220923423767090e-01
2.520999014377593994e-01 -1.119018420577049255e-01
-3.954475000500679016e-02 1.067180559039115906e-01
8.293782919645309448e-02 -1.096308454871177673e-01
1.614320576190948486e-01 -9.701181203126907349e-02
1.506197750568389893e-01 -1.712117195129394531e-01
1.854591518640518188e-01 -7.284676283597946167e-02
5.662130936980247498e-02 -4.314867034554481506e-02
1.064289063215255737e-01 -1.040169224143028259e-01
-1.810313016176223755e-01 1.434414088726043701e-01
-4.490174353122711182e-02 8.979155868291854858e-02
1.028983220458030701e-01 -1.318154633045196533e-01
-9.726663678884506226e-02 1.638984829187393188e-01
5.054717510938644409e-02 -1.664891690015792847e-01
-2.659465968608856201e-01 8.375684916973114014e-02
1.166203841567039490e-01 -2.131279259920120239e-01
7.170004397630691528e-02 -1.264402568340301514e-01
-1.014319583773612976e-01 -5.207075923681259155e-02
1.208597347140312195e-01 -8.288925141096115112e-02
-1.712525188922882080e-01 3.473805263638496399e-02
-1.116226986050605774e-01 -4.998865351080894470e-02
1.900335401296615601e-01 -3.064112067222595215e-01
-1.747408360242843628e-01 1.927766054868698120e-01
-1.844312101602554321e-01 -1.372117642313241959e-02
4.770911484956741333e-02 1.238560862839221954e-02
-1.662775129079818726e-01 2.461714595556259155e-01
9.745936840772628784e-03 7.216458767652511597e-02
-1.169449836015701294e-01 1.770724952220916748e-01
1.085221320390701294e-01 -4.751012846827507019e-02
-5.027651321142911911e-03 -6.997358053922653198e-02
-1.298077311366796494e-02 -1.656381934881210327e-01
-9.799817204475402832e-02 1.476986110210418701e-01
-8.461532182991504669e-03 8.657723665237426758e-02
1.287892013788223267e-01 -8.057437837123870850e-02
-2.530393302440643311e-01 1.775765717029571533e-01
-8.976132608950138092e-03 4.821558669209480286e-02
6.486961245536804199e-02 2.904969267547130585e-02
1.075480282306671143e-01 -2.390408515930175781e-01
-8.730336278676986694e-02 9.321393072605133057e-02
1.472039520740509033e-01 -2.396806143224239349e-03
-1.835666224360466003e-02 -1.171640958636999130e-02
1.011234708130359650e-02 2.636240124702453613e-01
-1.799579560756683350e-01 -7.743922621011734009e-02
-1.490058004856109619e-02 -1.040123030543327332e-02
-1.866831630468368530e-01 -2.885070629417896271e-02
-2.362927943468093872e-01 1.986295431852340698e-01
1.879665553569793701e-01 -2.756206691265106201e-02
2.127486318349838257e-01 -3.121057450771331787e-01
8.601428568363189697e-02 -1.224244013428688049e-01
7.331704720854759216e-03 -2.186059802770614624e-01
3.084207773208618164e-01 -7.895325869321823120e-02
2.739126086235046387e-01 -1.791614890098571777e-01
2.685618102550506592e-01 -1.277268677949905396e-01
-9.102909825742244720e-03 3.978800773620605469e-02
-1.217216998338699341e-01 2.201522439718246460e-01
7.516801357269287109e-02 -3.721883893013000488e-01
1.939504742622375488e-01 4.239025991410017014e-03
1.880393624305725098e-01 -6.902223452925682068e-03
7.457609474658966064e-02 -1.197874248027801514e-01
-9.095965325832366943e-02 6.243549659848213196e-02
1.064405068755149841e-01 -1.886543184518814087e-01
9.837427735328674316e-02 -2.363275922834873199e-02
-1.166969984769821167e-01 -3.593530133366584778e-02
-1.109589114785194397e-01 2.284276038408279419e-01
3.072769148275256157e-03 2.213784009218215942e-01
1.128969639539718628e-01 -1.506179124116897583e-01
-2.063421905040740967e-01 8.805550634860992432e-02
-1.379908025264739990e-01 9.049220383167266846e-02
3.386155664920806885e-01 -1.989517658948898315e-01
1.671890467405319214e-01 -7.154087722301483154e-02
1.356591237708926201e-04 -5.650308448821306229e-03
2.076501846313476562e-01 -6.415055692195892334e-02
2.193834036588668823e-01 -1.196052413433790207e-02
1.911062747240066528e-01 -1.919770091772079468e-01
-4.141097888350486755e-02 -7.954935729503631592e-02
5.003188177943229675e-02 -2.112512104213237762e-02
-1.213379651308059692e-01 1.165670454502105713e-01
5.348917469382286072e-02 2.692004851996898651e-02
7.435811311006546021e-02 -1.847432255744934082e-01
-2.422294318675994873e-01 1.007599309086799622e-01
1.479249596595764160e-01 -1.715524196624755859e-01
-1.052790693938732147e-02 -6.642285268753767014e-03
1.377376466989517212e-01 -1.110868006944656372e-01
7.951462641358375549e-03 -1.506466269493103027e-01
-1.059506312012672424e-01 4.242023825645446777e-02
-5.217602849006652832e-02 -1.024056896567344666e-01
6.613683700561523438e-02 -6.742165237665176392e-02
1.178040802478790283e-01 -2.221548706293106079e-01
-2.511177361011505127e-01 1.562319546937942505e-01
-1.198913231492042542e-01 3.877106681466102600e-02
1.365386843681335449e-01 7.943581789731979370e-02
3.127091825008392334e-01 -6.066598370671272278e-02
-5.196930468082427979e-02 -2.128940075635910034e-01
4.851728305220603943e-02 -1.980311423540115356e-01
2.686277963221073151e-02 -1.543324738740921021e-01
-2.339102476835250854e-01 2.351550906896591187e-01
1.658494174480438232e-01 2.287573926150798798e-02
-7.296483963727951050e-02 2.248748242855072021e-01
-2.308283895254135132e-01 2.104204297065734863e-01
3.634137213230133057e-01 -4.501316323876380920e-02
8.926316350698471069e-02 -3.812884539365768433e-02
1.616537123918533325e-01 -5.688401311635971069e-02
1.912434548139572144e-01 -1.324488818645477295e-01
1.335463821887969971e-01 -1.943310722708702087e-02
7.086572796106338501e-02 -1.102831587195396423e-01
-1.187771186232566833e-01 2.288246601819992065e-01
9.560216218233108521e-03 -2.220517694950103760e-01
-2.286629974842071533e-01 2.475604414939880371e-01
-3.965214639902114868e-02 1.615828461945056915e-02
-5.206077918410301208e-02 2.805976197123527527e-02
-9.661076217889785767e-02 1.148387864232063293e-01
-1.138214841485023499e-01 -1.158519461750984192e-01
-1.174207255244255066e-01 5.438696593046188354e-02
1.894785463809967041e-01 -1.062624827027320862e-01
2.286644726991653442e-01 -1.170783564448356628e-01
-1.512794406153261662e-03 -5.219765007495880127e-02
1.996665447950363159e-01 -2.885341644287109375e-01
-2.706377394497394562e-02 8.057725429534912109e-02
1.591738760471343994e-01 -9.810813516378402710e-02
-5.559951439499855042e-02 -8.810746669769287109e-02
-9.478927403688430786e-02 2.274399250745773315e-01
-1.762729734182357788e-01 -3.452275181189179420e-03
-8.978582918643951416e-03 8.907458186149597168e-02
-1.301455199718475342e-01 1.647752523422241211e-01
7.866170257329940796e-02 1.350330561399459839e-01
-1.635845452547073364e-01 -4.885508120059967041e-02
-1.547117680311203003e-01 8.109764754772186279e-02
-6.290517747402191162e-02 1.275934725999832153e-01
-1.039222255349159241e-01 1.336925923824310303e-01
2.606413662433624268e-01 -1.433026492595672607e-01
-1.513999402523040771e-01 1.290857642889022827e-01
6.597536057233810425e-02 -1.953615695238113403e-01
1.265411227941513062e-01 -5.253710225224494934e-02
1.044167727231979370e-01 -1.116173416376113892e-01
-2.510697208344936371e-02 -2.908913977444171906e-02
-9.122429788112640381e-02 -7.304839789867401123e-02
-4.853011667728424072e-02 6.623706966638565063e-02
2.488187998533248901e-01 -1.797508150339126587e-01
4.327010735869407654e-02 -3.159702420234680176e-01
-1.719498485326766968e-01 2.672769501805305481e-02
2.458890676498413086e-01 -9.669830650091171265e-02
4.330299422144889832e-02 -2.005795687437057495e-01
-1.205771975219249725e-02 7.753627747297286987e-02
-1.052621528506278992e-01 1.628641188144683838e-01
1.078607439994812012e-01 -1.089914888143539429e-01
-1.749249100685119629e-01 2.604621052742004395e-01
-4.153539612889289856e-02 8.353527635335922241e-02
-1.297876387834548950e-01 1.015438511967658997e-01
1.332098841667175293e-01 4.969209432601928711e-02
1.454237103462219238e-01 -1.651660054922103882e-01
1.879224330186843872e-01 -1.334603130817413330e-01
1.583581790328025818e-02 -2.911202013492584229e-01
-9.988977760076522827e-02 1.334549114108085632e-02
-1.851097196340560913e-01 2.204822003841400146e-02
-2.086337842047214508e-02 5.391674861311912537e-02
-6.290493905544281006e-02 3.220206126570701599e-02
2.803663611412048340e-01 -2.462555170059204102e-01
-1.164064854383468628e-01 7.727669179439544678e-02
-2.728763408958911896e-02 -1.741879619657993317e-02
3.240990638732910156e-02 -5.460309237241744995e-02
1.769145131111145020e-01 -3.421164304018020630e-02
1.317080557346343994e-01 -2.008359134197235107e-01
-7.394280284643173218e-02 -1.407002806663513184e-01
1.130254790186882019e-01 9.016636759042739868e-02
1.237644180655479431e-01 -6.141690164804458618e-02
1.569416821002960205e-01 -7.061012089252471924e-02
1.910843849182128906e-01 -2.258246243000030518e-01
-1.572021469473838806e-02 -2.004119604825973511e-01
1.005927696824073792e-01 5.206244438886642456e-02
1.117276698350906372e-01 7.689631730318069458e-02
-8.874598145484924316e-02 1.930390894412994385e-01
-2.083496600389480591e-01 8.498266339302062988e-03
6.118041276931762695e-02 6.908198446035385132e-02
-7.801523059606552124e-02 1.730005443096160889e-01
