3.015879690647125244e-01 -3.397454023361206055e-01
7.683483511209487915e-02 -1.434558480978012085e-01
-1.710521280765533447e-01 8.475179225206375122e-02
3.522362932562828064e-02 -1.583381593227386475e-01
-1.412224918603897095e-01 -4.837530106306076050e-02
2.645457684993743896e-01 -1.074325758963823318e-03
2.667810022830963135e-01 -2.533790171146392822e-01
2.679338492453098297e-02 -8.705370128154754639e-02
-1.737392395734786987e-01 -2.723984653130173683e-04
-1.154610887169837952e-01 1.858269423246383667e-02
2.912488281726837158e-01 -4.401290416717529297e-01
-1.095087230205535889e-01 2.569265365600585938e-01
3.989484608173370361e-01 -3.009859025478363037e-01
1.822252422571182251e-01 -1.017032414674758911e-01
3.794234991073608398e-01 -4.890418648719787598e-01
-3.145814538002014160e-01 2.966951727867126465e-01
-1.937018781900405884e-01 2.605605721473693848e-01
3.837970793247222900e-01 -2.724568247795104980e-01
-1.556091308593750000e-01 -1.398444641381502151e-02
-3.571833372116088867e-01 2.624135613441467285e-01
-4.065315425395965576e-02 4.533578455448150635e-02
2.223803251981735229e-01 -6.638931483030319214e-02
2.107626497745513916e-01 -2.444905787706375122e-01
3.297946229577064514e-02 -7.477347739040851593e-03
5.692706257104873657e-02 -1.124898791313171387e-01
1.743843406438827515e-01 -2.861068844795227051e-01
4.310702160000801086e-02 -1.361257731914520264e-01
4.310268536210060120e-02 -1.352899074554443359e-01
-2.100236117839813232e-01 7.787933200597763062e-02
-1.348660588264465332e-01 6.683068722486495972e-02
2.818898260593414307e-01 -7.830047607421875000e-02
-2.328230738639831543e-01 4.055148959159851074e-01
5.658952593803405762e-01 -3.022983074188232422e-01
4.238947033882141113e-01 -5.976068377494812012e-01
-2.353148609399795532e-01 2.997393906116485596e-01
-3.344666957855224609e-01 4.184043705463409424e-01
6.312616914510726929e-02 -1.333339065313339233e-01
3.114675730466842651e-02 1.459407620131969452e-02
8.901269733905792236e-02 1.092346683144569397e-01
5.489613413810729980e-01 -2.407313585281372070e-01
-2.459669262170791626e-01 2.250968515872955322e-01
1.927523687481880188e-02 9.556458890438079834e-02
5.207001045346260071e-02 -2.033167034387588501e-01
-2.761755287647247314e-01 2.021059244871139526e-01
1.747521199285984039e-02 1.949461400508880615e-01
-4.272137954831123352e-02 6.127677857875823975e-02
-3.903248310089111328e-01 4.460884928703308105e-01
3.340180814266204834e-01 -5.728035569190979004e-01
-1.339613795280456543e-01 7.459054887294769287e-02
-2.343292385339736938e-01 2.045500576496124268e-01
-2.666908502578735352e-01 2.027864754199981689e-01
9.146174788475036621e-02 -1.559921652078628540e-01
3.520660996437072754e-01 -3.004758656024932861e-01
-1.542544513940811157e-01 8.982841670513153076e-02
-2.933361828327178955e-01 2.272061407566070557e-01
-1.442240178585052490e-01 3.320308029651641846e-01
-5.277256667613983154e-02 1.621644347906112671e-01
1.722055673599243164e-01 6.881257891654968262e-02
5.869588851928710938e-01 -5.544074773788452148e-01
-1.346363574266433716e-01 2.992672324180603027e-01
8.764910697937011719e-02 -3.028867244720458984e-01
-1.251055151224136353e-01 2.106925845146179199e-02
-1.239832788705825806e-01 1.691538542509078979e-01
-3.519723117351531982e-01 5.154412388801574707e-01
-3.392615914344787598e-02 9.931537508964538574e-02
2.023694664239883423e-01 -3.521242737770080566e-01
-5.017607212066650391e-01 3.901689052581787109e-01
4.508698284626007080e-01 -7.530063390731811523e-01
-3.724297881126403809e-01 4.635653495788574219e-01
3.786297142505645752e-01 -3.664444983005523682e-01
3.927987813949584961e-01 -6.113242506980895996e-01
4.380991160869598389e-01 -6.147383451461791992e-01
9.148571491241455078e-01 -7.995270490646362305e-01
-5.296411514282226562e-01 3.838233649730682373e-01
3.756159245967864990e-01 -3.731448948383331299e-01
3.318797349929809570e-01 -3.825333416461944580e-01
2.301062196493148804e-01 -1.669079363346099854e-01
-3.630889207124710083e-02 2.429434210062026978e-01
3.259045481681823730e-01 -4.767340719699859619e-01
-5.379492044448852539e-01 2.645073533058166504e-01
2.417145110666751862e-02 6.395936012268066406e-02
6.512238383293151855e-01 -4.448347091674804688e-01
-5.109720826148986816e-01 4.253090620040893555e-01
4.872957170009613037e-01 -6.136437058448791504e-01
-2.668934166431427002e-01 1.762696951627731323e-01
2.847076356410980225e-01 -5.033695101737976074e-01
3.417197167873382568e-01 -3.126888275146484375e-01
1.855699717998504639e-01 -3.870877996087074280e-02
-1.916225254535675049e-01 2.210970371961593628e-01
3.008036613464355469e-01 -4.223098456859588623e-01
3.456899523735046387e-01 -3.369192779064178467e-01
-1.818003132939338684e-02 -5.492980033159255981e-02
1.463997811079025269e-01 -7.832235842943191528e-02
5.367252826690673828e-01 -5.356487035751342773e-01
2.493047118186950684e-01 -3.489813804626464844e-01
-2.966834902763366699e-01 3.628408908843994141e-01
3.370450735092163086e-01 -2.622745633125305176e-01
6.119917035102844238e-01 -4.677512943744659424e-01
-3.259847164154052734e-01 1.941320300102233887e-01
-3.499701619148254395e-01 1.857236623764038086e-01
3.319188952445983887e-01 -5.360301136970520020e-01
-4.787707328796386719e-01 4.176203012466430664e-01
-2.541882395744323730e-01 2.447096258401870728e-01
7.148250937461853027e-01 -6.044330596923828125e-01
-4.426768720149993896e-01 6.301658749580383301e-01
-5.018804669380187988e-01 4.794515371322631836e-01
1.542957723140716553e-01 -1.135816276073455811e-01
-1.223359778523445129e-01 2.843412458896636963e-01
-2.938307821750640869e-01 2.430908977985382080e-01
-3.610247373580932617e-01 4.915551543235778809e-01
-3.546143472194671631e-01 4.102163612842559814e-01
3.666811808943748474e-02 -2.507378458976745605e-01
-4.944581985473632812e-01 4.152454733848571777e-01
3.414887487888336182e-01 -1.996603906154632568e-01
-3.817156851291656494e-01 4.830620884895324707e-01
3.309749439358711243e-02 1.847172342240810394e-02
3.402035534381866455e-01 -5.469844937324523926e-01
-2.192607820034027100e-01 3.834651410579681396e-01
1.947499066591262817e-01 -1.990693360567092896e-01
-6.647354364395141602e-02 1.105532273650169373e-01
-8.010766506195068359e-01 6.981175541877746582e-01
2.519390583038330078e-01 -6.946045905351638794e-02
5.618022680282592773e-01 -4.649740755558013916e-01
3.738465905189514160e-01 -4.137307703495025635e-01
3.978742361068725586e-01 -2.872923016548156738e-01
-1.460307370871305466e-02 6.888091098517179489e-03
3.014387190341949463e-01 -2.716141641139984131e-01
6.921216100454330444e-02 1.627511233091354370e-01
-1.331301331520080566e-01 1.575571000576019287e-01
3.419258892536163330e-01 -3.302094638347625732e-01
3.678792342543601990e-02 7.759219408035278320e-02
-4.669998288154602051e-01 3.980508148670196533e-01
4.877499043941497803e-01 -5.910827517509460449e-01
-3.683328032493591309e-01 4.311398267745971680e-01
1.401120722293853760e-01 1.206399127840995789e-01
-7.877788692712783813e-02 1.405641809105873108e-02
-2.428301721811294556e-01 1.062565222382545471e-01
5.132346972823143005e-02 -5.569440498948097229e-02
-1.194022297859191895e-01 8.278286457061767578e-02
2.099701315164566040e-01 -3.304309248924255371e-01
-1.267272327095270157e-02 -4.491514712572097778e-02
1.312720179557800293e-01 -1.299901008605957031e-01
-3.033102452754974365e-01 2.544612288475036621e-01
4.402716457843780518e-02 1.439801603555679321e-02
-1.224645823240280151e-01 1.379522979259490967e-01
-8.016467094421386719e-02 5.504783987998962402e-02
-3.374568819999694824e-01 5.439720153808593750e-01
-2.216487824916839600e-01 2.943569123744964600e-01
2.680014073848724365e-01 -1.536293774843215942e-01
-4.095493555068969727e-01 1.746087819337844849e-01
-2.201137319207191467e-02 2.997459843754768372e-03
5.065302848815917969e-01 -5.234079360961914062e-01
6.939151883125305176e-02 3.633649274706840515e-02
6.990306973457336426e-01 -7.890005707740783691e-01
2.408911138772964478e-01 -2.873204052448272705e-01
1.192789152264595032e-01 -1.282453387975692749e-01
-4.738621115684509277e-01 5.050501823425292969e-01
2.165087163448333740e-01 -7.205236703157424927e-02
5.744974017143249512e-01 -6.190317273139953613e-01
-3.375451862812042236e-01 2.109546065330505371e-01
-6.923030316829681396e-02 1.079005524516105652e-01
-2.416968047618865967e-01 3.529299795627593994e-01
4.009605050086975098e-01 -2.178009748458862305e-01
-3.341446816921234131e-01 2.958616912364959717e-01
-7.923957705497741699e-02 1.800366938114166260e-01
4.351527243852615356e-02 -7.191441953182220459e-03
3.513718247413635254e-01 -3.795836567878723145e-01
9.071055799722671509e-02 -1.919886022806167603e-01
-3.286722004413604736e-01 5.821747183799743652e-01
2.467707693576812744e-01 -2.084245085716247559e-01
3.309569060802459717e-01 -2.155801355838775635e-01
-6.187417730689048767e-02 6.813510507345199585e-02
2.661984562873840332e-01 -3.004145026206970215e-01
-9.981674700975418091e-02 1.697047203779220581e-01
-1.802157461643218994e-01 1.562695354223251343e-01
-1.083508059382438660e-01 1.282449513673782349e-01
-4.256191477179527283e-02 5.278339982032775879e-02
-9.018880128860473633e-02 2.098641544580459595e-01
2.224177122116088867e-01 -2.249446809291839600e-01
6.181860566139221191e-01 -6.151178479194641113e-01
3.392829895019531250e-01 -4.742052853107452393e-01
3.634383380413055420e-01 -3.418630361557006836e-01
-3.405588269233703613e-01 2.526203691959381104e-01
-7.231372594833374023e-01 5.088363885879516602e-01
2.868531644344329834e-01 -2.310985326766967773e-01
-6.944281458854675293e-01 5.499023795127868652e-01
3.423720002174377441e-01 -3.792687058448791504e-01
-2.592201530933380127e-01 1.009023562073707581e-01
-3.540454506874084473e-01 3.379139900207519531e-01
3.118935823440551758e-01 -4.477156400680541992e-01
-2.839885950088500977e-01 3.178491592407226562e-01
1.424524784088134766e-01 -7.461209595203399658e-02
1.105795800685882568e-01 -6.802604347467422485e-02
2.740865349769592285e-01 -1.887003630399703979e-01
3.183875083923339844e-01 -3.041902482509613037e-01
-2.134224921464920044e-01 2.953416705131530762e-01
1.818234920501708984e-01 -3.331216573715209961e-01
-1.484487503767013550e-01 3.348774611949920654e-01
-1.958134770393371582e-01 1.333185881376266479e-01
-3.823565691709518433e-02 2.071870118379592896e-01
-2.312226146459579468e-01 3.038226664066314697e-01
3.657945096492767334e-01 -2.450490146875381470e-01
-1.177630499005317688e-01 1.069762483239173889e-01
4.677458107471466064e-02 -7.215873152017593384e-02
1.473702043294906616e-01 1.386485546827316284e-01
3.539707362651824951e-01 -1.811006218194961548e-01
2.888796031475067139e-01 -1.312328279018402100e-01
1.861471533775329590e-01 -1.487596780061721802e-01
9.362545609474182129e-02 6.588322669267654419e-02
9.116759151220321655e-02 1.337461620569229126e-01
-2.862046957015991211e-01 1.041597574949264526e-01
-4.707907736301422119e-01 2.915676236152648926e-01
1.894177943468093872e-01 -1.547258049249649048e-01
-2.415896803140640259e-01 9.328320622444152832e-02
3.256702423095703125e-02 -2.673040628433227539e-01
3.767701610922813416e-02 -9.304212778806686401e-02
9.139610081911087036e-02 -2.774138376116752625e-02
1.876100301742553711e-01 -4.215524792671203613e-01
1.324341166764497757e-02 -4.549675807356834412e-02
-1.536560058593750000e-01 1.078818067908287048e-01
-1.173018291592597961e-01 1.868305169045925140e-02
5.650507658720016479e-02 8.456904441118240356e-03
-6.167494505643844604e-02 4.138740524649620056e-02
1.352875772863626480e-02 2.567037474364042282e-03
-2.869738042354583740e-01 8.007573895156383514e-03
1.090839877724647522e-01 -1.172550320625305176e-01
-1.380878984928131104e-01 -7.252229005098342896e-02
-3.806799650192260742e-02 1.113216951489448547e-01
4.052816703915596008e-02 -6.399428471922874451e-03
-1.725133359432220459e-01 1.610108315944671631e-01
3.254067897796630859e-01 -1.728468835353851318e-01
1.017291620373725891e-01 -8.129163831472396851e-02
-4.041630327701568604e-01 2.703158259391784668e-01
2.508651912212371826e-01 -1.079529821872711182e-01
3.760685026645660400e-01 -4.637511968612670898e-01
1.869133301079273224e-02 3.488440439105033875e-02
-7.003672420978546143e-02 -1.033174619078636169e-01
2.327633500099182129e-01 -2.155738323926925659e-01
6.240594759583473206e-02 -8.184613287448883057e-02
-2.784332446753978729e-02 1.338373869657516479e-01
5.368975549936294556e-02 -1.274651288986206055e-01
-1.576347649097442627e-01 3.577564358711242676e-01
-7.357414066791534424e-02 3.633694723248481750e-02
2.299809157848358154e-01 -2.393720746040344238e-01
4.176860749721527100e-01 -3.731682598590850830e-01
-2.836919128894805908e-01 4.436404630541801453e-02
-8.607022464275360107e-03 8.570443838834762573e-02
-2.744819521903991699e-01 3.275225162506103516e-01
1.645467728376388550e-01 -1.528424471616744995e-01
-1.831053346395492554e-01 4.948427528142929077e-02
3.184961155056953430e-02 -1.411915719509124756e-01
-2.318310439586639404e-01 3.837826550006866455e-01
-1.048727855086326599e-01 2.428962141275405884e-01
1.916373372077941895e-01 3.472890332341194153e-02
-1.405839771032333374e-01 1.683590114116668701e-01
-1.515406668186187744e-01 1.253241896629333496e-01
