1.260394006967544556e-01 -1.017311662435531616e-01
1.167259216308593750e-01 -2.821028530597686768e-01
-1.413917243480682373e-01 8.879332244396209717e-02
2.011700123548507690e-01 -1.587260067462921143e-01
-3.013984858989715576e-01 2.117392420768737793e-01
2.170979380607604980e-01 4.765646159648895264e-02
7.171007990837097168e-02 -3.170998767018318176e-02
9.211245924234390259e-02 -2.136097103357315063e-01
-2.377944886684417725e-01 8.338222652673721313e-02
6.671148538589477539e-02 -2.013569930568337440e-03
1.309985220432281494e-01 -1.127752065658569336e-01
-5.812649801373481750e-02 1.095047146081924438e-01
7.410604506731033325e-02 3.035193867981433868e-02
-1.391649544239044189e-01 1.389932930469512939e-01
-3.020645864307880402e-02 -1.997270286083221436e-01
-1.363646686077117920e-01 2.422809302806854248e-01
1.164202541112899780e-01 -1.444932967424392700e-01
3.683136776089668274e-03 -5.340114980936050415e-02
-2.501973807811737061e-01 -2.687644155230373144e-04
-7.020772993564605713e-02 -5.324168503284454346e-02
-1.362384669482707977e-02 6.623872369527816772e-02
2.048440724611282349e-01 -7.516315579414367676e-02
8.139871060848236084e-02 7.567925006151199341e-02
1.624754518270492554e-01 -5.072212964296340942e-02
-1.426106244325637817e-01 1.602259427309036255e-01
-1.178425028920173645e-01 1.826655119657516479e-01
1.742005348205566406e-01 -1.423348188400268555e-01
1.364369094371795654e-01 -1.860649138689041138e-01
-1.267538815736770630e-01 -3.942687809467315674e-02
-3.076060712337493896e-01 1.674842089414596558e-01
-4.599943011999130249e-02 8.978565037250518799e-02
-8.938153833150863647e-02 1.523172259330749512e-01
-7.620015740394592285e-02 4.899412766098976135e-02
1.342298090457916260e-01 -1.599664390087127686e-01
3.802292048931121826e-02 2.320197522640228271e-01
-1.079001650214195251e-01 1.249917894601821899e-01
4.653854295611381531e-02 1.251027286052703857e-01
9.862343221902847290e-02 -2.168189547955989838e-02
-5.346523225307464600e-02 -3.268874436616897583e-02
-4.631051328033208847e-03 -6.881391257047653198e-02
-3.596558421850204468e-02 -6.582880765199661255e-02
1.670249849557876587e-01 -1.942337155342102051e-01
-1.439451277256011963e-01 4.229212552309036255e-02
1.401203572750091553e-01 1.569022536277770996e-01
-1.011940538883209229e-01 9.744361042976379395e-02
9.479813277721405029e-02 1.020505875349044800e-01
-3.993394970893859863e-02 1.853478997945785522e-01
-2.134777307510375977e-01 1.492664366960525513e-01
-9.577409178018569946e-02 5.122645571827888489e-02
-8.648557960987091064e-02 1.063771471381187439e-01
-1.425462067127227783e-01 2.851507067680358887e-02
1.214900147169828415e-02 2.555070519447326660e-01
-1.232287809252738953e-01 2.716823518276214600e-01
-1.833239048719406128e-01 1.350847482681274414e-01
6.681402027606964111e-02 1.141304057091474533e-02
-4.858290776610374451e-03 -4.631768167018890381e-02
6.553153693675994873e-02 -1.620228886604309082e-01
-7.391192484647035599e-03 9.023223817348480225e-02
1.427363455295562744e-01 -2.020482867956161499e-01
-2.404708117246627808e-01 8.089895546436309814e-02
-8.175079524517059326e-02 -1.416835039854049683e-01
1.616755574941635132e-01 1.812791638076305389e-02
4.181600175797939301e-03 1.873019188642501831e-01
1.677943319082260132e-01 -1.063880398869514465e-01
-1.402950137853622437e-01 3.016767799854278564e-01
1.723933964967727661e-01 -1.357252746820449829e-01
-1.838317066431045532e-01 1.835493892431259155e-01
2.312196642160415649e-01 -1.209278926253318787e-01
-9.692761301994323730e-02 1.110330373048782349e-01
-5.052044615149497986e-02 2.418296225368976593e-02
6.061340123414993286e-02 -1.571441590785980225e-01
1.993295550346374512e-01 -3.520166873931884766e-02
-2.216820977628231049e-02 -3.572006151080131531e-02
-2.263188809156417847e-01 2.550491392612457275e-01
-1.184301748871803284e-01 1.662410944700241089e-01
7.693326473236083984e-02 -2.788382768630981445e-01
-1.731515079736709595e-01 2.771900296211242676e-01
1.830574423074722290e-01 -1.594412624835968018e-01
-2.661390788853168488e-02 8.293203264474868774e-02
2.953491546213626862e-02 1.046145986765623093e-02
1.305754948407411575e-02 -2.654500007629394531e-01
-6.863874197006225586e-02 3.516683578491210938e-01
1.744554489850997925e-01 -1.220145374536514282e-01
-1.515493392944335938e-01 1.811382770538330078e-01
-4.422917030751705170e-03 -1.495423913002014160e-01
1.895765811204910278e-01 -1.559959501028060913e-01
1.337701231241226196e-01 -1.903638243675231934e-01
-1.357699930667877197e-01 1.181870773434638977e-01
-1.798499971628189087e-01 2.524539232254028320e-01
-2.206517606973648071e-01 1.712714582681655884e-01
1.100271195173263550e-01 -4.053336381912231445e-02
1.432535648345947266e-01 -2.190340757369995117e-01
-3.880234062671661377e-02 8.301531523466110229e-02
-1.008869409561157227e-01 2.166165113449096680e-01
-2.815628647804260254e-01 1.189520675688982010e-02
-2.577007412910461426e-01 1.698232442140579224e-01
-1.707099080085754395e-01 1.382742226123809814e-01
-2.374247759580612183e-01 -6.871599471196532249e-04
-9.844785928726196289e-02 2.403278052806854248e-01
7.569827139377593994e-02 1.078615635633468628e-01
-1.413473486900329590e-01 1.521211415529251099e-01
9.896710515022277832e-02 -2.393260300159454346e-01
-2.553595602512359619e-01 1.121615022420883179e-01
1.209029704332351685e-01 -2.028080970048904419e-01
-2.296863682568073273e-02 -1.572938561439514160e-01
3.310050442814826965e-02 -1.806889027357101440e-01
-1.843734830617904663e-01 1.562101542949676514e-01
-3.174102902412414551e-01 2.822784334421157837e-02
1.737438701093196869e-02 2.451265752315521240e-01
5.970345810055732727e-02 -6.296323984861373901e-02
-6.282021850347518921e-02 1.395281553268432617e-01
-1.569489091634750366e-01 1.404678821563720703e-01
-1.160767823457717896e-01 1.531257331371307373e-01
2.181313782930374146e-01 -1.886261552572250366e-01
2.776882052421569824e-02 -1.613390892744064331e-01
-3.585051596164703369e-01 2.469267994165420532e-01
2.141068689525127411e-02 6.055489555001258850e-02
1.067555323243141174e-01 -1.203877329826354980e-01
9.590190649032592773e-02 -1.325758397579193115e-01
-2.222662419080734253e-01 1.762026548385620117e-01
-7.845830172300338745e-02 1.093623787164688110e-01
-1.848960965871810913e-01 1.532930880784988403e-01
3.587672412395477295e-01 -2.053147107362747192e-01
-1.144858151674270630e-01 1.903544664382934570e-01
1.808735132217407227e-01 -2.877424061298370361e-01
1.057973429560661316e-01 -1.008924841880798340e-01
1.579354405403137207e-01 -2.041565999388694763e-02
-2.224098742008209229e-01 1.968100070953369141e-01
-1.698755472898483276e-01 2.312510311603546143e-01
2.249580025672912598e-01 -1.440614908933639526e-01
-5.913487821817398071e-02 2.704853713512420654e-01
1.472024023532867432e-01 -6.241656374186277390e-03
-1.976426839828491211e-01 2.656373977661132812e-01
1.760846748948097229e-02 -3.680443763732910156e-02
2.606363296508789062e-01 -5.681750923395156860e-02
-2.693586945533752441e-01 6.870535016059875488e-02
-5.190807953476905823e-02 7.306432723999023438e-02
-9.478738903999328613e-02 3.344397246837615967e-02
-6.082434207201004028e-03 2.217149287462234497e-01
-8.502166718244552612e-02 1.000622436404228210e-01
1.206246837973594666e-01 -4.338026419281959534e-02
-7.861228659749031067e-03 1.461690068244934082e-01
5.579656735062599182e-02 1.153533980250358582e-01
7.811453659087419510e-03 1.677232384681701660e-01
-1.378253102302551270e-01 2.069108933210372925e-01
2.150809466838836670e-01 -2.279249280691146851e-01
-1.539224684238433838e-01 3.968672826886177063e-02
-1.762774959206581116e-02 1.418657898902893066e-01
-2.664098441600799561e-01 2.484541833400726318e-01
1.396692246198654175e-01 -2.671899795532226562e-01
9.790012240409851074e-02 -1.808893680572509766e-02
-1.275441795587539673e-01 1.054916679859161377e-01
2.997348830103874207e-02 7.252676039934158325e-02
-2.378846108913421631e-01 2.482794970273971558e-01
-9.565723128616809845e-03 -1.383055895566940308e-01
1.079587712883949280e-01 -1.104026064276695251e-01
2.045890390872955322e-01 -1.856058388948440552e-01
-2.395375221967697144e-01 1.639748811721801758e-01
7.809698581695556641e-02 -2.906924188137054443e-01
-1.629733294248580933e-02 9.209337085485458374e-02
7.489873468875885010e-02 -2.118742614984512329e-01
-4.339443892240524292e-02 1.063296198844909668e-01
-1.641151458024978638e-01 8.408409357070922852e-02
-2.465677708387374878e-01 1.954391598701477051e-02
-1.260576024651527405e-02 1.739979684352874756e-01
-2.595170736312866211e-01 1.929061710834503174e-01
-5.523173883557319641e-02 2.161177396774291992e-01
-8.840622007846832275e-02 1.176376417279243469e-01
-1.582473665475845337e-01 3.229048475623130798e-02
-5.698434635996818542e-02 1.586018502712249756e-01
2.649506330490112305e-01 -1.418345570564270020e-01
-1.745063066482543945e-01 2.046108432114124298e-02
1.631675064563751221e-01 -4.309188947081565857e-02
-3.133236169815063477e-01 2.187240421772003174e-01
-1.065586134791374207e-02 1.342678815126419067e-01
1.146635264158248901e-01 -6.460903584957122803e-02
-1.872058659791946411e-01 1.885821968317031860e-01
-1.442959345877170563e-02 1.792417168617248535e-01
-7.844520360231399536e-02 4.646131023764610291e-02
-2.138896286487579346e-01 1.252746880054473877e-01
3.400173783302307129e-02 -5.115627311170101166e-03
1.488025337457656860e-01 -1.434022933244705200e-01
-1.766503900289535522e-01 2.290982306003570557e-01
-1.360334604978561401e-01 1.014952063560485840e-01
-6.451763957738876343e-02 2.584526874125003815e-02
-2.421056926250457764e-01 -2.563507668673992157e-02
2.697948217391967773e-01 -1.352122575044631958e-01
-5.691775307059288025e-02 7.331103086471557617e-02
3.437113016843795776e-02 -1.579379737377166748e-01
-8.100388199090957642e-02 -4.696734622120857239e-02
5.884805321693420410e-02 -2.948150411248207092e-02
8.271043188869953156e-03 -2.042388021945953369e-01
-2.874743938446044922e-01 9.846816956996917725e-02
1.107354611158370972e-01 -1.709991097450256348e-01
-1.362902969121932983e-01 2.554481029510498047e-01
8.745680004358291626e-02 -1.519074440002441406e-01
-1.015065144747495651e-02 1.261772960424423218e-01
2.149408757686614990e-01 -1.081711277365684509e-01
1.622687280178070068e-01 -1.953500807285308838e-01
-5.222917348146438599e-02 2.900891238823533058e-03
-7.728975266218185425e-02 7.071825116872787476e-02
-6.078821420669555664e-02 1.296499818563461304e-01
-7.374763488769531250e-02 1.257898360490798950e-01
1.739019751548767090e-01 -4.993043839931488037e-02
2.294714748859405518e-01 -1.455739140510559082e-01
1.408149152994155884e-01 1.753520518541336060e-01
3.347697481513023376e-02 -1.203900873661041260e-01
-1.267489194869995117e-01 -6.946217268705368042e-02
-7.340889424085617065e-02 1.279873549938201904e-01
4.935259744524955750e-02 -1.076369956135749817e-01
-2.289514988660812378e-01 1.429723948240280151e-01
-2.343916893005371094e-02 1.239020079374313354e-01
-2.125208079814910889e-01 5.379731953144073486e-02
3.785349056124687195e-02 -2.411250919103622437e-01
-1.180975139141082764e-01 1.084020659327507019e-01
-5.008046329021453857e-02 -1.091561317443847656e-01
-3.464823216199874878e-02 -6.499452888965606689e-02
-1.569491028785705566e-01 7.673598825931549072e-02
-1.513114720582962036e-01 2.159340828657150269e-01
-1.959014683961868286e-01 5.934008210897445679e-02
1.321317162364721298e-03 4.295397922396659851e-02
-3.067529797554016113e-01 1.351262927055358887e-01
-7.655513286590576172e-02 1.910988390445709229e-01
-1.809072494506835938e-01 6.206962093710899353e-02
-1.399731636047363281e-01 9.170018881559371948e-02
-1.756630241870880127e-01 1.267183125019073486e-01
-7.063089311122894287e-02 -1.270046681165695190e-01
-2.847508341073989868e-02 -2.325758486986160278e-01
-9.048067033290863037e-02 -1.677879318594932556e-02
1.133471950888633728e-01 -1.959083788096904755e-02
4.070805013179779053e-02 1.559851616621017456e-01
1.253245472908020020e-01 -1.006439626216888428e-01
-7.118660956621170044e-02 2.049143612384796143e-01
1.993891969323158264e-02 -2.053259611129760742e-01
-2.670948160812258720e-04 -2.038655877113342285e-01
-7.116040214896202087e-04 1.084740906953811646e-01
-1.912720650434494019e-01 9.018300473690032959e-02
-3.035454638302326202e-02 8.769804239273071289e-02
6.913769175298511982e-04 -1.367310881614685059e-01
-1.971453875303268433e-01 1.632366925477981567e-01
2.808113396167755127e-02 4.089606925845146179e-02
-2.889689989387989044e-02 -1.643840670585632324e-01
5.936312302947044373e-02 -8.124586194753646851e-02
6.077934801578521729e-02 -4.786932095885276794e-02
-1.232665330171585083e-01 1.091457381844520569e-01
2.110444307327270508e-01 -2.156092822551727295e-01
-1.333671361207962036e-01 1.597827225923538208e-01
7.478204206563532352e-04 1.052760183811187744e-01
-4.732291772961616516e-02 -4.131481796503067017e-02
-4.021673649549484253e-02 1.166667789220809937e-01
2.901335246860980988e-03 1.489861309528350830e-01
-1.917013376951217651e-01 2.330741435289382935e-01
2.173710763454437256e-01 -9.143421798944473267e-02
1.532200574874877930e-01 -2.455021254718303680e-02
3.933507576584815979e-02 4.296528548002243042e-02
1.171156540513038635e-01 1.045601163059473038e-02
