-1.524474322795867920e-01 -5.018578842282295227e-02
3.946663346141576767e-03 1.362875401973724365e-01
-2.619183063507080078e-02 5.138373374938964844e-02
3.845497220754623413e-02 -1.037199422717094421e-01
5.930194631218910217e-02 4.681916534900665283e-02
5.224721133708953857e-02 3.782655298709869385e-02
2.316315285861492157e-02 7.724285125732421875e-02
-2.496295841410756111e-03 1.302275713533163071e-02
-8.685299754142761230e-02 7.610795646905899048e-02
6.458400934934616089e-02 -4.039338231086730957e-02
5.407011136412620544e-02 -2.149187028408050537e-02
3.163244109600782394e-03 3.704983368515968323e-02
1.056285947561264038e-01 1.464677602052688599e-01
1.347543150186538696e-01 4.076179862022399902e-02
-4.430240020155906677e-02 -1.432260572910308838e-01
-1.198377087712287903e-02 1.050345599651336670e-01
-1.355678439140319824e-01 -1.451091021299362183e-01
-8.971370756626129150e-02 7.552785426378250122e-02
6.182112172245979309e-02 2.188076823949813843e-02
4.890784621238708496e-02 3.457793965935707092e-02
-6.352473795413970947e-02 2.134161740541458130e-01
-2.215769514441490173e-02 4.772081226110458374e-02
-4.058779741171747446e-04 8.028718084096908569e-02
1.089330837130546570e-01 1.421180516481399536e-01
2.431505732238292694e-02 4.124880209565162659e-02
-4.184478148818016052e-02 -5.957302823662757874e-02
-7.817837595939636230e-02 1.046779528260231018e-01
-8.688677102327346802e-02 8.098513633012771606e-02
-1.250961720943450928e-01 1.132680289447307587e-02
1.047653704881668091e-01 -6.263393163681030273e-02
-8.682007342576980591e-02 -1.016486436128616333e-01
2.083525955677032471e-01 -8.362820744514465332e-02
1.245068013668060303e-01 -9.586007893085479736e-02
3.109019994735717773e-02 3.573430329561233521e-02
-7.065942138433456421e-02 8.732143044471740723e-02
-1.452062837779521942e-02 5.377610400319099426e-02
7.117976993322372437e-02 9.956913441419601440e-02
1.711899638175964355e-01 -2.522618696093559265e-02
-2.954016253352165222e-02 1.116275265812873840e-01
2.092965133488178253e-02 -3.011152707040309906e-02
7.447820156812667847e-02 1.570148169994354248e-01
-8.785176277160644531e-02 4.859966039657592773e-02
8.227710425853729248e-02 -9.079682081937789917e-02
8.273535221815109253e-02 7.519699633121490479e-02
-9.198198467493057251e-02 -5.027398467063903809e-03
-6.891801208257675171e-02 -1.332363039255142212e-01
-8.924903720617294312e-02 1.113262306898832321e-02
5.710724368691444397e-02 -2.958386903628706932e-04
-2.962587587535381317e-02 -3.454319899901747704e-03
-2.061971127986907959e-01 5.466079805046319962e-03
1.105382740497589111e-01 -9.308519959449768066e-02
-9.918769448995590210e-02 -3.853173553943634033e-02
9.152678772807121277e-03 1.091709136962890625e-01
8.891759067773818970e-02 -2.104808986186981201e-01
-1.228140667080879211e-01 -1.533024106174707413e-02
9.295404702425003052e-02 -1.920423656702041626e-01
-1.600795984268188477e-01 3.030058927834033966e-02
2.166007831692695618e-02 -6.610874086618423462e-02
-1.509347856044769287e-01 1.413463428616523743e-02
4.499418288469314575e-02 -9.224090026691555977e-04
-1.442591696977615356e-01 3.157947584986686707e-02
-1.075287386775016785e-01 -4.267176613211631775e-02
7.122420519590377808e-02 -9.394959360361099243e-02
-1.312670111656188965e-01 -3.639709437265992165e-03
-2.323867380619049072e-01 2.263284176588058472e-01
-2.200579345226287842e-01 3.359673619270324707e-01
-4.903637617826461792e-02 2.014335840940475464e-01
1.705926470458507538e-02 -1.585653722286224365e-01
-9.873993694782257080e-02 1.584111452102661133e-01
7.036219537258148193e-02 2.285234630107879639e-01
1.786517202854156494e-01 -1.567142754793167114e-01
1.878456324338912964e-01 -1.625040471553802490e-01
-7.115700840950012207e-02 1.509365886449813843e-01
-1.351174265146255493e-01 -5.547823011875152588e-02
4.915241897106170654e-02 -1.405178904533386230e-01
-1.189606711268424988e-01 5.152064189314842224e-02
-1.104017645120620728e-01 3.003374636173248291e-01
-4.339962825179100037e-02 -2.199786901473999023e-02
1.134746298193931580e-01 -2.071475088596343994e-01
-5.528571009635925293e-01 4.260765016078948975e-01
8.513204008340835571e-02 -2.633525133132934570e-01
-2.646054625511169434e-01 1.573877483606338501e-01
4.780907183885574341e-02 -2.298581041395664215e-02
-4.131515324115753174e-02 7.567238807678222656e-02
-3.395774364471435547e-01 2.208798825740814209e-01
-1.485748216509819031e-02 4.683058708906173706e-02
-1.897886693477630615e-01 1.416270136833190918e-01
-1.757462918758392334e-01 1.897607147693634033e-01
-2.102888375520706177e-01 1.072195097804069519e-01
1.984823942184448242e-01 -1.341425031423568726e-01
-1.273437142372131348e-01 8.714228123426437378e-02
-1.252778768539428711e-01 1.714518368244171143e-01
-1.378390043973922729e-01 2.533557415008544922e-01
2.345226109027862549e-01 -2.314463108777999878e-01
9.584631770849227905e-02 -1.004018709063529968e-01
1.178705617785453796e-01 5.660904943943023682e-02
4.738771542906761169e-02 -3.867662698030471802e-02
7.735433429479598999e-02 6.664149928838014603e-03
-4.934170283377170563e-03 3.812301531434059143e-02
3.212264552712440491e-02 -8.649567514657974243e-02
-1.381522566080093384e-01 -6.655485928058624268e-02
3.730667829513549805e-01 -2.079256772994995117e-01
-1.236514300107955933e-01 1.264217346906661987e-01
2.095497846603393555e-01 -1.374751329421997070e-01
-1.027832031250000000e-01 1.278104186058044434e-01
-3.717563301324844360e-02 1.753707528114318848e-01
1.462088525295257568e-01 -7.133770734071731567e-02
-4.338635876774787903e-02 -6.737511605024337769e-02
1.542701274156570435e-01 -3.373628947883844376e-03
1.383319348096847534e-01 -1.953634172677993774e-01
-2.718529999256134033e-01 -7.243321277201175690e-03
6.702761352062225342e-02 4.794129170477390289e-03
3.402787446975708008e-02 1.592430174350738525e-01
-2.505794167518615723e-01 3.172394335269927979e-01
9.269982576370239258e-02 -1.435201764106750488e-01
-1.104309111833572388e-01 -3.928640857338905334e-02
3.779897093772888184e-02 8.589724451303482056e-02
5.202094316482543945e-01 -4.169222712516784668e-01
-1.577911078929901123e-01 1.366623044013977051e-01
3.729219734668731689e-01 -1.143336370587348938e-01
-6.940309703350067139e-02 1.038232222199440002e-01
-3.618651535362005234e-03 2.569414377212524414e-01
-1.806574314832687378e-01 2.077718973159790039e-01
1.445421427488327026e-01 -1.712076961994171143e-01
-1.970260888338088989e-01 1.727290600538253784e-01
2.314495295286178589e-02 -5.390569940209388733e-02
7.670237123966217041e-02 -7.882495410740375519e-03
-1.517136674374341965e-02 2.994580939412117004e-02
-4.641456604003906250e-01 4.194532632827758789e-01
-2.698093354701995850e-01 -5.146384704858064651e-03
5.105372145771980286e-02 -2.902417480945587158e-01
4.002551138401031494e-01 -4.051598608493804932e-01
-5.742670968174934387e-02 1.069511324167251587e-01
-3.721517920494079590e-01 5.730502605438232422e-01
5.544310808181762695e-01 -4.553220570087432861e-01
7.117208242416381836e-01 -5.700493454933166504e-01
-9.177865833044052124e-02 1.009244695305824280e-01
1.567195057868957520e-01 -1.738631576299667358e-01
1.382306218147277832e-01 -7.587536424398422241e-02
-8.673654496669769287e-02 4.143842682242393494e-02
-7.111071348190307617e-01 8.718526959419250488e-01
3.944591283798217773e-01 -5.678732395172119141e-01
-1.230748146772384644e-01 2.011644244194030762e-01
-5.228346586227416992e-01 4.960871338844299316e-01
1.383089870214462280e-01 -2.372753806412220001e-02
9.592159837484359741e-02 -2.470637261867523193e-01
1.940064132213592529e-02 -9.660010039806365967e-02
9.784731268882751465e-02 -1.122676134109497070e-01
-3.519932925701141357e-01 3.551678359508514404e-01
-2.000127881765365601e-01 3.328924179077148438e-01
-7.165158987045288086e-01 6.241393685340881348e-01
-1.967496722936630249e-01 1.066550388932228088e-01
2.502082884311676025e-01 -3.447252511978149414e-01
-1.315898746252059937e-01 1.479033082723617554e-01
-3.257700800895690918e-01 3.236674666404724121e-01
-3.359712660312652588e-01 5.380361676216125488e-01
-7.949188351631164551e-01 6.760722398757934570e-01
7.634438574314117432e-02 -1.142387092113494873e-01
1.222556009888648987e-01 -6.213361397385597229e-02
3.955376148223876953e-01 -4.532961547374725342e-01
3.832999467849731445e-01 -4.004040360450744629e-01
-2.224226295948028564e-01 -5.295050144195556641e-02
-5.605921745300292969e-01 2.951432168483734131e-01
-1.473620682954788208e-01 1.860830336809158325e-01
3.593064844608306885e-02 9.173565357923507690e-02
-1.880611032247543335e-01 4.684481918811798096e-01
-3.712437450885772705e-01 4.290366768836975098e-01
3.716561198234558105e-01 -3.029344975948333740e-01
2.835361957550048828e-01 -1.910984516143798828e-01
3.778538480401039124e-02 -1.199667062610387802e-02
-5.507181286811828613e-01 3.425420224666595459e-01
-3.690401911735534668e-01 4.617700278759002686e-01
4.893698990345001221e-01 -5.749810934066772461e-01
5.327072143554687500e-01 -4.158164560794830322e-01
-2.697452902793884277e-01 2.075234204530715942e-01
1.939388215541839600e-01 -2.257215678691864014e-01
-5.525637269020080566e-01 2.626136243343353271e-01
-4.938397705554962158e-01 3.207718133926391602e-01
1.155712530016899109e-01 -3.288374841213226318e-01
-3.911838531494140625e-01 6.337324380874633789e-01
-2.894072830677032471e-01 2.755360305309295654e-01
4.211370944976806641e-01 -2.130309790372848511e-01
-7.599133849143981934e-01 6.922211647033691406e-01
4.923236668109893799e-01 -5.244812965393066406e-01
-9.154223650693893433e-02 6.517922133207321167e-02
-2.610226273536682129e-01 3.113665580749511719e-01
-3.626963496208190918e-02 1.359929144382476807e-01
5.575215816497802734e-01 -4.801034331321716309e-01
-2.640880346298217773e-01 2.597043812274932861e-01
9.339784085750579834e-02 -1.733850389719009399e-01
3.436913192272186279e-01 -1.290156096220016479e-01
5.755263939499855042e-02 7.426607608795166016e-02
-2.481241375207901001e-01 2.731525599956512451e-01
-9.106584638357162476e-02 1.747573614120483398e-01
1.753654517233371735e-02 5.067577585577964783e-02
1.478609889745712280e-01 -1.135978326201438904e-01
-4.402699321508407593e-02 3.974516317248344421e-02
-4.065633416175842285e-01 2.849214673042297363e-01
3.792269527912139893e-01 -3.381143510341644287e-01
4.013648927211761475e-01 -3.415133655071258545e-01
-6.066877394914627075e-02 -9.397049993276596069e-02
-9.776365756988525391e-02 6.807657331228256226e-02
-5.823660641908645630e-02 -2.550716511905193329e-02
2.324827462434768677e-01 -4.698879644274711609e-02
-2.184653133153915405e-01 4.444954693317413330e-01
2.286910861730575562e-01 -3.447258770465850830e-01
-4.223824292421340942e-02 9.182914346456527710e-02
-6.401528120040893555e-01 4.993482530117034912e-01
4.896519705653190613e-02 -1.375280916690826416e-01
-7.149455696344375610e-02 9.046512097120285034e-02
1.259315758943557739e-01 -2.156945317983627319e-02
1.197306662797927856e-01 -5.462818220257759094e-02
-1.141128689050674438e-01 1.026309281587600708e-01
2.536031417548656464e-03 1.073903497308492661e-02
-3.430449366569519043e-01 1.915284395217895508e-01
-1.608750969171524048e-01 -2.165083587169647217e-02
-8.442205190658569336e-02 9.194082766771316528e-02
-1.889126151800155640e-01 -1.277774572372436523e-02
-3.708560764789581299e-01 3.059117496013641357e-01
-5.061205625534057617e-01 2.763031125068664551e-01
-1.610346287488937378e-01 2.186447232961654663e-01
2.469631843268871307e-02 4.764258489012718201e-02
-4.752352461218833923e-02 8.426075428724288940e-02
2.788317501544952393e-01 -3.295133709907531738e-01
4.010980427265167236e-01 -3.634715974330902100e-01
-1.130679175257682800e-01 2.362505495548248291e-01
-8.010519295930862427e-02 2.033680379390716553e-01
1.280235797166824341e-01 1.116813719272613525e-02
-8.916144818067550659e-02 1.084475517272949219e-01
-3.578383475542068481e-02 2.294550538063049316e-01
-3.646555840969085693e-01 3.193950951099395752e-01
8.897306770086288452e-02 -1.970882564783096313e-01
9.256201982498168945e-02 -6.739443540573120117e-02
1.070116162300109863e-01 -2.776987105607986450e-02
2.658848166465759277e-01 -2.075136899948120117e-01
-8.544772863388061523e-02 7.274489104747772217e-02
3.340696990489959717e-01 -2.476219534873962402e-01
6.306025981903076172e-01 -5.708634257316589355e-01
-2.049226015806198120e-01 1.168941110372543335e-01
-1.153601408004760742e-01 1.629198342561721802e-01
-1.651716083288192749e-01 6.224401295185089111e-02
-4.193685054779052734e-01 4.949384033679962158e-01
2.994630634784698486e-01 -7.874394208192825317e-02
-2.799250483512878418e-01 3.705327212810516357e-01
-8.201214671134948730e-02 2.539491094648838043e-02
2.993222475051879883e-01 -5.134027600288391113e-01
-1.140504777431488037e-01 5.351760983467102051e-02
3.478821516036987305e-01 -5.661584138870239258e-01
8.177745342254638672e-02 2.414942979812622070e-01
-4.168179929256439209e-01 3.078078031539916992e-01
-5.640461444854736328e-01 4.639600515365600586e-01
1.277498751878738403e-01 -2.703297436237335205e-01
-2.398657649755477905e-01 7.910642772912979126e-02
1.354383379220962524e-01 -1.577384769916534424e-01
1.903129965066909790e-01 -1.966308951377868652e-01
-9.155258536338806152e-02 4.242413863539695740e-02
