-9.649303555488586426e-02 5.835544690489768982e-02
1.155719012022018433e-01 2.034522779285907745e-02
3.441913798451423645e-02 2.626139521598815918e-01
-1.456433981657028198e-01 2.276833951473236084e-01
-1.662772595882415771e-01 1.976592242717742920e-01
7.212721556425094604e-02 -1.779844611883163452e-01
3.290253132581710815e-02 -7.289590686559677124e-02
1.312291324138641357e-01 -4.519484937191009521e-02
-1.625366508960723877e-01 1.749860793352127075e-01
7.812497764825820923e-02 -1.560326367616653442e-01
1.272329222410917282e-02 -6.506370753049850464e-02
1.804193556308746338e-01 -2.133630812168121338e-01
3.947842400521039963e-03 3.959135338664054871e-02
-2.877911031246185303e-01 1.912797689437866211e-01
2.367409765720367432e-01 -8.515314757823944092e-02
-1.071498990058898926e-01 -1.306395977735519409e-01
-2.344421595335006714e-01 9.049319475889205933e-02
2.107155919075012207e-01 1.094593759626150131e-02
2.648742310702800751e-02 -1.016793251037597656e-01
-2.171346694231033325e-01 1.468883603811264038e-01
7.055463641881942749e-02 -8.650384098291397095e-02
-3.537526726722717285e-01 2.988106012344360352e-01
-3.491209819912910461e-02 1.286809593439102173e-01
-3.399013280868530273e-01 2.896382212638854980e-01
1.980292350053787231e-01 -2.262360900640487671e-01
1.112349424511194229e-02 2.009798074141144753e-03
-9.139242023229598999e-02 -1.407090425491333008e-01
8.747565001249313354e-02 4.504429176449775696e-02
-1.975134164094924927e-01 8.780470490455627441e-02
1.321256309747695923e-01 1.287701129913330078e-01
-9.024120122194290161e-02 1.084797605872154236e-01
4.117812961339950562e-02 8.858696371316909790e-02
-1.137116998434066772e-01 9.931385517120361328e-02
3.578754141926765442e-02 -3.238038718700408936e-02
-5.908514931797981262e-02 7.093995064496994019e-02
-1.196329966187477112e-01 2.513723820447921753e-02
-1.452303677797317505e-01 1.374997198581695557e-01
2.267175912857055664e-02 -2.701061666011810303e-01
3.039199411869049072e-01 -1.401580572128295898e-01
1.140245795249938965e-01 -3.782633319497108459e-02
5.841994285583496094e-02 1.596440970897674561e-01
-4.658040031790733337e-02 1.174340695142745972e-01
4.174694716930389404e-01 -3.099285364151000977e-01
-1.074740737676620483e-01 1.338547021150588989e-01
5.927373189479112625e-03 -1.875026226043701172e-01
-4.725957661867141724e-02 -9.956896974472329021e-05
9.708213806152343750e-02 -1.603248342871665955e-02
-2.850174307823181152e-01 5.694703012704849243e-02
5.475932732224464417e-02 -1.789308339357376099e-01
4.216608777642250061e-02 -1.029421389102935791e-01
-1.145838424563407898e-01 7.722821086645126343e-02
2.102904953062534332e-02 -1.919152736663818359e-01
-2.328782528638839722e-01 2.195333242416381836e-01
1.150773093104362488e-01 -7.218019664287567139e-02
-2.424433231353759766e-01 1.123546585440635681e-01
1.573748141527175903e-01 -3.840196877717971802e-02
-1.099409908056259155e-01 -4.568056017160415649e-02
1.114991456270217896e-01 -1.154980808496475220e-02
-1.829609870910644531e-01 2.204920649528503418e-01
2.108395844697952271e-01 -7.402794063091278076e-02
-1.621475964784622192e-01 1.987112015485763550e-01
-1.101700961589813232e-01 7.075326889753341675e-02
2.897990345954895020e-01 -3.074580430984497070e-01
-4.630359634757041931e-02 5.702605471014976501e-02
6.778725385665893555e-01 -7.148908376693725586e-01
2.912394516170024872e-02 -3.277170062065124512e-01
-3.033598959445953369e-01 1.946354806423187256e-01
-3.077958822250366211e-01 3.994892537593841553e-01
-2.569492459297180176e-01 3.387587368488311768e-01
3.711191415786743164e-01 -4.312516450881958008e-01
-2.366592884063720703e-01 2.963784635066986084e-01
2.068326920270919800e-01 -2.889728844165802002e-01
-7.784312963485717773e-01 8.648683428764343262e-01
4.068034589290618896e-01 -3.086137771606445312e-01
1.279376819729804993e-02 -2.210831344127655029e-01
9.923963546752929688e-01 -9.631515145301818848e-01
-1.360678672790527344e-01 5.763931944966316223e-02
-2.826428413391113281e-01 5.045734643936157227e-01
2.567666471004486084e-01 -3.159093558788299561e-01
3.480052947998046875e-01 -3.317176699638366699e-01
6.427060365676879883e-01 -3.658573627471923828e-01
4.650395214557647705e-01 -4.748277068138122559e-01
1.856468804180622101e-02 3.642710670828819275e-02
-5.448136925697326660e-01 4.034878313541412354e-01
7.828374505043029785e-01 -7.802063226699829102e-01
-3.365660309791564941e-01 4.686469435691833496e-01
-6.056426763534545898e-01 5.347035527229309082e-01
3.582935407757759094e-02 5.456815287470817566e-02
2.782077193260192871e-01 -2.024212181568145752e-01
-1.776584386825561523e-01 2.034708261489868164e-01
7.647819817066192627e-02 -2.080754637718200684e-01
2.318911850452423096e-01 -2.107094377279281616e-01
2.019179984927177429e-02 9.329267591238021851e-02
-1.632357835769653320e-01 1.083489414304494858e-02
-2.109923511743545532e-01 2.209802716970443726e-01
2.123718559741973877e-01 -2.037005871534347534e-01
-2.736761868000030518e-01 4.419283866882324219e-01
4.260295331478118896e-01 -3.281590938568115234e-01
-8.585265278816223145e-02 1.605227962136268616e-02
3.123719692230224609e-01 -3.694247901439666748e-01
1.716704815626144409e-01 -3.100011684000492096e-02
-2.397307157516479492e-01 2.771328687667846680e-01
6.679721474647521973e-01 -6.858443021774291992e-01
3.910062611103057861e-01 -4.880955517292022705e-01
-7.899730205535888672e-01 8.058835268020629883e-01
-6.173474788665771484e-01 5.684151053428649902e-01
4.339084923267364502e-01 -5.353753566741943359e-01
-4.849410951137542725e-01 6.633479595184326172e-01
8.187247067689895630e-02 -1.179452762007713318e-01
-7.295551896095275879e-02 7.471589744091033936e-02
2.545693218708038330e-01 -3.010924756526947021e-01
9.202257394790649414e-01 -6.947125792503356934e-01
5.203540995717048645e-02 -6.876690685749053955e-02
1.200533658266067505e-01 -4.235052317380905151e-02
-3.493025898933410645e-01 2.644056975841522217e-01
3.378503620624542236e-01 -1.346789598464965820e-01
-1.699605733156204224e-01 1.701885312795639038e-01
1.544885709881782532e-02 1.102727949619293213e-01
-2.239146679639816284e-01 2.095185667276382446e-01
3.642996847629547119e-01 -3.163343667984008789e-01
-1.870301663875579834e-01 7.342888414859771729e-02
5.398501753807067871e-01 -5.634551048278808594e-01
-3.103511929512023926e-01 3.403932154178619385e-01
2.659618556499481201e-01 -2.598733603954315186e-01
-4.087927043437957764e-01 5.211943984031677246e-01
-1.331290155649185181e-01 2.973054051399230957e-01
4.528420865535736084e-01 -3.062449693679809570e-01
-1.669844239950180054e-01 -4.680668190121650696e-02
7.445935606956481934e-01 -9.569258689880371094e-01
-1.680805906653404236e-02 3.636786341667175293e-02
-1.143058091402053833e-01 2.944041490554809570e-01
-1.783649027347564697e-01 2.249581664800643921e-01
2.562259137630462646e-02 -9.028699994087219238e-02
6.596539616584777832e-01 -4.679645001888275146e-01
2.522152960300445557e-01 -2.117471545934677124e-01
-7.261106371879577637e-01 7.456555366516113281e-01
-2.707209289073944092e-01 1.268648952245712280e-01
3.105990588665008545e-01 -4.706041812896728516e-01
-2.412377297878265381e-02 2.169720083475112915e-01
2.653311938047409058e-02 -1.156403943896293640e-01
-2.558996677398681641e-01 2.240568101406097412e-01
-3.414507582783699036e-02 1.287088394165039062e-01
-8.347515463829040527e-01 8.936656117439270020e-01
1.782346218824386597e-01 5.060565844178199768e-02
7.307048439979553223e-01 -5.508764982223510742e-01
-3.083839118480682373e-01 2.702835500240325928e-01
-3.997086286544799805e-01 3.592101633548736572e-01
-3.944714367389678955e-01 5.452756881713867188e-01
5.070236921310424805e-01 -5.246403217315673828e-01
-3.781160712242126465e-01 5.459995269775390625e-01
-9.901725053787231445e-01 1.039277672767639160e+00
5.949840545654296875e-01 -3.101415932178497314e-01
4.128450453281402588e-01 -6.047124862670898438e-01
6.602037698030471802e-02 -2.316502779722213745e-01
-1.025628075003623962e-01 -5.492761731147766113e-02
4.248017966747283936e-01 -3.838456869125366211e-01
-7.769492268562316895e-01 8.199156522750854492e-01
1.858027130365371704e-01 2.140636555850505829e-02
4.762422442436218262e-01 -5.402759909629821777e-01
4.826559424400329590e-01 -5.719394087791442871e-01
-8.247286081314086914e-01 9.198376536369323730e-01
-2.879526913166046143e-01 2.436902225017547607e-01
4.047230482101440430e-01 -4.338294863700866699e-01
3.330986499786376953e-01 -5.574381351470947266e-01
-3.140110075473785400e-01 2.630697190761566162e-01
2.105252817273139954e-02 5.479046329855918884e-02
1.080860853195190430e+00 -1.164788007736206055e+00
5.119822546839714050e-02 -1.462444961071014404e-01
-2.565745413303375244e-01 1.800475865602493286e-01
4.432563483715057373e-02 2.131942212581634521e-01
-1.853403300046920776e-01 5.426660180091857910e-02
-1.164341807365417480e+00 1.029206752777099609e+00
-4.323536753654479980e-01 5.408560037612915039e-01
-2.224818915128707886e-01 2.423276305198669434e-01
3.068434447050094604e-02 1.581451594829559326e-01
1.070029616355895996e+00 -8.939256668090820312e-01
9.265602380037307739e-02 8.423928916454315186e-02
-6.022440735250711441e-03 6.546709686517715454e-02
-4.660464823246002197e-02 -1.657312735915184021e-03
2.450988627970218658e-02 -1.156921461224555969e-01
-4.493851587176322937e-02 -1.865840330719947815e-02
9.118380397558212280e-02 -1.927146315574645996e-01
2.673282921314239502e-01 -2.222245782613754272e-01
-3.025224991142749786e-02 1.943770945072174072e-01
-8.053354024887084961e-01 7.499138712882995605e-01
5.291811823844909668e-01 -3.394367694854736328e-01
3.965154588222503662e-01 -8.761754631996154785e-02
6.931234896183013916e-02 1.367930173873901367e-01
-9.008146524429321289e-01 9.256539344787597656e-01
3.049487173557281494e-01 -2.615722715854644775e-01
-6.347839236259460449e-01 7.429236769676208496e-01
-3.975718468427658081e-02 1.734575480222702026e-01
1.342153549194335938e-01 -3.898133039474487305e-01
-2.024321556091308594e-01 2.426264137029647827e-01
-1.102200057357549667e-02 -5.065076053142547607e-02
-1.144488230347633362e-01 -9.857517667114734650e-03
-1.371282041072845459e-01 1.037085708230733871e-02
9.574911743402481079e-02 -2.279596328735351562e-01
2.894061505794525146e-01 -2.651182115077972412e-01
-2.539322674274444580e-01 2.173060476779937744e-01
-1.932243704795837402e-01 2.860542535781860352e-01
1.709349751472473145e-01 -1.607894897460937500e-01
7.008697092533111572e-02 -6.502306461334228516e-02
8.313498646020889282e-02 -2.407577484846115112e-01
-3.742215037345886230e-01 3.531875610351562500e-01
1.416422277688980103e-01 -7.340528536587953568e-03
-4.803787171840667725e-01 2.752229869365692139e-01
5.644589290022850037e-02 7.689195126295089722e-02
8.717467635869979858e-02 -2.086511999368667603e-01
2.093077823519706726e-02 8.205470442771911621e-02
-2.912414968013763428e-01 1.923974454402923584e-01
-2.993612289428710938e-01 2.336616814136505127e-01
2.765433192253112793e-01 -4.878344386816024780e-02
-1.639426499605178833e-01 2.143349200487136841e-01
-1.964043378829956055e-01 3.290519118309020996e-01
-2.273932248353958130e-01 9.105378389358520508e-02
-4.425984248518943787e-02 -1.255815327167510986e-01
1.935675591230392456e-01 -1.030254065990447998e-01
-1.194824501872062683e-01 7.375242561101913452e-02
2.715652436017990112e-02 4.829856567084789276e-03
-3.043023049831390381e-01 3.432398438453674316e-01
-3.170211911201477051e-01 1.351160109043121338e-01
-3.754743933677673340e-02 1.220184043049812317e-01
2.523697912693023682e-01 -3.727395832538604736e-01
-2.547296881675720215e-01 2.449693381786346436e-01
9.921951219439506531e-03 9.584127366542816162e-02
2.118638753890991211e-01 -1.555416882038116455e-01
2.768318653106689453e-01 -1.912972182035446167e-01
2.082087099552154541e-02 1.588228791952133179e-01
-2.166375368833541870e-01 2.485807538032531738e-01
3.557248711585998535e-01 -4.162330925464630127e-01
1.007376685738563538e-01 -4.400121979415416718e-03
-2.316260933876037598e-01 1.622165590524673462e-01
-3.168450295925140381e-01 1.307786107063293457e-01
1.888560056686401367e-01 -1.652843952178955078e-01
-2.263534814119338989e-01 4.954847097396850586e-01
-4.296639189124107361e-02 -1.828144118189811707e-02
4.638530313968658447e-02 -3.144371137022972107e-02
8.381661772727966309e-02 -2.472620010375976562e-01
2.258508056402206421e-01 -2.309523373842239380e-01
5.006607994437217712e-02 -1.537375748157501221e-01
-9.701123833656311035e-02 -1.578355878591537476e-01
-7.697516120970249176e-03 -8.269270509481430054e-02
1.276323497295379639e-01 9.658122807741165161e-02
-1.533533036708831787e-01 1.603137254714965820e-01
5.481293797492980957e-02 -1.473663002252578735e-01
3.080226778984069824e-01 -7.430524099618196487e-03
-1.151049658656120300e-01 3.080526590347290039e-01
-2.290868610143661499e-01 2.599281072616577148e-01
3.859201669692993164e-01 -3.710173964500427246e-01
1.275229901075363159e-01 -1.549539715051651001e-01
2.384398831054568291e-03 2.443271875381469727e-02
-6.874644011259078979e-02 2.259484380483627319e-01
2.890663407742977142e-02 6.301424652338027954e-02
-1.266581416130065918e-01 1.209898963570594788e-01
5.470899492502212524e-02 -2.197355926036834717e-01
