9.690175205469131470e-02 6.259332440095022321e-05
1.634669005870819092e-01 -3.417027294635772705e-01
1.321457475423812866e-01 8.969385176897048950e-02
9.027845412492752075e-02 -7.369381189346313477e-02
2.975137829780578613e-01 -1.027359962463378906e-01
1.003687083721160889e-01 5.893793702125549316e-02
-6.652940809726715088e-02 1.915900260210037231e-01
-3.560431897640228271e-01 3.880958259105682373e-01
2.813394069671630859e-01 -3.207275867462158203e-01
-2.427587211132049561e-01 3.378372192382812500e-01
-3.084318637847900391e-01 2.300612330436706543e-01
-2.616509497165679932e-01 2.020495086908340454e-01
3.308619856834411621e-01 -2.556343972682952881e-01
1.772021800279617310e-01 -9.011552482843399048e-02
-3.843224048614501953e-01 5.083655118942260742e-01
1.339130550622940063e-01 -1.500512808561325073e-01
-1.031743511557579041e-01 1.325785275548696518e-02
-3.624041974544525146e-01 2.604049146175384521e-01
-3.501197099685668945e-01 2.921507656574249268e-01
-5.071688890457153320e-01 3.662156164646148682e-01
-9.003590047359466553e-02 1.633307933807373047e-01
3.609320148825645447e-02 -1.115207970142364502e-01
-3.214783370494842529e-01 4.003519117832183838e-01
2.822827398777008057e-01 -1.398033797740936279e-01
1.496925950050354004e-01 -1.262320876121520996e-01
-3.062823712825775146e-01 2.616544067859649658e-01
2.277925163507461548e-01 -1.046312227845191956e-01
1.667190939188003540e-01 -1.758890300989151001e-01
-5.128566622734069824e-01 2.058158814907073975e-01
6.700866222381591797e-01 -6.149183511734008789e-01
-4.260464012622833252e-01 4.610527455806732178e-01
-1.039385572075843811e-01 1.280789673328399658e-01
-3.165411055088043213e-01 1.097715422511100769e-01
1.518348008394241333e-01 -4.969984665513038635e-02
-1.347906887531280518e-01 8.720451034605503082e-03
-1.684161126613616943e-01 3.462253883481025696e-02
3.466572165489196777e-01 -3.891960978507995605e-01
5.757717415690422058e-02 -3.237956389784812927e-02
2.838894724845886230e-01 -1.987788230180740356e-01
-3.731706440448760986e-01 3.143685162067413330e-01
3.191027939319610596e-01 -4.023756086826324463e-01
2.806538343429565430e-01 -3.166029453277587891e-01
-2.371420264244079590e-01 2.002604901790618896e-01
1.166895031929016113e-02 -5.708223581314086914e-02
-1.171016022562980652e-01 1.261465400457382202e-01
-8.903654664754867554e-02 1.330165416002273560e-01
-1.108273267745971680e-01 -5.041824653744697571e-02
6.948578357696533203e-02 -1.523512452840805054e-01
-1.036425158381462097e-01 2.838398516178131104e-01
-4.684258252382278442e-02 -1.115352883934974670e-01
2.016254365444183350e-01 -2.395269125699996948e-01
2.010567672550678253e-02 -1.294597238302230835e-01
-2.522637881338596344e-02 -1.497907936573028564e-01
1.284544467926025391e-01 -1.593109071254730225e-01
6.169070601463317871e-01 -6.142598390579223633e-01
4.543818235397338867e-01 -3.986667990684509277e-01
3.751824051141738892e-02 1.470193266868591309e-01
-2.173343002796173096e-01 1.915871500968933105e-01
-5.022025704383850098e-01 2.567523717880249023e-01
7.338857650756835938e-02 1.465355604887008667e-01
-1.206633746623992920e-01 -7.958386838436126709e-02
-1.560260057449340820e-01 -9.323559701442718506e-02
-7.897002622485160828e-03 8.964249491691589355e-02
-4.554905891418457031e-01 4.560606479644775391e-01
-4.932064116001129150e-01 4.074228703975677490e-01
-3.463009893894195557e-01 2.216607034206390381e-01
-1.866994351148605347e-01 3.031990230083465576e-01
-2.961756885051727295e-01 2.240923643112182617e-01
1.341682672500610352e+00 -1.258920550346374512e+00
3.060442209243774414e-01 -2.999214231967926025e-01
-2.784596011042594910e-02 -7.068102061748504639e-02
-1.531581282615661621e+00 1.584167718887329102e+00
1.596857011318206787e-01 7.122220098972320557e-02
-2.431936115026473999e-01 3.285844624042510986e-01
-1.352851986885070801e+00 1.157401084899902344e+00
-8.414046168327331543e-01 8.621078133583068848e-01
9.814763814210891724e-02 -4.529203474521636963e-02
1.024228453636169434e+00 -9.571055769920349121e-01
-4.864993095397949219e-01 5.399243235588073730e-01
1.528460383415222168e-01 -4.281105399131774902e-01
5.306211113929748535e-01 -3.252693414688110352e-01
-1.223278641700744629e+00 1.261381387710571289e+00
-1.021146059036254883e+00 1.027644276618957520e+00
-8.466599583625793457e-01 7.957469224929809570e-01
-1.883208453655242920e-01 -6.433491408824920654e-02
-5.246290564537048340e-01 4.498965740203857422e-01
-1.953876495361328125e+00 1.855555891990661621e+00
7.697552442550659180e-01 -9.728040099143981934e-01
1.300698995590209961e+00 -1.138291716575622559e+00
3.634379804134368896e-01 -2.422601729631423950e-01
-2.359561473131179810e-01 2.488190829753875732e-01
4.618040025234222412e-01 -4.151124358177185059e-01
-4.009793698787689209e-01 5.389648079872131348e-01
-9.116861037909984589e-03 1.001251712441444397e-01
9.377441406250000000e-01 -1.043305039405822754e+00
-4.032452702522277832e-01 2.882592678070068359e-01
4.293280243873596191e-01 -4.508838355541229248e-01
-3.909076750278472900e-02 1.565299630165100098e-01
-2.974624335765838623e-01 4.574870765209197998e-01
2.606810927391052246e-01 -2.052331715822219849e-01
-6.139289140701293945e-01 7.120417952537536621e-01
5.301380753517150879e-01 -5.518828630447387695e-01
3.614798560738563538e-02 -1.612668484449386597e-02
-1.192000955343246460e-01 1.345998644828796387e-01
1.004818439483642578e+00 -1.073494195938110352e+00
5.766367316246032715e-01 -8.129596710205078125e-01
-6.561517715454101562e-01 6.007985472679138184e-01
1.131585001945495605e+00 -1.279949665069580078e+00
7.377247810363769531e-01 -7.008154988288879395e-01
-4.583576917648315430e-01 4.414151608943939209e-01
5.702599138021469116e-02 -1.084284577518701553e-02
1.318677216768264771e-01 -1.905722171068191528e-01
3.394791856408119202e-02 -7.848987728357315063e-02
-1.372886776924133301e+00 1.432315230369567871e+00
5.204777419567108154e-02 -1.595593541860580444e-01
1.108955025672912598e+00 -1.021507740020751953e+00
7.754675745964050293e-01 -5.890486240386962891e-01
5.290336608886718750e-01 -4.903874993324279785e-01
9.236374497413635254e-01 -1.108995914459228516e+00
-1.599713712930679321e-01 1.831198334693908691e-01
-5.855668783187866211e-01 7.455102205276489258e-01
-9.259139299392700195e-01 9.025844931602478027e-01
7.483915686607360840e-01 -7.692559957504272461e-01
-3.804642558097839355e-01 3.846908211708068848e-01
-2.206468731164932251e-01 2.852568328380584717e-01
-4.906070884317159653e-03 5.211599916219711304e-02
-1.264209508895874023e+00 1.029887676239013672e+00
2.011095732450485229e-01 -3.422522544860839844e-01
-9.403327107429504395e-02 1.912734508514404297e-01
2.608556449413299561e-01 -2.756201326847076416e-01
1.406516134738922119e-01 -1.461627930402755737e-01
-4.966773092746734619e-02 -1.707293242216110229e-01
-2.872265279293060303e-01 4.508577585220336914e-01
-1.437061280012130737e-01 2.906292676925659180e-01
-3.950001895427703857e-01 3.867112100124359131e-01
-4.038833379745483398e-01 1.540861427783966064e-01
-2.253268361091613770e-01 7.279983907938003540e-02
5.482851266860961914e-01 -4.411065578460693359e-01
4.382143318653106689e-01 -4.406757950782775879e-01
1.209224835038185120e-01 -5.604967474937438965e-02
1.553727686405181885e-02 7.879475504159927368e-02
-4.060680978000164032e-03 1.970143169164657593e-01
-5.840649083256721497e-02 2.725252509117126465e-02
-3.162491619586944580e-01 2.106981426477432251e-01
8.453640341758728027e-01 -8.365279436111450195e-01
-6.521513462066650391e-01 5.908055901527404785e-01
-4.825549423694610596e-01 4.408138692378997803e-01
3.461998105049133301e-01 -3.541441559791564941e-01
-3.607722222805023193e-01 4.144684225320816040e-02
-2.331739962100982666e-01 2.075641751289367676e-01
6.885749697685241699e-01 -6.299447417259216309e-01
-6.309805810451507568e-02 5.095522478222846985e-02
5.212992429733276367e-01 -4.333098530769348145e-01
-6.198841333389282227e-01 5.519645810127258301e-01
-1.879205256700515747e-01 1.166825965046882629e-01
7.022005319595336914e-01 -6.838340163230895996e-01
4.743884503841400146e-01 -5.983604788780212402e-01
3.533830121159553528e-02 -7.373408228158950806e-02
-1.714851856231689453e-01 1.531210839748382568e-01
-6.315823197364807129e-01 4.708126187324523926e-01
3.144075870513916016e-01 -4.257717430591583252e-01
-3.571634590625762939e-01 7.687322050333023071e-02
-5.999215841293334961e-01 5.616814494132995605e-01
-1.754209548234939575e-01 6.522099673748016357e-02
6.783019304275512695e-01 -8.405143618583679199e-01
7.419312000274658203e-02 4.806565120816230774e-02
-2.349185943603515625e-01 1.017883270978927612e-01
-2.801417410373687744e-01 3.596676290035247803e-01
-3.698346614837646484e-01 1.992229521274566650e-01
5.411981344223022461e-01 -5.098739862442016602e-01
4.938049912452697754e-01 -4.813255965709686279e-01
-6.529172658920288086e-01 7.097218632698059082e-01
3.757480382919311523e-01 -3.357110321521759033e-01
6.488106846809387207e-01 -8.162983655929565430e-01
-2.040325254201889038e-01 2.495248317718505859e-01
-2.895952463150024414e-01 2.798633277416229248e-01
3.283607959747314453e-01 -3.015870787203311920e-02
-1.376097798347473145e-01 1.971428394317626953e-01
-2.207192629575729370e-01 4.048388004302978516e-01
-9.274275302886962891e-01 1.027126312255859375e+00
8.086139559745788574e-01 -7.581080198287963867e-01
-3.262514173984527588e-01 3.438213169574737549e-01
6.628055572509765625e-01 -6.644114851951599121e-01
4.885347783565521240e-01 -4.529948830604553223e-01
8.244904130697250366e-02 -1.553678810596466064e-01
1.481583476066589355e+00 -1.309987664222717285e+00
-7.807797938585281372e-02 1.301756501197814941e-01
5.226022750139236450e-02 -1.116193830966949463e-01
5.970699787139892578e-01 -3.842903077602386475e-01
-4.457647800445556641e-01 5.947057008743286133e-01
1.691166013479232788e-01 -3.618369698524475098e-01
1.637610346078872681e-01 6.701575219631195068e-02
-1.243158727884292603e-01 3.211688101291656494e-01
4.589459896087646484e-01 -4.150007665157318115e-01
-1.331647336483001709e-01 -2.381672151386737823e-02
2.982128560543060303e-01 -6.323318183422088623e-02
-1.426497250795364380e-01 2.163172215223312378e-01
-7.159882783889770508e-02 7.229955494403839111e-02
1.089920848608016968e-01 -1.078099384903907776e-01
-3.722077608108520508e-02 -5.820327252149581909e-02
3.302756249904632568e-01 -2.723797559738159180e-01
-1.325877606868743896e-01 3.453274667263031006e-01
2.656181454658508301e-01 -4.169058203697204590e-01
3.941688239574432373e-01 -3.982267975807189941e-01
-1.750883162021636963e-01 2.905558347702026367e-01
-1.454674303531646729e-01 2.235479503870010376e-01
-1.372106820344924927e-01 4.187375679612159729e-02
1.183412298560142517e-01 -3.168061375617980957e-01
7.156985253095626831e-02 -1.217061579227447510e-01
-3.148747235536575317e-02 -1.684226542711257935e-01
-5.264071747660636902e-02 1.375191956758499146e-01
3.207708895206451416e-02 2.959059365093708038e-02
-6.926006078720092773e-01 4.336042106151580811e-01
-5.036059021949768066e-02 7.590533047914505005e-02
2.166641652584075928e-01 -1.615582499653100967e-03
8.695973157882690430e-01 -9.213682413101196289e-01
2.108593843877315521e-02 -1.528606517240405083e-03
2.671652436256408691e-01 -2.458995133638381958e-01
2.009885013103485107e-02 -1.493931561708450317e-01
5.741975903511047363e-01 -4.818078577518463135e-01
-2.645514011383056641e-01 1.637805849313735962e-01
8.708818256855010986e-02 -7.239398360252380371e-02
-2.850490063428878784e-02 1.171708032488822937e-01
-1.463080346584320068e-01 3.580273985862731934e-01
-6.855017691850662231e-02 7.893896102905273438e-02
-2.998782694339752197e-01 2.624225318431854248e-01
-2.472033053636550903e-01 1.804440468549728394e-01
-9.594229608774185181e-02 -2.904498204588890076e-02
1.377763301134109497e-01 -8.624254912137985229e-02
-1.787768006324768066e-01 7.270755618810653687e-02
3.035542666912078857e-01 -4.381025135517120361e-01
-2.667424976825714111e-01 1.740865111351013184e-01
2.009539008140563965e-01 -3.531825244426727295e-01
4.246100187301635742e-01 -3.213030397891998291e-01
5.651546120643615723e-01 -4.631822109222412109e-01
2.216624319553375244e-01 -1.210203990340232849e-01
3.902988880872726440e-02 -2.302906811237335205e-01
5.251747369766235352e-01 -6.195845007896423340e-01
-2.204013913869857788e-01 1.015652120113372803e-01
-2.699573040008544922e-01 1.252356171607971191e-01
-2.149587571620941162e-01 3.182365000247955322e-01
-2.063783630728721619e-02 1.613614559173583984e-01
1.135803163051605225e-01 -1.514602359384298325e-02
-5.805321335792541504e-01 4.857787787914276123e-01
1.455409731715917587e-02 -2.013078033924102783e-01
-3.335356414318084717e-01 2.638458013534545898e-01
1.443171314895153046e-02 -4.840063303709030151e-02
4.298184514045715332e-01 -2.201436907052993774e-01
-3.977714478969573975e-02 1.496115047484636307e-02
2.604661881923675537e-01 -5.685879588127136230e-01
2.822394967079162598e-01 -3.266594111919403076e-01
8.817906491458415985e-04 4.001651704311370850e-02
2.495681792497634888e-01 -5.052846856415271759e-03
-2.062407284975051880e-01 1.947108656167984009e-01
3.470027446746826172e-02 7.452053576707839966e-02
6.819894164800643921e-02 -7.396815717220306396e-02
