-1.619097590446472168e-01 1.783344596624374390e-01
1.129235103726387024e-01 1.300475466996431351e-02
9.115439653396606445e-02 -1.511184424161911011e-01
1.202438101172447205e-01 -2.053060084581375122e-01
-6.993369013071060181e-02 -1.355879567563533783e-02
-1.551377624273300171e-01 3.222853690385818481e-02
1.041808947920799255e-01 -1.713799983263015747e-01
3.255509072914719582e-03 -7.627513725310564041e-03
2.981175184249877930e-01 -1.870590299367904663e-01
-1.345363706350326538e-01 2.680102288722991943e-01
-5.299503728747367859e-02 -5.341414734721183777e-02
-1.578415930271148682e-01 4.067647829651832581e-02
-1.027996018528938293e-01 7.076355814933776855e-02
2.546055614948272705e-01 -9.129718691110610962e-02
9.909690916538238525e-02 -2.223202288150787354e-01
-7.478623837232589722e-02 3.537903726100921631e-01
8.903066068887710571e-02 2.724066749215126038e-02
1.554699093103408813e-01 -2.435427308082580566e-01
-1.272706240415573120e-01 -5.902736261487007141e-02
1.169445663690567017e-01 -4.498678073287010193e-02
1.275279372930526733e-01 8.523267507553100586e-02
6.411769986152648926e-02 4.501917213201522827e-02
2.851836979389190674e-01 -7.917967438697814941e-02
-5.269253626465797424e-02 5.356084555387496948e-02
-1.446090452373027802e-02 -9.217262268066406250e-02
1.419275254011154175e-01 6.855944171547889709e-03
-3.276172876358032227e-01 4.339844286441802979e-01
1.029632762074470520e-01 8.709876239299774170e-02
-4.653815031051635742e-01 3.212257623672485352e-01
1.459060013294219971e-01 -2.149039953947067261e-01
-7.111827284097671509e-02 3.261740505695343018e-01
-2.988851964473724365e-01 1.034083664417266846e-01
6.923282891511917114e-02 -1.166979968547821045e-01
-9.575350582599639893e-02 -7.064738869667053223e-02
-7.754972577095031738e-02 1.983175985515117645e-02
1.671538650989532471e-01 -1.767616271972656250e-01
-2.447730489075183868e-02 -1.419513374567031860e-01
3.031032904982566833e-02 1.885159909725189209e-01
7.661374658346176147e-02 -3.137121349573135376e-02
-3.586033824831247330e-03 1.889290288090705872e-03
4.388067871332168579e-02 -1.172491610050201416e-01
-2.908353805541992188e-01 4.079377353191375732e-01
3.157254457473754883e-01 -4.530851244926452637e-01
-1.839422285556793213e-01 1.031663119792938232e-01
2.799696028232574463e-01 -2.628512084484100342e-01
6.221692636609077454e-02 -8.023290336132049561e-02
3.834650665521621704e-02 1.406720727682113647e-01
-5.004616379737854004e-01 2.620731592178344727e-01
-2.442272566258907318e-02 3.078047558665275574e-02
-7.097037881612777710e-02 -1.205506175756454468e-01
1.209077164530754089e-01 -1.786970198154449463e-01
9.257242083549499512e-02 -2.270984500646591187e-01
9.040811657905578613e-02 -6.470053642988204956e-02
4.076745212078094482e-01 -4.770108759403228760e-01
2.699985504150390625e-01 -3.795270919799804688e-01
2.009018361568450928e-01 -2.687639296054840088e-01
-6.089482083916664124e-02 2.606961429119110107e-01
-1.517724096775054932e-01 1.342525333166122437e-01
2.291483432054519653e-01 -3.234612941741943359e-01
4.958344623446464539e-02 -1.013174466788768768e-02
-2.251132130622863770e-01 2.927661836147308350e-01
-1.968660205602645874e-01 -8.711095154285430908e-02
3.682796359062194824e-01 -2.505608201026916504e-01
-3.136665821075439453e-01 7.277167588472366333e-02
-1.713844239711761475e-01 5.267218351364135742e-01
6.490924954414367676e-01 -3.777453601360321045e-01
4.075676798820495605e-01 -6.711061596870422363e-01
3.780223131179809570e-01 -4.414846003055572510e-01
5.154259130358695984e-02 8.233127743005752563e-02
3.349132537841796875e-01 -4.414201378822326660e-01
1.655911952257156372e-01 -6.254509836435317993e-02
5.156045556068420410e-01 -3.925656080245971680e-01
5.286222100257873535e-01 -2.637775242328643799e-01
-2.145147770643234253e-01 2.634250223636627197e-01
3.568427562713623047e-01 -1.085696071386337280e-01
3.386321961879730225e-01 -4.822408854961395264e-01
3.184047341346740723e-01 -2.162892073392868042e-01
1.499474197626113892e-01 1.742539554834365845e-02
4.261620938777923584e-01 -6.197155714035034180e-01
-6.089645028114318848e-01 5.502105951309204102e-01
6.165664196014404297e-01 -3.963728845119476318e-01
2.192936837673187256e-01 -3.019317984580993652e-01
3.434838354587554932e-01 -1.992301642894744873e-01
2.514212727546691895e-01 -4.125988483428955078e-02
5.252999067306518555e-01 -6.057969927787780762e-01
-2.938968539237976074e-01 3.404528200626373291e-01
1.340617537498474121e-01 -9.662444144487380981e-02
-4.389807879924774170e-01 2.070837467908859253e-01
2.917149662971496582e-01 -2.824470996856689453e-01
3.778040409088134766e-01 -3.571564853191375732e-01
-4.616203308105468750e-01 4.580520391464233398e-01
-3.133119642734527588e-01 1.877430230379104614e-01
-3.383321166038513184e-01 3.517916798591613770e-01
4.402168840169906616e-02 -1.304466873407363892e-01
-2.987677752971649170e-01 1.968533843755722046e-01
-2.124648243188858032e-01 3.474400639533996582e-01
-7.037752866744995117e-02 1.629673242568969727e-01
4.254603385925292969e-01 -4.040511548519134521e-01
-1.687969565391540527e-01 3.911615908145904541e-02
3.812376260757446289e-01 -4.555105865001678467e-01
5.652333498001098633e-01 -6.129218339920043945e-01
-4.408540129661560059e-01 4.420136213302612305e-01
5.462927371263504028e-02 -3.261089622974395752e-01
2.158613502979278564e-01 -3.345164060592651367e-01
-2.250798605382442474e-02 -1.280740648508071899e-01
-5.724847316741943359e-01 4.999999105930328369e-01
4.070306420326232910e-01 -3.898015916347503662e-01
-2.701003253459930420e-01 5.513966679573059082e-01
2.465211153030395508e-01 -2.383565604686737061e-01
-5.116358399391174316e-01 6.188951730728149414e-01
5.610705912113189697e-02 1.987969316542148590e-02
3.697283565998077393e-02 1.140653416514396667e-01
-3.341859579086303711e-01 4.369451105594635010e-01
8.643617480993270874e-02 -1.525289416313171387e-01
-4.078263938426971436e-01 4.131603538990020752e-01
2.195385098457336426e-01 -2.235442548990249634e-01
2.529589831829071045e-01 -3.129001557826995850e-01
-5.772409960627555847e-02 1.990573853254318237e-01
-3.977843523025512695e-01 2.847663164138793945e-01
3.217747807502746582e-01 -5.847657322883605957e-01
-4.858380854129791260e-01 3.043372035026550293e-01
-4.491028189659118652e-01 2.919941544532775879e-01
7.287012785673141479e-02 -3.762114793062210083e-02
1.403511501848697662e-02 7.596171461045742035e-03
-3.565823733806610107e-01 3.123060762882232666e-01
2.106446176767349243e-01 -3.222338557243347168e-01
2.354451566934585571e-01 -2.475957870483398438e-01
-5.750020742416381836e-01 3.961261808872222900e-01
-3.842730224132537842e-01 3.732435703277587891e-01
-1.832408457994461060e-01 2.223671227693557739e-01
3.703767955303192139e-01 -3.941277861595153809e-01
-5.711385607719421387e-02 -4.667647555470466614e-02
4.176675975322723389e-01 -3.348125517368316650e-01
1.836522482335567474e-02 -1.825271844863891602e-01
1.159663200378417969e-01 -8.732233196496963501e-02
-5.134615302085876465e-01 4.841316640377044678e-01
-3.069808483123779297e-01 3.690375387668609619e-01
1.724309623241424561e-01 -1.546929329633712769e-01
-2.317915111780166626e-01 2.890781164169311523e-01
-2.331529855728149414e-01 2.515109777450561523e-01
-5.512378811836242676e-01 4.487488269805908203e-01
2.978333830833435059e-01 -3.181222081184387207e-01
-5.095107555389404297e-01 2.980843782424926758e-01
-2.282283157110214233e-01 2.450876235961914062e-01
-1.992947310209274292e-01 4.317527413368225098e-01
-3.530656695365905762e-01 4.776799976825714111e-01
4.190554320812225342e-01 -3.473985195159912109e-01
4.945389032363891602e-01 -5.296359062194824219e-01
3.631695508956909180e-01 -4.566173553466796875e-01
-1.530884206295013428e-01 -1.221375316381454468e-01
2.143611311912536621e-01 -6.551014259457588196e-03
4.609153792262077332e-02 -5.374913662672042847e-02
-1.421827375888824463e-01 2.911922931671142578e-01
-4.508649706840515137e-01 3.678228259086608887e-01
1.549455374479293823e-01 -3.902010023593902588e-01
2.248292118310928345e-01 -2.635647654533386230e-01
-4.260909855365753174e-01 6.115083098411560059e-01
9.966150671243667603e-02 -2.420169115066528320e-01
1.768067330121994019e-01 -2.552424967288970947e-01
-3.306281864643096924e-01 3.824823498725891113e-01
4.609557241201400757e-02 7.276852428913116455e-02
-2.902238070964813232e-01 1.755922585725784302e-01
4.885911345481872559e-01 -5.901056528091430664e-01
4.613312482833862305e-01 -3.392173647880554199e-01
1.976508945226669312e-01 -3.590579926967620850e-01
1.218361034989356995e-01 -2.158173769712448120e-01
1.430999487638473511e-01 -2.319166064262390137e-01
-1.499317884445190430e-01 1.455128937959671021e-01
5.573109984397888184e-01 -4.662942588329315186e-01
-4.263834953308105469e-01 4.068319499492645264e-01
3.725926578044891357e-01 -2.515412271022796631e-01
-3.253459036350250244e-01 3.857541680335998535e-01
1.852240115404129028e-01 -2.969716787338256836e-01
-2.286432087421417236e-01 1.773352324962615967e-01
3.003105334937572479e-02 -1.736859679222106934e-01
4.354319274425506592e-01 -2.410778850317001343e-01
1.447568982839584351e-01 3.334788605570793152e-02
2.628123164176940918e-01 -2.980847358703613281e-01
-5.877283588051795959e-02 1.616352796554565430e-01
5.557342171669006348e-01 -3.926388323307037354e-01
1.307180374860763550e-01 2.169504761695861816e-02
1.729061603546142578e-01 -2.235003560781478882e-01
1.031416505575180054e-01 -1.543812919408082962e-02
2.369081526994705200e-01 -3.250743746757507324e-01
2.653013542294502258e-02 7.796140760183334351e-02
-1.013210043311119080e-02 -8.868290483951568604e-02
2.894954085350036621e-01 -2.848208546638488770e-01
2.512015998363494873e-01 -1.060220673680305481e-01
-5.176620483398437500e-01 3.051353693008422852e-01
4.724385440349578857e-01 -4.919050633907318115e-01
-2.541541159152984619e-01 3.603329360485076904e-01
-4.064743816852569580e-01 3.571970164775848389e-01
-9.060328453779220581e-02 -1.641004346311092377e-02
-1.291449964046478271e-01 1.868670284748077393e-01
1.027508601546287537e-01 -1.422189176082611084e-01
-7.640951871871948242e-02 -2.393550872802734375e-01
4.414448440074920654e-01 -2.906419634819030762e-01
-2.158186137676239014e-01 1.750303953886032104e-01
4.686379060149192810e-02 -8.646298199892044067e-02
-2.008343636989593506e-01 1.818708144128322601e-02
1.230659149587154388e-02 1.287494599819183350e-02
-4.161216318607330322e-02 1.481893956661224365e-01
2.527947425842285156e-01 -8.999724686145782471e-02
-5.483983457088470459e-02 2.435694485902786255e-01
-1.697507947683334351e-01 3.017158806324005127e-01
-1.822315305471420288e-01 1.141059622168540955e-01
-2.089639008045196533e-02 -2.734581232070922852e-01
-1.515893340110778809e-01 2.403048276901245117e-01
1.218394748866558075e-02 5.877321213483810425e-02
-1.283793747425079346e-01 2.503401339054107666e-01
4.937410727143287659e-02 -1.201318949460983276e-01
2.310615926980972290e-01 -9.948265552520751953e-02
2.680308930575847626e-02 -6.276363134384155273e-02
8.409962058067321777e-02 -1.607687026262283325e-01
-9.639101475477218628e-02 -1.362007260322570801e-01
-1.815043687820434570e-01 2.661863900721073151e-02
-1.145417392253875732e-01 2.520571053028106689e-01
-3.063395917415618896e-01 7.225161790847778320e-02
2.502634935081005096e-02 -5.853893980383872986e-02
-1.450159102678298950e-01 6.636884063482284546e-02
7.163314521312713623e-02 1.902911998331546783e-02
1.484822332859039307e-01 -8.092024177312850952e-02
-8.845978975296020508e-02 -6.442000716924667358e-02
-1.826128661632537842e-01 2.520090043544769287e-01
-3.011590428650379181e-02 3.314258754253387451e-01
-3.094829916954040527e-01 -5.589413642883300781e-02
1.583784371614456177e-01 -8.905925601720809937e-02
1.284966766834259033e-01 -4.154907539486885071e-02
1.767673790454864502e-01 -2.604894042015075684e-01
-2.094877511262893677e-01 1.044892370700836182e-01
-5.054192990064620972e-02 -9.124751389026641846e-02
-2.578280270099639893e-01 1.299199163913726807e-01
2.160170376300811768e-01 -3.934775665402412415e-02
-9.881089627742767334e-02 2.843873798847198486e-01
2.697925865650177002e-01 -4.851165711879730225e-01
-5.877783522009849548e-02 2.082825303077697754e-01
1.494868844747543335e-01 2.415359951555728912e-02
-6.547288969159126282e-03 -8.231443352997303009e-03
-2.556836418807506561e-02 -1.917083412408828735e-01
-1.549784690141677856e-01 1.430693119764328003e-01
-1.303793787956237793e-01 1.564207673072814941e-01
1.285753957927227020e-02 3.496300801634788513e-02
3.472547605633735657e-02 2.610148303210735321e-02
2.081413269042968750e-01 -3.537647128105163574e-01
8.296782523393630981e-02 -1.787116527557373047e-01
2.155279368162155151e-01 -4.437464848160743713e-02
-3.589901328086853027e-02 4.810272529721260071e-02
2.763711288571357727e-02 -1.566563993692398071e-01
1.830450743436813354e-01 -2.757758088409900665e-02
4.770949855446815491e-02 -1.115952357649803162e-01
3.145725280046463013e-02 -2.049800604581832886e-01
-2.298478484153747559e-01 7.744848728179931641e-02
-2.521488070487976074e-01 4.063718318939208984e-01
2.936035990715026855e-01 -1.741029620170593262e-01
1.519659161567687988e-01 -4.646931588649749756e-02
1.757523976266384125e-02 1.266802996397018433e-01
