-4.036936908960342407e-02 -1.937564089894294739e-02
1.510579288005828857e-01 6.100549548864364624e-02
5.453108623623847961e-02 -3.025834076106548309e-02
-1.682382673025131226e-01 3.629537299275398254e-02
1.656229980289936066e-02 -8.804026246070861816e-02
-3.018583655357360840e-01 2.715996503829956055e-01
-1.598286032676696777e-01 1.689101755619049072e-01
1.786188483238220215e-01 -7.095387578010559082e-02
-6.729089468717575073e-02 -2.683909535408020020e-01
-3.830273821949958801e-02 5.530415847897529602e-02
-2.369883004575967789e-03 -8.549442142248153687e-02
1.841542869806289673e-01 1.961389929056167603e-02
2.479938045144081116e-02 7.310774177312850952e-02
-1.491778790950775146e-01 2.161383032798767090e-01
1.935654133558273315e-02 -5.706907063722610474e-02
1.145313903689384460e-01 -2.443886995315551758e-01
-2.064329385757446289e-01 -4.101232439279556274e-02
-8.755565434694290161e-02 -9.554572403430938721e-02
-3.195695281028747559e-01 3.292523026466369629e-01
4.541102098301053047e-04 -1.557898428291082382e-02
1.246596202254295349e-01 -7.746638357639312744e-02
-3.290103375911712646e-01 4.018325507640838623e-01
5.866216495633125305e-02 1.352486461400985718e-01
7.980127632617950439e-02 6.458956748247146606e-02
-3.424949198961257935e-02 -1.077218949794769287e-01
2.847493253648281097e-02 3.997128829360008240e-02
-6.090611591935157776e-02 4.294068552553653717e-03
1.036083046346902847e-02 3.312677890062332153e-02
7.071582227945327759e-02 -1.301486492156982422e-01
1.261005997657775879e-01 -9.021475911140441895e-02
1.744810789823532104e-01 -1.921380460262298584e-01
1.607712805271148682e-01 4.133185371756553650e-02
-1.153737530112266541e-01 2.975100278854370117e-01
8.007116615772247314e-02 2.067653685808181763e-01
-2.085871249437332153e-02 -5.272061005234718323e-02
8.219300210475921631e-02 7.161635905504226685e-03
4.694370925426483154e-02 -8.229343593120574951e-02
-9.779767692089080811e-02 -2.970919385552406311e-02
-1.831247806549072266e-01 3.425952792167663574e-01
1.686675101518630981e-01 4.010006785392761230e-02
1.176501251757144928e-02 7.765554636716842651e-02
-8.550795912742614746e-02 -1.394023001194000244e-01
-2.273980528116226196e-01 1.954046934843063354e-01
-7.082187384366989136e-02 -5.162559449672698975e-02
2.603095471858978271e-01 -4.619120359420776367e-01
-3.831209242343902588e-01 4.548621475696563721e-01
5.319241061806678772e-02 1.226785406470298767e-01
3.701297640800476074e-01 -1.210309565067291260e-01
-1.325383931398391724e-01 3.359299004077911377e-01
7.522892951965332031e-02 -1.085635051131248474e-01
-7.195357233285903931e-02 -2.318152226507663727e-02
-2.986951768398284912e-01 5.047444701194763184e-01
2.104433327913284302e-01 -4.481840506196022034e-02
2.260750979185104370e-01 -1.989028304815292358e-01
-3.325023353099822998e-01 3.197940289974212646e-01
-2.905095182359218597e-02 -5.664528813213109970e-03
-5.361431241035461426e-01 4.567025005817413330e-01
-8.805000036954879761e-02 -1.815672963857650757e-01
-4.430835321545600891e-02 -1.308306902647018433e-01
2.855129539966583252e-02 5.924139916896820068e-02
-1.575561612844467163e-01 8.327004313468933105e-02
-4.891419410705566406e-02 3.356129303574562073e-02
5.785016342997550964e-02 -1.094655394554138184e-01
-2.595033943653106689e-01 3.169133365154266357e-01
2.306354194879531860e-01 -2.753884494304656982e-01
1.928587853908538818e-01 -5.378826335072517395e-02
-5.757948160171508789e-01 4.094117283821105957e-01
5.120712518692016602e-01 -3.720169067382812500e-01
-7.731850147247314453e-01 7.926877140998840332e-01
1.660828590393066406e-01 5.852463841438293457e-02
3.122624456882476807e-01 -5.704562067985534668e-01
-2.022226899862289429e-02 1.392045319080352783e-01
-1.543224304914474487e-01 1.336296945810317993e-01
2.192386090755462646e-01 -8.876710385084152222e-02
3.049388825893402100e-01 -4.048306643962860107e-01
-4.713707268238067627e-01 2.063421010971069336e-01
6.131734848022460938e-01 -6.562110781669616699e-01
-3.475709259510040283e-01 5.229435563087463379e-01
2.608024775981903076e-01 -4.014180600643157959e-01
-2.104001790285110474e-01 3.870175033807754517e-02
-1.326819360256195068e-01 1.546939611434936523e-01
1.814071685075759888e-01 -1.046237573027610779e-01
-1.406497955322265625e+00 1.395129084587097168e+00
-5.777915567159652710e-02 -3.975846990942955017e-02
2.864623963832855225e-01 -1.714147627353668213e-01
-1.005182266235351562e+00 1.202172279357910156e+00
1.347656995058059692e-01 -1.915699392557144165e-01
-1.581008173525333405e-02 -1.992176473140716553e-01
3.380649387836456299e-01 -3.341771364212036133e-01
7.902128100395202637e-01 -8.338597416877746582e-01
-4.175319969654083252e-01 4.900882840156555176e-01
-9.810680150985717773e-02 2.111463807523250580e-02
3.872238099575042725e-01 -3.705377280712127686e-01
3.492315709590911865e-01 -3.480153381824493408e-01
7.460996508598327637e-01 -8.714596033096313477e-01
1.742864847183227539e-01 -1.142864748835563660e-01
-3.077430427074432373e-01 2.167014628648757935e-01
-2.206757962703704834e-01 9.756716340780258179e-02
-4.015502333641052246e-01 5.857085585594177246e-01
6.787832975387573242e-01 -7.361922264099121094e-01
2.648207843303680420e-01 -3.687359392642974854e-01
7.684993147850036621e-01 -7.250385284423828125e-01
3.741151988506317139e-01 -1.922330707311630249e-01
-2.680401504039764404e-01 2.613117992877960205e-01
2.096105068922042847e-01 -2.241897881031036377e-01
-7.458709180355072021e-02 1.201950758695602417e-01
-2.407540082931518555e-01 3.230877220630645752e-01
-3.706303238868713379e-01 4.518715441226959229e-01
-1.543515175580978394e-01 -9.178654104471206665e-02
-4.246680438518524170e-01 4.657768309116363525e-01
-8.589245676994323730e-01 6.829029917716979980e-01
-1.826786100864410400e-01 2.791900932788848877e-01
-7.051208615303039551e-01 6.759436726570129395e-01
-2.872091531753540039e-01 1.963772028684616089e-01
-3.693540692329406738e-01 2.651639282703399658e-01
8.016455173492431641e-02 4.078335687518119812e-02
-6.298953294754028320e-02 -8.142073452472686768e-02
9.251278638839721680e-01 -8.115346431732177734e-01
-1.487932056188583374e-01 -2.289191447198390961e-02
-1.833951324224472046e-01 2.160144448280334473e-01
-2.792061269283294678e-01 5.050305724143981934e-01
6.262577325105667114e-02 -1.912593841552734375e-01
-4.852392971515655518e-01 5.761257410049438477e-01
-1.247990280389785767e-01 4.837077111005783081e-02
-7.542564719915390015e-02 -9.373474866151809692e-02
-2.897559702396392822e-01 3.891228139400482178e-01
-4.082071185111999512e-01 5.265554785728454590e-01
8.935847878456115723e-02 -1.228185668587684631e-01
-5.660185962915420532e-02 3.297293782234191895e-01
-5.081102848052978516e-01 4.262141883373260498e-01
-4.554134309291839600e-01 3.044529855251312256e-01
2.244614809751510620e-01 -9.041422605514526367e-02
4.038697779178619385e-01 -3.815342783927917480e-01
-7.981385290622711182e-02 1.023458987474441528e-01
5.131486058235168457e-01 -3.963242173194885254e-01
-4.001540243625640869e-01 4.714467525482177734e-01
-3.031222149729728699e-02 1.108405292034149170e-01
2.170764058828353882e-01 -1.778150647878646851e-01
5.562395453453063965e-01 -4.123907983303070068e-01
-1.945683658123016357e-01 2.376798987388610840e-01
1.324333250522613525e-01 -1.382208168506622314e-01
-1.215236112475395203e-01 8.793969452381134033e-02
-4.377284646034240723e-02 -4.929709434509277344e-02
-1.851987838745117188e-01 -9.880357980728149414e-02
-2.929451167583465576e-01 2.158104330301284790e-01
-9.208536893129348755e-02 1.943486556410789490e-02
-3.431557118892669678e-01 1.306092888116836548e-01
-8.805526494979858398e-01 6.958122253417968750e-01
-2.075000256299972534e-01 2.288170009851455688e-01
-9.204390645027160645e-01 6.804666519165039062e-01
3.139860928058624268e-01 -4.007614552974700928e-01
-4.650921225547790527e-01 6.664295196533203125e-01
8.428815007209777832e-01 -8.096868395805358887e-01
3.169923722743988037e-01 -1.464539021253585815e-01
-5.903964042663574219e-01 5.625929832458496094e-01
-4.277002215385437012e-01 4.808346927165985107e-01
6.294200420379638672e-01 -5.800760984420776367e-01
6.733744144439697266e-01 -5.669904351234436035e-01
-1.307713217101991177e-03 -1.363730430603027344e-01
7.359415888786315918e-01 -5.287718772888183594e-01
9.823706746101379395e-02 -8.823934942483901978e-02
-1.790939420461654663e-01 2.038839757442474365e-01
-3.533544540405273438e-01 3.276173770427703857e-01
5.327309966087341309e-01 -5.964917540550231934e-01
2.253889739513397217e-01 -2.649077773094177246e-01
4.692008718848228455e-02 -2.064444869756698608e-01
-8.470053225755691528e-02 1.324704736471176147e-01
-3.399230241775512695e-01 3.210358321666717529e-01
7.645677775144577026e-02 -1.082358732819557190e-01
-6.568791866302490234e-01 5.776672363281250000e-01
-1.600021868944168091e-01 1.604145318269729614e-01
-3.439531847834587097e-02 5.251590162515640259e-02
4.630886316299438477e-01 -6.176747083663940430e-01
-5.617688968777656555e-02 1.936552524566650391e-01
1.113578602671623230e-01 -2.122714668512344360e-01
4.102721437811851501e-02 1.734881103038787842e-01
-3.589984476566314697e-01 9.306635707616806030e-02
2.831887900829315186e-01 -3.648040294647216797e-01
-2.205243259668350220e-01 2.283516079187393188e-01
-5.503736138343811035e-01 7.567639350891113281e-01
2.884159982204437256e-02 -1.594514250755310059e-01
-1.657041758298873901e-01 1.192598491907119751e-01
-3.518374562263488770e-01 2.848500013351440430e-01
-1.519105583429336548e-01 1.727399826049804688e-01
-3.507162928581237793e-01 2.983680069446563721e-01
1.589642018079757690e-01 -1.547857467085123062e-02
-3.789676129817962646e-01 1.576431691646575928e-01
-1.022195443511009216e-02 -1.776859164237976074e-01
-6.143276095390319824e-01 5.206544995307922363e-01
1.285674571990966797e-01 -1.408541053533554077e-01
-1.295575052499771118e-01 1.460424065589904785e-02
3.298643529415130615e-01 -3.498983979225158691e-01
-7.471062242984771729e-02 -2.550645172595977783e-01
-3.727874159812927246e-01 1.192056983709335327e-01
1.627698838710784912e-01 -2.108210325241088867e-02
-2.107925713062286377e-01 1.451030820608139038e-01
2.117551416158676147e-01 -1.292623132467269897e-01
-1.779562234878540039e-01 2.708870358765125275e-02
1.774225980043411255e-01 -1.411137431859970093e-01
-3.028740882873535156e-01 3.517344295978546143e-01
-1.226030811667442322e-01 1.172035560011863708e-02
4.179940372705459595e-02 1.883475035429000854e-01
1.486436277627944946e-01 -1.102244779467582703e-01
2.400729358196258545e-01 -9.371308982372283936e-02
1.947397291660308838e-01 -6.974419951438903809e-02
-1.931017339229583740e-01 1.223169863224029541e-01
-8.986031636595726013e-03 -1.105932667851448059e-01
2.388727813959121704e-01 -2.643667161464691162e-01
-1.517002284526824951e-01 -8.500277996063232422e-02
8.780528604984283447e-02 -3.096799552440643311e-01
-3.946967124938964844e-01 2.810002565383911133e-01
-3.492912650108337402e-01 1.242177560925483704e-01
2.515131048858165741e-02 6.426877528429031372e-02
-2.727342247962951660e-01 3.413164615631103516e-01
1.803801394999027252e-02 -1.307797282934188843e-01
4.497126862406730652e-02 1.656166613101959229e-01
3.107641041278839111e-01 -2.161853164434432983e-01
3.230238258838653564e-01 -2.195222824811935425e-01
-4.936420321464538574e-01 5.576190948486328125e-01
-2.073968052864074707e-01 3.382483497262001038e-02
1.013224497437477112e-01 -1.198595687747001648e-01
2.325899153947830200e-01 -1.165175661444664001e-01
2.745732963085174561e-01 -1.983175873756408691e-01
1.421540379524230957e-01 -1.586095988750457764e-01
1.840497553348541260e-01 -4.425251856446266174e-03
-5.171015486121177673e-02 -6.288347393274307251e-02
-2.371772825717926025e-01 1.995419114828109741e-01
2.977096140384674072e-01 -4.455538392066955566e-01
3.671237230300903320e-01 -1.537189930677413940e-01
1.694618463516235352e-01 -7.461945712566375732e-02
-1.561071127653121948e-01 1.519912034273147583e-01
-1.850005686283111572e-01 2.022342085838317871e-01
1.358902007341384888e-01 -1.691250950098037720e-01
-2.194839566946029663e-01 2.145783156156539917e-01
1.162819936871528625e-01 -5.246708914637565613e-02
1.239911392331123352e-01 -1.465239822864532471e-01
9.106495976448059082e-02 -2.748806588351726532e-02
-8.630385249853134155e-02 2.434210330247879028e-01
1.549324691295623779e-01 -1.224029436707496643e-01
-9.659815579652786255e-02 -6.813468784093856812e-02
-3.701517730951309204e-02 7.000552862882614136e-02
1.657380759716033936e-01 -9.371645748615264893e-02
-2.276076674461364746e-01 3.250003457069396973e-01
-1.882466077804565430e-01 6.557111442089080811e-02
2.919750511646270752e-01 -2.528015673160552979e-01
-3.017741627991199493e-02 3.810934349894523621e-02
-2.073501944541931152e-01 2.381180822849273682e-01
-2.894133329391479492e-01 1.880530267953872681e-01
-4.086679220199584961e-01 2.014611214399337769e-01
-8.874423056840896606e-02 -1.551112085580825806e-01
-3.713914752006530762e-02 2.296340167522430420e-01
-1.741711422801017761e-02 1.820639520883560181e-01
-2.277897298336029053e-01 2.710157334804534912e-01
-1.643640100955963135e-01 9.370685368776321411e-02
5.385683104395866394e-02 -7.110587786883115768e-03
2.668752148747444153e-02 -2.181070744991302490e-01
