4.090950191020965576e-01 -3.674603104591369629e-01
3.260952532291412354e-01 -4.405878484249114990e-01
1.324585527181625366e-01 -2.347117364406585693e-01
1.385233737528324127e-02 -7.905790954828262329e-02
-3.442082703113555908e-01 4.343047738075256348e-01
-1.418455224484205246e-02 -5.619394034147262573e-02
1.145264282822608948e-01 -6.830540299415588379e-02
-5.775224417448043823e-03 -7.501395046710968018e-02
2.225767076015472412e-01 -2.552791237831115723e-01
3.352725803852081299e-01 -3.511154353618621826e-01
9.288980811834335327e-02 -3.152787312865257263e-02
2.588298358023166656e-02 4.939764738082885742e-02
-2.134520560503005981e-01 2.511096596717834473e-01
2.032348662614822388e-01 -1.462258398532867432e-01
-6.610254198312759399e-02 7.549487054347991943e-02
1.926203966140747070e-01 -1.281205415725708008e-01
2.885479032993316650e-01 -1.597987115383148193e-01
-5.913711339235305786e-02 6.861919164657592773e-02
-1.232961937785148621e-01 8.358351886272430420e-02
3.500109612941741943e-01 -3.228545486927032471e-01
-2.030004858970642090e-01 -6.785573903471231461e-03
-2.810275256633758545e-01 3.195154070854187012e-01
-9.126716852188110352e-02 -1.460666861385107040e-02
4.056166708469390869e-01 -5.792251229286193848e-01
7.531790137290954590e-01 -5.038438439369201660e-01
2.777746021747589111e-01 -4.987933337688446045e-01
-4.506692886352539062e-01 3.265756368637084961e-01
5.414655059576034546e-02 -8.339941501617431641e-02
-3.447002917528152466e-02 6.849677301943302155e-03
3.620140254497528076e-01 -2.731028199195861816e-01
2.016891092061996460e-01 -1.764424145221710205e-01
1.120485663414001465e-01 -1.115277968347072601e-02
4.709507524967193604e-02 2.397308796644210815e-01
2.638047635555267334e-01 -1.832843273878097534e-01
-2.101309597492218018e-01 -1.543178316205739975e-02
-7.279122713953256607e-03 9.730413556098937988e-02
-2.048252224922180176e-01 4.356469213962554932e-01
-7.334253191947937012e-02 -1.925419829785823822e-02
3.580469787120819092e-01 -2.451636195182800293e-01
-5.755300819873809814e-02 -4.423744976520538330e-04
4.984481632709503174e-02 -6.575422734022140503e-02
1.825910657644271851e-01 -7.529473304748535156e-02
1.604738533496856689e-01 -1.058788597583770752e-01
-7.416374236345291138e-02 -4.797712713479995728e-02
2.353069782257080078e-01 -2.345652729272842407e-01
4.952925443649291992e-02 9.877640008926391602e-02
2.575030326843261719e-01 -1.482713967561721802e-01
1.358828842639923096e-01 5.468692164868116379e-03
-1.287411600351333618e-01 1.792763173580169678e-02
-1.847576051950454712e-01 1.357435882091522217e-01
2.144041657447814941e-01 -2.355832606554031372e-01
-9.600620716810226440e-02 2.377973124384880066e-02
9.721188247203826904e-02 -2.017698436975479126e-01
4.557775855064392090e-01 -3.816354572772979736e-01
-5.809423699975013733e-02 2.132278531789779663e-01
1.453775465488433838e-01 -1.376057118177413940e-01
-1.631619334220886230e-01 1.824615448713302612e-01
1.938736736774444580e-01 -1.636097431182861328e-01
-3.285514414310455322e-01 2.495455443859100342e-01
9.487766772508621216e-03 2.307116240262985229e-01
-8.845401555299758911e-02 -1.906960606575012207e-01
-9.754228591918945312e-02 5.420630797743797302e-02
9.201347827911376953e-02 -1.822102256119251251e-02
1.989648640155792236e-01 -2.023264020681381226e-01
6.058111190795898438e-01 -6.693713665008544922e-01
6.207363605499267578e-01 -5.658577680587768555e-01
2.781521081924438477e-01 -5.209549665451049805e-01
6.991105079650878906e-01 -6.294491291046142578e-01
-4.134477078914642334e-01 6.404961347579956055e-01
-7.085403800010681152e-02 1.163899227976799011e-01
-1.403481364250183105e-01 2.686728239059448242e-01
4.567337930202484131e-01 -5.537971854209899902e-01
6.608717441558837891e-01 -4.435867071151733398e-01
-6.920645833015441895e-01 5.148776769638061523e-01
4.201509654521942139e-01 -4.727228581905364990e-01
-5.281177163124084473e-01 5.006927251815795898e-01
-2.077964693307876587e-01 1.984833925962448120e-01
4.312332868576049805e-01 -2.829812169075012207e-01
4.249348640441894531e-01 -4.334049522876739502e-01
-2.382299154996871948e-01 1.736708283424377441e-01
4.480426311492919922e-01 -5.451216101646423340e-01
-1.341340243816375732e-01 1.237863600254058838e-01
-3.146353960037231445e-01 3.124438822269439697e-01
4.878853559494018555e-01 -4.594151973724365234e-01
4.650693535804748535e-01 -4.485133290290832520e-01
1.456207782030105591e-01 -3.870974481105804443e-01
4.732695221900939941e-01 -5.128533840179443359e-01
9.364210367202758789e-01 -7.494022250175476074e-01
2.542007565498352051e-01 -1.155893877148628235e-01
5.076682567596435547e-01 -3.890999853610992432e-01
7.729802280664443970e-02 -3.344122692942619324e-02
2.966918647289276123e-01 -2.085526883602142334e-01
-7.995018362998962402e-02 -9.930085390806198120e-03
5.192688703536987305e-01 -5.211603641510009766e-01
5.454776436090469360e-02 -1.948524415493011475e-01
6.939583923667669296e-03 -2.954311296343803406e-02
3.786061108112335205e-01 -3.019663393497467041e-01
5.718312859535217285e-01 -7.556151151657104492e-01
-6.523774862289428711e-01 8.611203432083129883e-01
2.058257460594177246e-01 -1.759060472249984741e-01
2.678767144680023193e-01 -3.513901233673095703e-01
-1.931394934654235840e-01 -3.114892914891242981e-02
3.589034974575042725e-01 -4.400272667407989502e-01
4.630045890808105469e-01 -5.848046541213989258e-01
-5.620719194412231445e-01 5.283603072166442871e-01
-3.691327273845672607e-01 3.982113599777221680e-01
3.430990278720855713e-01 -1.888966411352157593e-01
-3.030769526958465576e-01 4.588351547718048096e-01
-1.205409765243530273e-01 4.011098295450210571e-02
3.512387573719024658e-01 -2.600070834159851074e-01
-5.605189204216003418e-01 2.426133751869201660e-01
3.100579082965850830e-01 -2.139458209276199341e-01
-1.245546042919158936e-01 7.817594707012176514e-02
-3.757849633693695068e-01 2.653641104698181152e-01
-1.302509754896163940e-01 2.694064676761627197e-01
-5.766531825065612793e-01 6.257974505424499512e-01
-3.285446465015411377e-01 1.486233472824096680e-01
7.163684964179992676e-01 -6.851812005043029785e-01
-6.362795829772949219e-01 8.947565555572509766e-01
2.279632091522216797e-01 -3.119096159934997559e-01
-5.175520181655883789e-01 5.156670212745666504e-01
-3.820116519927978516e-01 4.444578289985656738e-01
-5.343332886695861816e-02 -5.956446751952171326e-02
1.615197062492370605e-01 -2.585150599479675293e-01
-2.278340458869934082e-01 2.208262830972671509e-01
3.756674528121948242e-01 -3.072119057178497314e-01
5.104854106903076172e-01 -2.627693414688110352e-01
1.219784766435623169e-01 -4.320202171802520752e-01
-1.217612717300653458e-02 8.822233974933624268e-02
5.551844462752342224e-02 2.450673878192901611e-01
5.821442604064941406e-01 -6.354063153266906738e-01
2.090662270784378052e-01 -1.406723856925964355e-01
5.821368694305419922e-01 -5.268849730491638184e-01
-3.124876618385314941e-01 3.398651480674743652e-01
-2.419637329876422882e-02 -1.533170044422149658e-01
-9.558574855327606201e-02 2.264117747545242310e-01
-1.829293519258499146e-01 7.092784624546766281e-03
-3.874778002500534058e-02 1.183539777994155884e-01
6.627237796783447266e-02 -1.192889874801039696e-03
-3.898552954196929932e-01 3.684754967689514160e-01
7.171840220689773560e-02 -1.595184765756130219e-02
5.465681478381156921e-02 -6.105028837919235229e-02
-2.258294075727462769e-01 1.512166708707809448e-01
-1.022071391344070435e-01 -3.525256738066673279e-02
-3.468614220619201660e-01 4.460610747337341309e-01
-2.967557907104492188e-01 4.697962701320648193e-01
2.019681967794895172e-02 1.207949072122573853e-01
3.120173811912536621e-01 -2.219719588756561279e-01
-2.943560481071472168e-01 2.114054560661315918e-01
-3.070555627346038818e-01 1.204969808459281921e-01
5.721310377120971680e-01 -5.746880173683166504e-01
2.127167731523513794e-01 -2.273827195167541504e-01
-9.169397875666618347e-03 1.948529183864593506e-01
-3.234246969223022461e-01 4.928177595138549805e-01
5.355955958366394043e-01 -4.438694119453430176e-01
-2.477447316050529480e-02 -1.768246176652610302e-03
5.365893244743347168e-01 -4.721727967262268066e-01
1.923606097698211670e-01 -2.754220068454742432e-01
5.100639462471008301e-01 -3.304834365844726562e-01
-2.784122824668884277e-01 3.876577913761138916e-01
3.672420680522918701e-01 -4.017029702663421631e-01
-8.172770738601684570e-01 8.696013092994689941e-01
4.875408113002777100e-01 -4.783304333686828613e-01
-3.696359992027282715e-01 2.183295339345932007e-01
2.466697245836257935e-02 -2.426505088806152344e-02
3.454921245574951172e-01 -1.278256028890609741e-01
3.250369429588317871e-01 -1.358200013637542725e-01
2.171679735183715820e-01 -1.419335156679153442e-01
3.516641855239868164e-01 -4.812633693218231201e-01
-1.722115129232406616e-01 2.520762383937835693e-01
-2.913231253623962402e-01 3.660553693771362305e-01
-9.067882597446441650e-02 -9.272261708974838257e-02
1.188304796814918518e-01 -1.513242125511169434e-01
2.912542819976806641e-01 -1.844559609889984131e-01
-5.298430323600769043e-01 6.375333070755004883e-01
-1.247352454811334610e-03 -5.933066830039024353e-02
3.202815949916839600e-01 -1.831062436103820801e-01
3.403488993644714355e-01 -1.864956021308898926e-01
2.238922519609332085e-03 1.032121926546096802e-01
-1.699743419885635376e-01 2.226812392473220825e-01
4.297413527965545654e-01 -3.430022299289703369e-01
3.946287631988525391e-01 -4.438989460468292236e-01
-7.525066137313842773e-01 6.654433012008666992e-01
-3.464258313179016113e-01 7.614052295684814453e-02
-3.313292264938354492e-01 2.596246600151062012e-01
-2.074166685342788696e-01 6.873133033514022827e-02
-2.059944719076156616e-02 -2.952811541035771370e-03
-9.574764966964721680e-02 1.883800476789474487e-01
2.763900160789489746e-01 -1.642272621393203735e-01
4.939114153385162354e-01 -4.614439308643341064e-01
2.047458738088607788e-01 2.571638301014900208e-02
5.760158598423004150e-02 8.558528125286102295e-02
-1.289569437503814697e-01 9.340544044971466064e-02
2.359260767698287964e-01 -4.938522726297378540e-02
6.998270750045776367e-02 -1.398220360279083252e-01
4.144338890910148621e-02 6.817089766263961792e-02
-7.270161807537078857e-02 1.849650293588638306e-01
-4.090875983238220215e-01 3.412923812866210938e-01
1.380582898855209351e-01 8.013471961021423340e-02
2.239451408386230469e-01 -2.527460753917694092e-01
-9.283634275197982788e-02 8.065129071474075317e-02
9.615717083215713501e-02 -2.720152139663696289e-01
1.323112249374389648e-01 -2.219116687774658203e-01
-2.327792346477508545e-01 3.205211758613586426e-01
-4.525742530822753906e-01 4.213092923164367676e-01
2.393877655267715454e-01 -1.334216296672821045e-01
-2.354664653539657593e-01 2.898138165473937988e-01
1.286471933126449585e-01 -1.677708923816680908e-01
1.312717795372009277e-01 -5.820593610405921936e-02
1.296977400779724121e-01 -1.478459537029266357e-01
2.932081520557403564e-01 -2.249330878257751465e-01
3.264505565166473389e-01 -2.791748046875000000e-01
-5.947915837168693542e-02 5.389714241027832031e-02
-1.817391812801361084e-02 1.885447353124618530e-01
3.150824010372161865e-01 -3.934861421585083008e-01
3.186233937740325928e-01 -1.928525567054748535e-01
7.320055365562438965e-02 -7.397966831922531128e-02
-7.893105596303939819e-02 -3.938887640833854675e-02
1.820483207702636719e-01 -1.565650999546051025e-01
1.591674238443374634e-01 -1.922579258680343628e-01
3.372501134872436523e-01 -1.511448062956333160e-02
3.627116382122039795e-01 -3.832259774208068848e-01
1.432486623525619507e-01 -4.109745919704437256e-01
3.223267197608947754e-02 1.626870781183242798e-01
9.701348841190338135e-02 -6.114884093403816223e-02
-4.482900202274322510e-01 4.368885755538940430e-01
2.160672843456268311e-02 1.073811948299407959e-01
-4.208435490727424622e-02 -2.856658957898616791e-02
1.298317611217498779e-01 3.184510162100195885e-03
1.672756820917129517e-01 -1.942312419414520264e-01
-6.977844238281250000e-02 -2.506255507469177246e-01
-1.562275830656290054e-02 -1.992699503898620605e-01
-6.512340903282165527e-02 1.244900748133659363e-01
-1.082029268145561218e-01 8.714442700147628784e-02
-1.792442649602890015e-01 1.973724514245986938e-01
-9.177951514720916748e-02 6.187633424997329712e-02
8.925411105155944824e-02 -1.141672655940055847e-01
5.224999412894248962e-02 -4.154667258262634277e-03
-3.699122369289398193e-01 2.676913142204284668e-01
8.815601468086242676e-02 -9.294989705085754395e-02
2.173124626278877258e-02 1.798996925354003906e-01
-3.925816416740417480e-01 3.206326067447662354e-01
-5.449356511235237122e-02 1.626198440790176392e-01
-6.012462545186281204e-03 5.284988507628440857e-02
2.423615008592605591e-01 -2.035293877124786377e-01
-2.644708938896656036e-02 -3.221656382083892822e-02
-9.278218448162078857e-02 1.291108876466751099e-01
6.653423607349395752e-02 -6.971894204616546631e-02
-1.506248414516448975e-01 1.590244919061660767e-01
7.137087732553482056e-02 -1.537102758884429932e-01
1.504908353090286255e-01 -1.216300725936889648e-01
2.701683938503265381e-01 -7.585910707712173462e-02
-2.383535057306289673e-01 1.660394966602325439e-01
1.686381697654724121e-01 -1.019703224301338196e-01
-1.303200423717498779e-01 1.517033874988555908e-01
2.844704091548919678e-01 -4.155126810073852539e-01
