7.247269153594970703e-02 -2.769975662231445312e-01
1.350038051605224609e-01 5.098009482026100159e-02
1.015935316681861877e-01 -1.631680876016616821e-01
-2.607482373714447021e-01 2.656027078628540039e-01
1.167846024036407471e-01 1.111946851015090942e-01
-2.015721201896667480e-01 2.495798468589782715e-01
-1.187258362770080566e-01 4.586596041917800903e-02
3.865409269928932190e-02 -1.666178852319717407e-01
-6.812832504510879517e-02 2.489919960498809814e-01
-2.470332942903041840e-02 -1.670943498611450195e-01
8.609280735254287720e-02 -1.075185462832450867e-01
3.794402629137039185e-02 -9.786318987607955933e-02
1.915436685085296631e-01 -2.327552735805511475e-01
1.205049827694892883e-01 -2.086183279752731323e-01
3.123382106423377991e-03 8.667821995913982391e-03
1.247001960873603821e-01 1.012797355651855469e-01
1.046054065227508545e-01 1.984249055385589600e-02
7.121272385120391846e-02 -1.303106844425201416e-01
5.125534161925315857e-02 3.885507583618164062e-02
1.535295397043228149e-01 1.918400265276432037e-02
-6.649149954319000244e-02 1.600104868412017822e-01
-1.352187991142272949e-01 1.064868271350860596e-01
-4.108614102005958557e-02 1.265678852796554565e-01
1.144056320190429688e-01 -7.073189318180084229e-02
7.681672275066375732e-02 -1.522941440343856812e-01
-1.202821955084800720e-01 -1.651786081492900848e-02
7.827426306903362274e-03 -1.586076170206069946e-01
-3.285974860191345215e-01 8.208581060171127319e-02
1.299875825643539429e-01 -2.079921811819076538e-01
-1.966671794652938843e-01 2.370346188545227051e-01
-5.578462779521942139e-02 3.262618929147720337e-02
2.608398199081420898e-01 -1.535632461309432983e-01
-4.341629147529602051e-02 1.718628257513046265e-01
1.021851971745491028e-01 -1.304996460676193237e-01
1.668333113193511963e-01 -3.978630155324935913e-02
-1.587772928178310394e-02 4.188582301139831543e-02
3.471542149782180786e-02 2.311301976442337036e-01
4.135396331548690796e-02 8.694884926080703735e-02
1.847622394561767578e-01 -1.475158929824829102e-01
3.385069221258163452e-02 -5.169313400983810425e-02
3.606976708397269249e-03 -7.452060282230377197e-02
3.595182001590728760e-01 -3.726485371589660645e-01
-8.748865127563476562e-02 1.255811303853988647e-01
-3.769640251994132996e-02 2.212212532758712769e-01
1.014343276619911194e-02 7.915772497653961182e-02
-1.999905146658420563e-02 -7.635726034641265869e-02
-1.791720390319824219e-01 4.875811189413070679e-02
-1.114982366561889648e-01 1.402721554040908813e-01
-1.013360247015953064e-01 -2.863210998475551605e-02
-1.317621469497680664e-01 1.024324670433998108e-01
5.113892629742622375e-02 -8.433368802070617676e-02
-2.088644914329051971e-02 1.175063326954841614e-01
-1.777998358011245728e-02 -1.014598608016967773e-01
9.643159061670303345e-02 2.037011384963989258e-01
2.628195285797119141e-02 -8.298505842685699463e-02
3.928927704691886902e-02 2.349638007581233978e-02
2.277538627386093140e-01 -1.214731633663177490e-01
2.986073121428489685e-02 1.673610135912895203e-02
-2.746443152427673340e-01 2.171748727560043335e-01
1.851261556148529053e-01 -2.249491512775421143e-01
9.569885581731796265e-02 -2.346120029687881470e-01
-7.394026964902877808e-02 -1.226144954562187195e-01
3.881027922034263611e-02 -9.456533193588256836e-02
2.081159651279449463e-01 -8.216264098882675171e-02
2.009524703025817871e-01 -2.894342839717864990e-01
4.156222939491271973e-01 -3.458592891693115234e-01
-4.206815958023071289e-01 5.416744947433471680e-01
-3.138242661952972412e-01 2.854468524456024170e-01
-1.411643922328948975e-01 2.191496640443801880e-01
-3.410697579383850098e-01 2.358193248510360718e-01
-4.556961059570312500e-01 3.072872757911682129e-01
-2.448274940252304077e-01 1.441171914339065552e-01
-3.411523103713989258e-01 1.736647188663482666e-01
2.006120532751083374e-01 -1.975129544734954834e-01
-1.157797127962112427e-01 -1.590466126799583435e-02
2.520191967487335205e-01 -1.618328243494033813e-01
8.457116782665252686e-03 -8.567894995212554932e-02
2.769968211650848389e-01 -3.475215733051300049e-01
-2.284153699874877930e-01 2.475234419107437134e-01
-1.096255630254745483e-01 -2.898996695876121521e-02
-1.183863505721092224e-01 2.114145457744598389e-01
4.334350675344467163e-02 -3.395964801311492920e-01
-4.652755558490753174e-01 3.337874412536621094e-01
-3.767322301864624023e-01 4.023453891277313232e-01
-2.754719555377960205e-01 3.105416595935821533e-01
-2.018769830465316772e-01 1.747564226388931274e-01
-1.854265183210372925e-01 4.161138087511062622e-02
-2.071651667356491089e-01 3.361636102199554443e-01
5.061452835798263550e-02 -1.877193339169025421e-02
-1.646456718444824219e-01 1.490484327077865601e-01
2.136756330728530884e-01 -1.068778112530708313e-01
-2.588491141796112061e-01 4.010824263095855713e-01
-1.395564228296279907e-01 1.965080797672271729e-01
-2.329730801284313202e-02 1.970740854740142822e-01
-7.944176346063613892e-02 5.653002113103866577e-02
2.143068164587020874e-01 -3.067486882209777832e-01
-2.113196998834609985e-01 3.507988452911376953e-01
-3.251569569110870361e-01 3.506807386875152588e-01
4.046249985694885254e-01 -1.940118968486785889e-01
1.192781552672386169e-01 -1.364542692899703979e-01
-3.594779968261718750e-01 4.437159895896911621e-01
-3.631624877452850342e-01 8.403050154447555542e-02
-1.335336118936538696e-01 1.531432867050170898e-01
1.465088278055191040e-01 -2.797355949878692627e-01
-1.944651007652282715e-01 2.462097108364105225e-01
2.816743552684783936e-01 -1.608765274286270142e-01
-3.104313313961029053e-01 2.572985589504241943e-01
-6.441181898117065430e-02 1.229728236794471741e-01
1.355269402265548706e-01 -2.164681702852249146e-01
8.159384876489639282e-02 -2.189291268587112427e-01
-4.136413931846618652e-01 4.407219886779785156e-01
-3.384432494640350342e-01 1.568932980298995972e-01
1.711368858814239502e-01 -1.584097445011138916e-01
3.396062254905700684e-01 -3.547603785991668701e-01
1.514074951410293579e-01 -1.005980521440505981e-01
-1.052520573139190674e-01 3.046287894248962402e-01
7.539635896682739258e-02 -2.135564088821411133e-01
3.412102162837982178e-01 -3.271873295307159424e-01
1.110277920961380005e-01 -1.258357614278793335e-01
-2.993773855268955231e-02 -6.254409253597259521e-02
-3.401085138320922852e-01 4.551259875297546387e-01
-2.381548285484313965e-01 1.883757710456848145e-01
-3.566212952136993408e-01 2.601738572120666504e-01
2.130786031484603882e-01 -1.175846233963966370e-01
-3.186944127082824707e-01 2.339069843292236328e-01
2.490302622318267822e-01 -3.754594922065734863e-01
2.417905479669570923e-01 -3.833431601524353027e-01
4.274492561817169189e-01 -2.947587668895721436e-01
1.438263952732086182e-01 -2.606589496135711670e-01
4.608458280563354492e-02 -6.634470820426940918e-02
-3.715783655643463135e-01 3.555183112621307373e-01
-1.599480509757995605e-01 2.351645380258560181e-01
-2.249266207218170166e-01 2.162888944149017334e-01
-1.140647158026695251e-01 2.377545982599258423e-01
-3.481302261352539062e-01 1.972289681434631348e-01
-4.817452654242515564e-02 -2.750628888607025146e-01
-1.959546655416488647e-01 1.204330474138259888e-01
2.610969543457031250e-01 -4.723038971424102783e-01
-1.309731006622314453e-01 3.124308288097381592e-01
4.956784844398498535e-02 1.357199549674987793e-01
-3.265752792358398438e-01 3.649776577949523926e-01
3.870173990726470947e-01 -3.860541880130767822e-01
-2.441304922103881836e-01 3.347284495830535889e-01
1.538064479827880859e-01 -3.500913381576538086e-01
-4.654623044189065695e-04 -1.873138695955276489e-01
6.507633626461029053e-02 -1.312000304460525513e-01
1.551092714071273804e-01 -3.056368827819824219e-01
-3.107784092426300049e-01 4.068901538848876953e-01
8.153707534074783325e-02 1.402531415224075317e-01
2.285349927842617035e-02 2.097403407096862793e-01
1.861494779586791992e-02 -1.294452250003814697e-01
-1.715337038040161133e-01 3.574727773666381836e-01
1.674326360225677490e-01 -1.391465961933135986e-01
3.663350343704223633e-01 -1.681956052780151367e-01
-1.220160573720932007e-01 2.882996797561645508e-01
-1.942580789327621460e-01 3.330011367797851562e-01
-1.614948809146881104e-01 4.737728238105773926e-01
3.116027116775512695e-01 -2.571496963500976562e-01
-2.024528831243515015e-01 9.255611896514892578e-02
1.284244190901517868e-02 -2.148490399122238159e-01
-2.099818289279937744e-01 2.978072762489318848e-01
-4.246217608451843262e-01 4.429385662078857422e-01
-2.149373441934585571e-01 1.196461021900177002e-01
2.204836606979370117e-01 -3.398908078670501709e-01
-1.314219385385513306e-01 2.404137700796127319e-01
1.448620259761810303e-01 -9.723874926567077637e-02
-4.161779582500457764e-01 2.848187685012817383e-01
3.425696194171905518e-01 -3.194407522678375244e-01
-2.040031552314758301e-01 1.545114070177078247e-01
-2.596716880798339844e-01 2.521752715110778809e-01
-1.282768994569778442e-01 1.438796818256378174e-01
5.734620988368988037e-02 -1.686453968286514282e-01
-3.041803278028964996e-02 4.468781873583793640e-02
2.770316302776336670e-01 -1.495683342218399048e-01
-4.409497082233428955e-01 2.543150782585144043e-01
-1.374632269144058228e-01 8.125361800193786621e-02
1.642267405986785889e-01 -3.155549764633178711e-01
2.178940922021865845e-01 -3.278281986713409424e-01
2.154071927070617676e-01 -1.611746996641159058e-01
-3.367047756910324097e-02 1.724254041910171509e-01
-3.009023666381835938e-01 2.432765215635299683e-01
3.328395783901214600e-01 -4.457654058933258057e-01
-1.639564633369445801e-01 1.187097374349832535e-02
-8.938892185688018799e-02 2.481123208999633789e-01
-1.936251819133758545e-01 3.727816343307495117e-01
-5.515461564064025879e-01 3.276948630809783936e-01
-4.526686966419219971e-01 2.860017418861389160e-01
-1.629211604595184326e-01 1.769990473985671997e-01
-4.404172301292419434e-01 2.166580855846405029e-01
-1.715637594461441040e-01 2.105694860219955444e-01
8.048225939273834229e-02 -1.650611907243728638e-01
4.030466079711914062e-02 -1.018123477697372437e-01
-6.023965775966644287e-03 1.385627537965774536e-01
-3.630129694938659668e-01 3.629293739795684814e-01
1.397988051176071167e-01 2.378298202529549599e-03
-2.624861598014831543e-01 1.623352020978927612e-01
-3.501671850681304932e-01 3.392999768257141113e-01
-6.726092845201492310e-02 -1.313229054212570190e-01
5.982637777924537659e-02 -1.925121545791625977e-01
-1.114520058035850525e-01 6.540112197399139404e-02
1.838680356740951538e-01 -2.097672820091247559e-01
2.825694680213928223e-01 -2.003804743289947510e-01
2.856768667697906494e-01 -8.171746134757995605e-02
-4.921356961131095886e-02 4.204566776752471924e-02
2.004798501729965210e-01 -1.464673876762390137e-01
3.498482108116149902e-01 -2.011009752750396729e-01
-1.682328432798385620e-01 2.164427936077117920e-01
1.776063591241836548e-01 2.297970280051231384e-02
6.755370646715164185e-02 -1.667218953371047974e-01
-1.281917542219161987e-01 -4.041311144828796387e-02
1.766359359025955200e-01 -1.881440579891204834e-01
1.345863640308380127e-01 -1.279951483011245728e-01
1.640698015689849854e-01 -9.049406647682189941e-02
-1.219075769186019897e-01 3.819497525691986084e-01
-1.148521751165390015e-01 -1.862382441759109497e-01
-2.294976562261581421e-01 3.222094103693962097e-02
-6.746064126491546631e-02 4.456904157996177673e-02
1.863915100693702698e-02 1.152959540486335754e-01
-4.202508330345153809e-01 1.379411071538925171e-01
-2.282000631093978882e-01 2.047751098871231079e-01
-1.265014708042144775e-01 6.228487193584442139e-02
1.666449308395385742e-01 -1.737464666366577148e-01
8.827794343233108521e-03 2.977858483791351318e-02
8.404221385717391968e-02 -1.115798652172088623e-01
-8.174180053174495697e-03 1.297468096017837524e-01
-1.022266503423452377e-02 3.117152675986289978e-02
-3.552177920937538147e-02 5.958692356944084167e-02
-1.605467796325683594e-01 1.267355084419250488e-01
-1.388343572616577148e-01 -5.727629642933607101e-03
-2.661178708076477051e-01 7.806055247783660889e-02
2.849075198173522949e-02 1.370750367641448975e-01
9.764534980058670044e-02 -1.763327792286872864e-02
-2.178198844194412231e-01 4.097694456577301025e-01
2.150838077068328857e-01 -6.866488605737686157e-02
3.086565807461738586e-02 7.767614722251892090e-02
-1.988248080015182495e-01 7.556258141994476318e-02
-6.363678723573684692e-02 1.113395616412162781e-01
1.896735280752182007e-01 -3.448284864425659180e-01
-2.483074367046356201e-01 1.812043488025665283e-01
-2.208347022533416748e-01 1.799902915954589844e-01
2.185036689043045044e-01 -8.988971263170242310e-02
-1.792420148849487305e-01 3.051576912403106689e-01
3.702891767024993896e-01 -2.624898850917816162e-01
-1.695955693721771240e-01 2.354909628629684448e-01
2.878969013690948486e-01 -3.208705186843872070e-01
-1.396151483058929443e-01 2.572776973247528076e-01
-9.930228441953659058e-02 5.191239528357982635e-03
-6.546534597873687744e-02 1.146113872528076172e-01
-7.683612406253814697e-02 -2.126765064895153046e-02
5.949377641081809998e-02 -6.900170445442199707e-02
-3.063011169433593750e-01 2.162665426731109619e-01
1.333703696727752686e-01 -8.193005621433258057e-02
5.245041847229003906e-02 7.136545330286026001e-02
1.886738091707229614e-01 -2.668694555759429932e-01
-1.385598257184028625e-02 1.960631273686885834e-02
3.955606371164321899e-02 -1.147859916090965271e-01
