-5.447398126125335693e-02 3.513332828879356384e-02
-5.026589334011077881e-02 2.059973776340484619e-01
-1.827840358018875122e-01 -8.338943123817443848e-03
1.318527162075042725e-01 -6.057844683527946472e-02
1.480631977319717407e-01 6.534141302108764648e-02
5.971329286694526672e-02 -2.349441051483154297e-01
-1.806968301534652710e-01 -1.327433586120605469e-01
-2.765214741230010986e-01 2.727459967136383057e-01
3.163836896419525146e-02 9.038100391626358032e-02
-8.124494925141334534e-03 8.911330997943878174e-02
-1.490000784397125244e-01 3.568691015243530273e-02
-4.262895286083221436e-01 3.568968772888183594e-01
1.538947671651840210e-01 -1.483448315411806107e-02
2.354186028242111206e-01 -3.125002980232238770e-01
-7.103465497493743896e-02 4.815461114048957825e-02
1.232746466994285583e-01 -1.367432624101638794e-01
8.002436906099319458e-02 -8.033703081309795380e-03
1.111437231302261353e-01 3.138480335474014282e-02
2.009209990501403809e-01 -2.561356723308563232e-01
-3.602590784430503845e-02 1.639385670423507690e-01
1.794838309288024902e-01 -6.809706985950469971e-02
2.367643266916275024e-01 -3.189421296119689941e-01
1.867744624614715576e-01 -2.903818786144256592e-01
-1.498145237565040588e-02 2.217037826776504517e-01
1.324829012155532837e-01 -1.857258230447769165e-01
2.991679608821868896e-01 -1.405921876430511475e-01
-2.539424598217010498e-01 8.548767119646072388e-02
4.022887647151947021e-01 -7.500970363616943359e-02
1.070869415998458862e-01 -3.232298418879508972e-02
1.984038949012756348e-01 -2.262116968631744385e-01
-4.895420745015144348e-02 1.717425286769866943e-01
1.414136290550231934e-01 -5.890230834484100342e-02
2.189301103353500366e-01 -1.368303298950195312e-01
-3.481086492538452148e-01 1.406247168779373169e-01
-1.731922477483749390e-01 1.306297034025192261e-01
6.848870217800140381e-02 -1.999863795936107635e-02
7.732778787612915039e-02 -1.642150580883026123e-01
1.805999875068664551e-02 -1.647970825433731079e-01
-1.186949834227561951e-01 4.889226332306861877e-02
4.416123032569885254e-03 1.017855256795883179e-01
-2.295838445425033569e-01 7.196239382028579712e-02
-5.986893549561500549e-02 2.765553945209830999e-04
-2.234571874141693115e-01 3.226505815982818604e-01
-2.000605463981628418e-01 1.954858154058456421e-01
1.645140796899795532e-01 -8.980888873338699341e-02
-2.274687867611646652e-03 -1.322862058877944946e-01
-8.116318285465240479e-02 2.052856534719467163e-01
-1.968782544136047363e-01 9.169588238000869751e-02
2.682641334831714630e-02 4.322019591927528381e-02
1.770519167184829712e-01 5.847009643912315369e-02
8.656287938356399536e-02 4.647652804851531982e-02
-1.034269109368324280e-01 2.075379788875579834e-01
3.520618975162506104e-01 -3.459612652659416199e-02
-1.402297019958496094e-01 2.563437521457672119e-01
3.512594103813171387e-01 -2.962462007999420166e-01
1.756809502840042114e-01 -1.033636778593063354e-01
1.471722275018692017e-01 -7.181508839130401611e-02
6.932554394006729126e-02 -2.046133279800415039e-01
-2.865380607545375824e-02 -1.115083247423171997e-01
7.631366699934005737e-02 -2.022243104875087738e-02
1.643073707818984985e-01 1.117543950676918030e-01
-1.923821493983268738e-02 1.255435645580291748e-01
-1.189634278416633606e-01 -4.603426158428192139e-02
6.818958371877670288e-02 -3.808077797293663025e-02
-6.587217748165130615e-02 6.666681915521621704e-02
8.195918798446655273e-02 1.153141185641288757e-01
-3.325372040271759033e-01 4.230249226093292236e-01
-5.396238341927528381e-02 -1.162503883242607117e-01
1.141280904412269592e-01 1.200888827443122864e-01
3.981895148754119873e-01 -3.522296547889709473e-01
-2.777232527732849121e-01 5.382444262504577637e-01
-1.075329333543777466e-01 1.687638275325298309e-02
2.806887626647949219e-01 -2.587779462337493896e-01
-2.009055465459823608e-01 1.212804988026618958e-01
1.951509267091751099e-01 -4.456183612346649170e-01
-1.788653433322906494e-01 5.398926511406898499e-02
-2.576858103275299072e-01 2.342236489057540894e-01
3.989697694778442383e-01 -5.068162679672241211e-01
-7.616186887025833130e-02 2.278155535459518433e-01
1.800992786884307861e-01 -2.417310625314712524e-01
1.052597090601921082e-01 -1.486065387725830078e-01
3.861428499221801758e-01 -5.243530869483947754e-01
-3.744267523288726807e-01 4.118213653564453125e-01
2.330600470304489136e-01 -1.809099018573760986e-01
3.934731483459472656e-01 -5.478225350379943848e-01
2.843203544616699219e-01 -2.500947713851928711e-01
1.650784537196159363e-02 -2.531192004680633545e-01
1.690996289253234863e-01 -3.025720119476318359e-01
1.899292469024658203e-01 -4.116223752498626709e-02
3.277775049209594727e-01 -2.323985248804092407e-01
-2.203379422426223755e-01 2.540417313575744629e-01
1.733258962631225586e-01 -3.452424108982086182e-01
-2.331305146217346191e-01 2.366841733455657959e-01
-9.049960225820541382e-02 9.273403324186801910e-03
-2.884409725666046143e-01 3.627647161483764648e-01
2.972041666507720947e-01 -2.782678604125976562e-01
-1.694206446409225464e-01 1.342238932847976685e-01
-1.572327911853790283e-01 4.508447274565696716e-02
-3.085185885429382324e-01 1.626361310482025146e-01
-4.353762269020080566e-01 3.327906429767608643e-01
2.016014307737350464e-01 1.183010414242744446e-01
3.611793220043182373e-01 -3.486140072345733643e-01
1.414209306240081787e-01 -2.000760436058044434e-01
3.468410074710845947e-01 -1.558921933174133301e-01
-1.832230240106582642e-01 2.089487165212631226e-01
2.325687706470489502e-01 -2.485035955905914307e-01
-2.155790477991104126e-01 1.833157837390899658e-01
1.769329160451889038e-01 -2.063765376806259155e-01
-1.118270009756088257e-01 1.668740659952163696e-01
-3.823332786560058594e-01 2.988162636756896973e-01
-8.725073933601379395e-02 1.341578066349029541e-01
-3.224113285541534424e-01 2.262552082538604736e-01
-4.202924668788909912e-01 3.761406838893890381e-01
-1.749505251646041870e-01 4.046171605587005615e-01
3.501699119806289673e-02 -5.417145788669586182e-02
-2.474105507135391235e-01 4.501016438007354736e-01
1.342512816190719604e-01 -7.745191454887390137e-03
-1.788697391748428345e-01 1.320763975381851196e-01
-8.289380371570587158e-02 -6.507959961891174316e-02
9.754726290702819824e-02 -9.418409317731857300e-02
-3.190572857856750488e-01 3.803237155079841614e-02
-1.383291333913803101e-01 3.136564628221094608e-04
3.515888452529907227e-01 -7.352688908576965332e-02
-2.270466536283493042e-01 6.916703283786773682e-02
3.476270437240600586e-01 -2.232503294944763184e-01
1.682305783033370972e-01 -1.164529547095298767e-01
1.962715536355972290e-01 6.546225398778915405e-02
-2.075779587030410767e-01 3.273704946041107178e-01
-3.572146594524383545e-02 -6.801303476095199585e-02
2.817223221063613892e-02 -8.984473347663879395e-02
-3.937152028083801270e-01 2.648314833641052246e-01
4.479868337512016296e-02 1.536096334457397461e-01
-3.486362695693969727e-01 1.651509404182434082e-01
2.522384561598300934e-02 1.670357026159763336e-02
-7.071104645729064941e-02 1.702935844659805298e-01
-1.772340834140777588e-01 8.813260495662689209e-02
4.412920400500297546e-02 -2.101425230503082275e-01
-1.959889233112335205e-01 1.189593300223350525e-01
1.222751587629318237e-01 -1.041985489428043365e-02
-3.085191547870635986e-01 2.149361819028854370e-01
9.938056580722332001e-03 1.353041231632232666e-01
6.583011895418167114e-02 7.859162986278533936e-03
2.234935909509658813e-01 -1.955343037843704224e-01
1.775265485048294067e-01 -1.043684333562850952e-01
5.110908299684524536e-02 -8.443217724561691284e-02
-4.478383064270019531e-02 2.096485644578933716e-01
1.018116548657417297e-01 -6.384225189685821533e-02
2.008697688579559326e-01 -1.491096615791320801e-01
2.759960591793060303e-01 -7.390418648719787598e-02
2.136611752212047577e-02 -9.694911539554595947e-02
-3.456623852252960205e-02 -2.381103336811065674e-01
1.557595580816268921e-01 -5.312110111117362976e-02
4.645362794399261475e-01 -2.844320237636566162e-01
3.694316744804382324e-02 -1.920185051858425140e-02
-1.068224832415580750e-01 4.650820791721343994e-02
4.139473289251327515e-02 -1.641231328248977661e-01
-3.469104170799255371e-01 2.607218623161315918e-01
-1.686771772801876068e-02 1.505760997533798218e-01
-8.058369159698486328e-03 -4.428183659911155701e-03
1.240147203207015991e-01 -1.325952708721160889e-01
2.215318530797958374e-01 -2.147984802722930908e-01
-1.105517819523811340e-01 2.168413251638412476e-01
-1.647777557373046875e-01 1.439607888460159302e-01
-6.531680375337600708e-02 2.814231514930725098e-01
5.689544975757598877e-02 -7.271720468997955322e-02
-2.837498188018798828e-01 1.829000562429428101e-01
1.266125738620758057e-01 -1.429185867309570312e-01
2.546702623367309570e-01 -3.107302188873291016e-01
6.446857750415802002e-02 -1.228618770837783813e-01
-2.010860443115234375e-01 2.573835849761962891e-01
-3.039209842681884766e-01 4.204102754592895508e-01
5.825413390994071960e-02 1.815825887024402618e-02
1.450039297342300415e-01 -2.278700917959213257e-01
-6.826160103082656860e-02 6.660331040620803833e-02
-4.850656911730766296e-02 8.376485109329223633e-02
6.417233496904373169e-02 5.579739809036254883e-02
-9.110105037689208984e-02 -1.103214547038078308e-01
-6.907034665346145630e-02 1.632417887449264526e-01
-4.863426461815834045e-02 2.572450041770935059e-01
-1.986608058214187622e-01 2.359935194253921509e-01
-3.589493036270141602e-02 -2.000396884977817535e-02
1.805489957332611084e-01 -1.117078885436058044e-01
-2.547406256198883057e-01 1.674708276987075806e-01
2.738623879849910736e-04 1.919722557067871094e-02
1.858537644147872925e-01 -3.554992843419313431e-03
-3.661945462226867676e-02 1.669418960809707642e-01
7.697490602731704712e-02 -2.457329034805297852e-01
2.013828605413436890e-02 -1.699390821158885956e-02
4.122784733772277832e-01 -1.751321256160736084e-01
-8.386515825986862183e-02 1.707127243280410767e-01
-3.278089463710784912e-01 3.382710814476013184e-01
-2.279360145330429077e-01 2.670010626316070557e-01
-1.812633872032165527e-02 1.235080659389495850e-01
-2.237406373023986816e-02 -1.460694372653961182e-01
-1.588792502880096436e-01 -2.914340980350971222e-02
4.573116451501846313e-02 -2.955459058284759521e-01
2.435942739248275757e-02 1.398554742336273193e-01
2.797104418277740479e-01 -1.997577697038650513e-01
-2.628948390483856201e-01 1.520458906888961792e-01
-1.968226432800292969e-01 6.844057142734527588e-02
3.384878486394882202e-02 -6.537992507219314575e-02
2.626007609069347382e-02 -2.809731289744377136e-02
-1.998021751642227173e-01 7.632721960544586182e-02
-1.096204146742820740e-01 -3.534002229571342468e-02
-1.284999251365661621e-01 8.729680627584457397e-02
4.886182956397533417e-03 -1.202391684055328369e-01
-4.232147708535194397e-02 1.623436510562896729e-01
8.966587483882904053e-03 -1.211324427276849747e-02
5.816530808806419373e-02 1.650644093751907349e-01
6.244698073714971542e-03 1.210094317793846130e-01
1.018006168305873871e-02 -5.665869265794754028e-02
4.623752087354660034e-02 1.094700843095779419e-01
4.216117039322853088e-02 -1.430105715990066528e-01
2.398291081190109253e-01 -3.951402306556701660e-01
6.328152120113372803e-02 -3.559112548828125000e-02
1.488605290651321411e-01 2.163100615143775940e-02
3.579599857330322266e-01 -1.087823733687400818e-01
-7.907130569219589233e-02 7.884316891431808472e-02
-8.527342230081558228e-02 2.295321822166442871e-01
1.023985296487808228e-01 -2.765441536903381348e-01
-3.381263911724090576e-01 3.195337951183319092e-01
-2.836937010288238525e-01 1.579305231571197510e-01
-2.874930948019027710e-02 7.275410741567611694e-02
1.665439903736114502e-01 -1.997390240430831909e-01
1.307561546564102173e-01 -2.012926787137985229e-01
-9.125603735446929932e-02 4.309820011258125305e-02
-1.820236593484878540e-01 3.277973234653472900e-01
-7.759862393140792847e-02 2.541900277137756348e-01
1.057896465063095093e-01 -4.824144393205642700e-02
2.886294387280941010e-02 1.565210223197937012e-01
-2.292993366718292236e-01 8.634410053491592407e-02
2.059457749128341675e-01 -1.465920805931091309e-01
-1.484892964363098145e-01 1.643932908773422241e-01
7.809762656688690186e-02 -9.831588715314865112e-02
-2.202430963516235352e-01 1.074169278144836426e-01
-3.622749820351600647e-02 1.139527559280395508e-01
2.050246596336364746e-01 -6.294074654579162598e-02
-4.061707761138677597e-03 1.470048278570175171e-01
-3.567934781312942505e-02 1.565101146697998047e-01
2.922374606132507324e-01 -4.560991749167442322e-02
-5.451265722513198853e-02 2.595392763614654541e-01
-1.421831101179122925e-01 -7.452413439750671387e-02
7.503594458103179932e-02 -4.749099723994731903e-03
-1.755984276533126831e-01 1.456855088472366333e-01
-3.342631086707115173e-02 8.500283211469650269e-02
-7.750406861305236816e-02 2.389871701598167419e-02
1.997527293860912323e-02 1.884938776493072510e-01
1.216051634401082993e-03 -1.831368803977966309e-01
1.081113889813423157e-01 1.748533733189105988e-02
1.328452378511428833e-01 7.861234247684478760e-02
1.262446939945220947e-01 -7.060214877128601074e-02
-2.289922237396240234e-01 1.524730175733566284e-01
2.005032747983932495e-01 -3.496918082237243652e-01
1.779526472091674805e-02 -3.768655285239219666e-02
-2.547586709260940552e-02 1.700630038976669312e-01
2.744551561772823334e-02 -8.970929682254791260e-02
