-2.295641452074050903e-01 1.124104335904121399e-01
1.382579803466796875e-01 -2.695726752281188965e-01
3.830246329307556152e-01 -3.865506350994110107e-01
3.811477497220039368e-02 1.285945065319538116e-02
-8.106099814176559448e-02 2.706367149949073792e-02
1.923628300428390503e-01 -1.917631179094314575e-02
1.832186132669448853e-01 -1.363377124071121216e-01
-7.013244181871414185e-02 1.699189841747283936e-01
6.577650457620620728e-02 -1.428825259208679199e-01
-1.176475919783115387e-02 2.479936331510543823e-01
7.412168383598327637e-02 -1.900229454040527344e-01
-1.038283407688140869e-01 -1.796669214963912964e-01
1.468790881335735321e-02 -2.079766839742660522e-01
3.090994060039520264e-01 -6.495473533868789673e-02
1.731509268283843994e-01 6.062843278050422668e-02
-4.905855655670166016e-02 6.344442069530487061e-02
2.880948483943939209e-01 -1.512410193681716919e-01
1.144107729196548462e-01 -1.619833558797836304e-01
-5.296912416815757751e-02 1.638062596321105957e-01
5.038563162088394165e-02 -2.386219799518585205e-01
-1.331913173198699951e-01 -6.749805808067321777e-02
-8.773548156023025513e-02 8.455818891525268555e-02
1.488892138004302979e-01 1.401202231645584106e-01
-1.890469640493392944e-01 4.667352885007858276e-02
2.257307022809982300e-01 -2.176470458507537842e-01
2.703029215335845947e-01 -2.619544863700866699e-01
-1.257428079843521118e-01 2.609120011329650879e-01
-1.901138275861740112e-01 2.839381992816925049e-01
-6.186942011117935181e-02 -2.107703685760498047e-01
-5.021821334958076477e-02 2.231002748012542725e-01
-1.212853714823722839e-01 1.067118793725967407e-01
-6.307313591241836548e-02 -2.089985879138112068e-03
-1.626107692718505859e-01 2.282024174928665161e-01
2.146955132484436035e-01 -3.081220388412475586e-01
-1.064344719052314758e-01 7.633505016565322876e-02
2.732387185096740723e-01 -1.684803664684295654e-01
-4.011656716465950012e-02 1.946766227483749390e-01
-1.029325500130653381e-01 1.357064992189407349e-01
-1.693817675113677979e-01 7.555289566516876221e-02
1.650765091180801392e-01 -7.120602577924728394e-02
2.238513380289077759e-01 -5.438148230314254761e-02
2.409483306109905243e-02 2.007623463869094849e-01
1.525890640914440155e-02 5.680273100733757019e-02
-1.216640993952751160e-01 1.520487219095230103e-01
-9.607004374265670776e-02 1.683115512132644653e-01
-7.458633184432983398e-02 1.075587868690490723e-01
-1.536000370979309082e-01 -6.703526526689529419e-02
-1.199584677815437317e-01 -8.892294019460678101e-03
-2.131623476743698120e-01 2.635966520756483078e-03
1.791086345911026001e-01 -2.053000479936599731e-01
2.308268100023269653e-01 -7.611824572086334229e-02
-1.952664405107498169e-01 -4.669335857033729553e-02
5.958830565214157104e-02 -1.954756528139114380e-01
6.241167336702346802e-02 -1.695618182420730591e-01
1.194643601775169373e-01 -1.109469756484031677e-01
-2.738855779170989990e-03 1.456203460693359375e-01
-4.213525727391242981e-02 1.004632040858268738e-01
-2.530197799205780029e-02 1.053005531430244446e-01
8.108969777822494507e-02 -8.666964620351791382e-02
1.122380886226892471e-02 8.365687914192676544e-03
4.757563024759292603e-02 -2.849618196487426758e-01
1.404803246259689331e-01 6.738916784524917603e-02
-7.589790970087051392e-02 -1.333029568195343018e-01
-4.617642238736152649e-02 -7.041000574827194214e-02
7.407860457897186279e-02 -1.600439697504043579e-01
2.248499989509582520e-01 -3.372362256050109863e-02
2.008545398712158203e-01 -4.270175099372863770e-02
-1.777062565088272095e-01 2.166705876588821411e-01
-8.470080047845840454e-02 1.536387577652931213e-02
2.619452178478240967e-01 -3.157072514295578003e-02
6.557034701108932495e-02 -1.561488956212997437e-01
3.242631554603576660e-01 -3.517165184020996094e-01
2.490386068820953369e-01 -8.675678819417953491e-02
-2.368511855602264404e-01 5.057507008314132690e-02
7.534684240818023682e-02 -6.966680288314819336e-02
1.165847331285476685e-01 -1.829194575548171997e-01
2.284757494926452637e-01 -1.222569420933723450e-01
2.486993670463562012e-01 -5.719204246997833252e-02
1.208695545792579651e-01 -3.247316777706146240e-01
-2.832018435001373291e-01 1.849881559610366821e-01
1.426384598016738892e-01 -8.138802647590637207e-02
8.178614825010299683e-02 -1.676460802555084229e-01
1.129385903477668762e-01 -2.787120640277862549e-01
-1.159959360957145691e-01 2.443277537822723389e-01
1.366294771432876587e-01 -2.306658923625946045e-01
-2.292147874832153320e-01 2.300194203853607178e-01
-1.994299888610839844e-01 3.300239741802215576e-01
-1.407206505537033081e-01 2.095434069633483887e-01
2.623246796429157257e-02 -1.790464222431182861e-01
2.404522001743316650e-01 -4.706254601478576660e-02
-1.256932020187377930e-01 1.377384662628173828e-01
-1.436160504817962646e-01 7.863935828208923340e-02
5.502469092607498169e-02 -1.782428324222564697e-01
1.399500370025634766e-01 -2.853705286979675293e-01
-1.451612859964370728e-01 7.575161755084991455e-02
-2.123730778694152832e-01 1.462386250495910645e-01
1.734486036002635956e-02 -1.497010737657546997e-01
7.499424368143081665e-02 -3.524030325934290886e-03
-2.206756770610809326e-01 1.788472197949886322e-02
1.338270157575607300e-01 -2.399332225322723389e-01
-1.472107619047164917e-01 1.490255147218704224e-01
-2.127897553145885468e-02 1.918745934963226318e-01
2.474449723958969116e-01 -1.993400901556015015e-01
2.774147689342498779e-01 -1.741387844085693359e-01
1.158409863710403442e-01 -1.340211778879165649e-01
-9.880145639181137085e-02 1.375807672739028931e-01
3.301379382610321045e-01 -3.130068182945251465e-01
9.055665880441665649e-02 1.114172337111085653e-04
4.440829157829284668e-02 -4.327578644733875990e-04
-1.109504923224449158e-01 2.701645493507385254e-01
1.973150521516799927e-01 -3.677291572093963623e-01
4.228948801755905151e-02 -1.892300248146057129e-01
-2.077712416648864746e-01 2.344634830951690674e-01
-5.498165264725685120e-02 1.547753810882568359e-02
1.712995618581771851e-01 -1.939548850059509277e-01
-1.123942732810974121e-01 5.021540448069572449e-02
1.324693411588668823e-01 -1.861493885517120361e-01
3.963446244597434998e-03 9.494959563016891479e-02
-1.075567677617073059e-01 7.092992216348648071e-02
-8.286580443382263184e-02 7.402289658784866333e-02
2.906851470470428467e-01 -2.899619042873382568e-01
-1.689035445451736450e-01 1.965276747941970825e-01
8.206493407487869263e-02 -2.697676233947277069e-02
-2.256823033094406128e-01 1.553792208433151245e-01
1.010500639677047729e-01 -2.861284613609313965e-01
1.470097154378890991e-01 -1.447469443082809448e-01
-2.137748301029205322e-01 1.987705379724502563e-01
-1.285932362079620361e-01 2.227128483355045319e-02
2.656744718551635742e-01 -3.823051974177360535e-02
2.367769628763198853e-01 -3.217895627021789551e-01
2.398583739995956421e-01 -6.849815696477890015e-02
-1.082299202680587769e-01 1.047217696905136108e-01
-1.057235151529312134e-01 1.251629889011383057e-01
-1.332649886608123779e-01 1.522286534309387207e-01
-1.703335791826248169e-01 1.434526741504669189e-01
4.095937311649322510e-02 2.039959281682968140e-01
-2.596929371356964111e-01 1.856532543897628784e-01
-1.967239826917648315e-01 2.579942345619201660e-01
2.058929502964019775e-01 -2.912316620349884033e-01
3.014044165611267090e-01 -2.564364969730377197e-01
6.109567359089851379e-02 -6.368148326873779297e-02
1.150065660476684570e-01 -1.439253687858581543e-01
-2.908384203910827637e-01 1.362686157226562500e-01
1.581300236284732819e-02 3.613913059234619141e-02
1.921095401048660278e-01 -6.831329315900802612e-02
3.814601525664329529e-02 -2.176343500614166260e-01
-2.446113526821136475e-02 -9.373169392347335815e-02
-5.872823297977447510e-02 1.682779490947723389e-01
-8.759588003158569336e-02 1.546499878168106079e-02
1.384074389934539795e-01 -1.063870713114738464e-01
-7.618811726570129395e-02 2.710476219654083252e-01
1.036554425954818726e-01 -2.666580304503440857e-02
3.049486689269542694e-02 -3.910194151103496552e-03
2.890787720680236816e-01 -2.492535114288330078e-01
-2.708218991756439209e-01 2.314655780792236328e-01
-1.365928798913955688e-01 -3.122497163712978363e-02
7.213369011878967285e-02 -7.862184941768646240e-02
-2.513170540332794189e-01 1.870238184928894043e-01
4.797706846147775650e-03 5.662101507186889648e-02
-1.901467293500900269e-01 1.127035841345787048e-01
-1.860036104917526245e-01 1.766285672783851624e-02
2.496345937252044678e-01 -1.863106787204742432e-01
-2.912042140960693359e-01 5.242881923913955688e-02
-2.275436073541641235e-01 1.501539945602416992e-01
2.907398641109466553e-01 -1.828972995281219482e-01
-2.210773229598999023e-01 1.453775316476821899e-01
2.133678495883941650e-01 -2.499891677871346474e-03
-9.858436882495880127e-02 -1.512675825506448746e-02
-2.037791162729263306e-01 7.262443751096725464e-02
5.138401687145233154e-02 -1.702253147959709167e-02
1.234452798962593079e-01 -9.313506633043289185e-02
-1.911997050046920776e-01 6.041553243994712830e-02
2.800977230072021484e-01 -1.370374709367752075e-01
1.629736125469207764e-01 5.681220442056655884e-02
-9.778244793415069580e-02 -4.964030813425779343e-03
-1.211550310254096985e-01 1.696464717388153076e-01
3.686463832855224609e-01 -4.660268872976303101e-02
-1.098514162003993988e-02 2.132505476474761963e-01
2.281198948621749878e-01 -3.800767660140991211e-02
2.741816341876983643e-01 -6.714057922363281250e-02
1.641637384891510010e-01 -9.331810474395751953e-02
-2.199050271883606911e-03 1.157534271478652954e-01
1.324610263109207153e-01 -3.168623447418212891e-01
-1.133693382143974304e-01 3.150385990738868713e-02
5.648377537727355957e-02 -2.010318487882614136e-01
-7.969859987497329712e-03 5.649968981742858887e-02
1.419377177953720093e-01 -9.018221497535705566e-02
-1.695456802845001221e-01 1.857254281640052795e-02
1.055442355573177338e-02 7.316935062408447266e-02
1.226531714200973511e-01 -2.043323665857315063e-01
1.495545655488967896e-01 -2.042889781296253204e-02
2.440337687730789185e-01 -1.359947174787521362e-01
-1.213958859443664551e-01 1.092263683676719666e-01
1.344228088855743408e-01 -4.940908402204513550e-02
8.084870874881744385e-02 -2.310834527015686035e-01
-7.209317386150360107e-02 9.698140621185302734e-02
6.067468225955963135e-02 -2.011145204305648804e-01
8.651002496480941772e-02 -9.679653495550155640e-02
-2.262385785579681396e-01 1.567424386739730835e-01
-1.591983735561370850e-01 1.166347116231918335e-01
1.403255462646484375e-01 -2.095977663993835449e-01
-9.673840366303920746e-03 2.170913070440292358e-01
1.020710170269012451e-01 -6.273808330297470093e-02
-2.554264068603515625e-01 -2.722618728876113892e-02
1.315906792879104614e-01 1.304425299167633057e-02
8.696939796209335327e-02 2.247226983308792114e-02
-6.208803877234458923e-02 7.779207080602645874e-02
4.918608441948890686e-02 -3.626501932740211487e-02
2.475752830505371094e-01 -1.016137450933456421e-01
1.178977787494659424e-01 1.366275455802679062e-02
-1.192123517394065857e-01 2.900551259517669678e-02
1.119453087449073792e-01 -3.563227504491806030e-02
7.509946823120117188e-02 3.022678196430206299e-03
-1.233173385262489319e-01 2.746256887912750244e-01
-1.329600065946578979e-01 1.883037537336349487e-01
-1.286030113697052002e-01 1.834406554698944092e-01
1.285036951303482056e-01 -5.212731659412384033e-02
5.149667337536811829e-02 -1.873281747102737427e-01
-4.100194200873374939e-02 4.979468882083892822e-02
1.000701934099197388e-01 -1.258567627519369125e-02
3.169332817196846008e-02 -1.414170563220977783e-01
-1.928089112043380737e-01 4.928919300436973572e-02
8.143366873264312744e-02 1.635904461145401001e-01
-2.365187928080558777e-02 8.726523816585540771e-02
3.008060455322265625e-01 -1.987416744232177734e-01
1.170306503772735596e-01 -6.678643822669982910e-02
-1.973945498466491699e-01 2.077168971300125122e-02
-1.054129898548126221e-01 9.396997839212417603e-02
1.930645853281021118e-01 -2.325222343206405640e-01
-8.217231184244155884e-02 -1.507865544408559799e-02
-1.286584418267011642e-02 2.018689662218093872e-01
2.356158383190631866e-02 -4.142655804753303528e-02
-3.827751427888870239e-02 1.493933647871017456e-01
-1.091026589274406433e-01 -1.677920110523700714e-02
-2.548766322433948517e-03 1.763622649013996124e-02
4.708593338727951050e-02 -4.850546643137931824e-02
1.010726857930421829e-02 3.265800327062606812e-02
1.755939573049545288e-01 -9.421067684888839722e-02
-2.207952924072742462e-02 -4.230256006121635437e-02
-2.560433745384216309e-01 2.449820749461650848e-02
-1.518187485635280609e-02 -6.815594155341386795e-03
9.057981520891189575e-02 1.329556573182344437e-02
4.750550724565982819e-03 -2.756726741790771484e-01
5.527722835540771484e-02 -4.589504003524780273e-02
-8.835139870643615723e-02 4.317719116806983948e-02
5.083164572715759277e-02 -5.909806862473487854e-02
6.706081330776214600e-02 -1.875349581241607666e-01
-2.199902385473251343e-01 1.945281922817230225e-01
2.631671167910099030e-02 -1.441775355488061905e-02
-2.908571064472198486e-02 1.875810325145721436e-01
2.626871168613433838e-01 -1.398887932300567627e-01
2.055573016405105591e-01 -3.542983531951904297e-02
1.573937684297561646e-01 -5.315510928630828857e-02
-4.871781170368194580e-02 3.596641123294830322e-02
-1.641776226460933685e-02 -2.160285832360386848e-03
-1.500652432441711426e-01 1.569476127624511719e-01
