2.314068228006362915e-01 -1.742333322763442993e-01
-1.794095709919929504e-02 -8.293207734823226929e-02
-2.015284895896911621e-01 -6.040268577635288239e-03
-1.820821166038513184e-01 1.193531304597854614e-01
-2.734269797801971436e-01 2.297639250755310059e-01
-2.042699754238128662e-01 1.768642514944076538e-01
-2.538630068302154541e-01 1.152981743216514587e-01
-4.381707012653350830e-01 5.445546507835388184e-01
-2.022835612297058105e-01 3.143568038940429688e-01
4.588002264499664307e-01 -4.043810069561004639e-01
-3.790056705474853516e-01 2.873767614364624023e-01
-1.755636930465698242e-02 -9.578724950551986694e-02
-4.814064204692840576e-01 5.416574478149414062e-01
-2.792778909206390381e-01 2.687097489833831787e-01
-1.531977206468582153e-01 3.368210792541503906e-01
3.968081474304199219e-01 -4.757705330848693848e-01
-3.251735270023345947e-01 3.229648470878601074e-01
-1.507716178894042969e-01 1.207346096634864807e-01
3.571667671203613281e-01 -2.119800895452499390e-01
-3.041913509368896484e-01 3.400252461433410645e-01
-1.638386696577072144e-01 -8.086185902357101440e-02
1.580536812543869019e-01 -2.513673007488250732e-01
-5.046516284346580505e-02 4.399663954973220825e-02
1.913947314023971558e-01 -7.977315038442611694e-02
4.340675771236419678e-01 -5.713613033294677734e-01
3.990983217954635620e-02 -1.255591809749603271e-01
-4.001060724258422852e-01 3.359873890876770020e-01
3.358276486396789551e-01 -3.043028712272644043e-01
-4.014132618904113770e-01 1.954463720321655273e-01
2.425766140222549438e-01 -4.437040165066719055e-02
-3.351290524005889893e-01 3.073408603668212891e-01
2.598254382610321045e-01 -3.140416145324707031e-01
1.448871642351150513e-01 -1.368136107921600342e-01
-7.037959992885589600e-02 -6.969059258699417114e-02
-4.859131574630737305e-01 5.478210449218750000e-01
-3.041612505912780762e-01 2.551397383213043213e-01
-1.342474520206451416e-01 3.894291073083877563e-02
3.419635593891143799e-01 -3.124391436576843262e-01
3.461006581783294678e-01 -3.087072670459747314e-01
-4.629117548465728760e-01 5.055131912231445312e-01
1.953540146350860596e-01 -3.251255452632904053e-01
3.089678883552551270e-01 -2.580642998218536377e-01
2.435745149850845337e-01 -2.355251908302307129e-01
-7.091983407735824585e-02 -4.606249928474426270e-02
6.804835200309753418e-01 -6.427953243255615234e-01
4.423569887876510620e-03 2.095713652670383453e-02
1.322194486856460571e-01 3.509869799017906189e-02
5.377401411533355713e-02 -1.975245773792266846e-01
1.512901782989501953e-01 -2.727422118186950684e-01
-3.739219903945922852e-01 3.244881927967071533e-01
-2.753283977508544922e-01 1.622799783945083618e-01
2.636930048465728760e-01 -1.233891993761062622e-01
-1.249510422348976135e-01 3.708839416503906250e-01
1.599508970975875854e-01 -1.265406459569931030e-01
7.946850359439849854e-02 -1.628012061119079590e-01
-1.102160662412643433e-01 1.868897825479507446e-01
1.008061245083808899e-01 -1.170373111963272095e-01
2.493569403886795044e-01 -3.385749831795692444e-02
-2.000017464160919189e-01 3.172469437122344971e-01
1.059491187334060669e-02 -5.468592047691345215e-02
-1.238789334893226624e-01 2.837708294391632080e-01
-4.401458799839019775e-02 -4.131329432129859924e-02
-3.153571486473083496e-01 1.608732342720031738e-01
-5.883809062652289867e-04 1.558386832475662231e-01
-1.075418442487716675e-01 -8.390951156616210938e-02
9.075877070426940918e-01 -1.131700038909912109e+00
3.670805990695953369e-01 -3.540474772453308105e-01
-3.774205744266510010e-01 2.932591736316680908e-01
-4.836172983050346375e-02 -2.047611474990844727e-01
-3.091417849063873291e-01 3.546252846717834473e-01
1.796617209911346436e-01 7.183569669723510742e-02
-2.296195030212402344e-01 1.531725078821182251e-01
2.357873320579528809e-01 -1.307844817638397217e-01
-2.114315927028656006e-01 2.837871015071868896e-01
-4.975346326828002930e-01 4.096494913101196289e-01
7.655041813850402832e-01 -8.956981301307678223e-01
-9.398404955863952637e-01 1.088098526000976562e+00
4.102670550346374512e-01 -3.767028748989105225e-01
-6.886135935783386230e-01 6.893084049224853516e-01
7.695990800857543945e-01 -7.441265583038330078e-01
8.274362683296203613e-01 -9.519891142845153809e-01
-7.566481828689575195e-01 6.575245857238769531e-01
-6.410686969757080078e-01 5.091426372528076172e-01
-1.366632431745529175e-01 2.787503302097320557e-01
1.593916416168212891e-01 -2.186275124549865723e-01
-3.741373494267463684e-02 -1.871827840805053711e-01
-2.255246788263320923e-01 5.944217741489410400e-02
6.801976561546325684e-01 -7.747695446014404297e-01
1.244099497795104980e+00 -1.309876084327697754e+00
8.374534249305725098e-01 -6.915110945701599121e-01
-1.067883253097534180e+00 9.016715288162231445e-01
-3.671747073531150818e-02 -3.383140265941619873e-02
-1.433150053024291992e+00 1.253165960311889648e+00
4.683431088924407959e-01 -4.784111678600311279e-01
-8.276005834341049194e-02 1.805988401174545288e-01
-3.973210453987121582e-01 3.973628580570220947e-01
-1.796332597732543945e-01 8.590588718652725220e-02
9.767239093780517578e-01 -8.754191994667053223e-01
-6.510249972343444824e-01 6.756565570831298828e-01
2.225857377052307129e-01 -3.843804076313972473e-02
5.601191520690917969e-01 -7.409728169441223145e-01
7.358956933021545410e-01 -8.232470154762268066e-01
-2.850548923015594482e-01 1.621713340282440186e-01
-6.584119200706481934e-01 4.394886493682861328e-01
-2.817290723323822021e-01 2.820766866207122803e-01
-3.780122995376586914e-01 4.150373041629791260e-01
3.421989977359771729e-01 -4.360463619232177734e-01
-7.835257053375244141e-01 7.713814377784729004e-01
4.804264605045318604e-01 -7.611818909645080566e-01
5.556151866912841797e-01 -4.074014723300933838e-01
5.237145423889160156e-01 -3.085997700691223145e-01
6.374220252037048340e-01 -7.357624173164367676e-01
-7.580911368131637573e-02 -9.341720491647720337e-02
-9.590545296669006348e-01 6.851868033409118652e-01
8.239107206463813782e-03 -1.327240467071533203e-01
5.543581843376159668e-01 -6.887716650962829590e-01
-2.928756773471832275e-01 2.852716445922851562e-01
2.611454725265502930e-01 2.014025487005710602e-02
-5.146809294819831848e-02 -1.614005714654922485e-01
-2.227572202682495117e-01 1.201907619833946228e-01
-1.595942378044128418e+00 1.721106529235839844e+00
-6.003913283348083496e-01 3.495643734931945801e-01
-2.375181466341018677e-01 2.997284531593322754e-01
2.676779031753540039e-01 -4.319638609886169434e-01
-8.543190360069274902e-01 8.465930819511413574e-01
9.505708515644073486e-02 -2.791625857353210449e-01
-2.881549298763275146e-01 4.007765650749206543e-01
-1.664062291383743286e-01 2.945511341094970703e-01
-3.292500972747802734e-01 2.980754375457763672e-01
-2.216552011668682098e-02 -7.919454015791416168e-03
-2.109308093786239624e-01 1.422928273677825928e-01
-3.387877941131591797e-01 6.219672560691833496e-01
-3.333725631237030029e-01 3.199758231639862061e-01
7.763673365116119385e-02 -7.015125453472137451e-02
-4.558048546314239502e-01 5.560744404792785645e-01
-4.867682158946990967e-01 1.229502707719802856e-01
-5.743125081062316895e-01 5.494039654731750488e-01
4.065993726253509521e-01 -3.499186635017395020e-01
-6.369817852973937988e-01 6.186467409133911133e-01
9.943921566009521484e-01 -8.809642791748046875e-01
4.516269564628601074e-01 -4.719775617122650146e-01
-2.044351696968078613e-01 1.542993187904357910e-01
2.341300398111343384e-01 -1.706608235836029053e-01
1.783583015203475952e-01 -2.361854761838912964e-01
8.009802550077438354e-02 -1.417426317930221558e-01
-3.921660184860229492e-01 3.471612036228179932e-01
4.313633963465690613e-02 -1.698938012123107910e-01
7.678027153015136719e-01 -6.363667845726013184e-01
1.935005560517311096e-02 9.202949702739715576e-02
4.241319894790649414e-01 -5.857605338096618652e-01
-2.579647600650787354e-01 4.301751255989074707e-01
3.725235760211944580e-01 -1.685398817062377930e-01
-1.162928901612758636e-02 1.305138319730758667e-01
2.229765504598617554e-01 -2.043461054563522339e-01
2.271688878536224365e-01 -3.818516135215759277e-01
-3.112349510192871094e-01 1.221415102481842041e-01
-3.080942332744598389e-01 2.583951354026794434e-01
-1.325294841080904007e-02 -3.199583850800991058e-03
1.643957942724227905e-01 -1.716232597827911377e-01
2.007417976856231689e-01 2.895901678130030632e-03
-6.026201844215393066e-01 5.913960933685302734e-01
-6.084040999412536621e-01 6.888753771781921387e-01
-7.813988924026489258e-01 6.017781496047973633e-01
-3.250221163034439087e-02 1.006871089339256287e-01
-3.043757677078247070e-01 2.127235531806945801e-01
6.036323904991149902e-01 -5.248531103134155273e-01
-1.451215595006942749e-01 2.229769378900527954e-01
1.489900890737771988e-02 -8.940603584051132202e-02
-1.666549406945705414e-02 7.451408356428146362e-02
-6.504685282707214355e-01 5.974454283714294434e-01
-2.889106273651123047e-01 1.386992782354354858e-01
-1.250723451375961304e-01 2.168670445680618286e-01
4.713476598262786865e-01 -5.408068895339965820e-01
-1.821783930063247681e-02 1.868511177599430084e-02
-4.715325534343719482e-01 6.414790153503417969e-01
-4.501956328749656677e-02 -1.364687830209732056e-01
1.561580412089824677e-02 -1.663446277379989624e-01
-1.880539804697036743e-01 1.935721337795257568e-01
-7.217077910900115967e-02 1.779578030109405518e-01
-7.962694019079208374e-02 3.736282512545585632e-02
-4.315285980701446533e-01 5.594512820243835449e-01
6.200461834669113159e-02 -2.763315141201019287e-01
2.507918179035186768e-01 -3.204813897609710693e-01
3.456687927246093750e-02 1.709636300802230835e-01
-8.264766633510589600e-02 2.477099597454071045e-01
1.632927656173706055e-01 -3.125514388084411621e-01
-1.424800455570220947e-01 3.801154345273971558e-02
-6.507271528244018555e-01 5.997399091720581055e-01
-1.005788564682006836e+00 8.530834317207336426e-01
-1.007533669471740723e-01 6.413479894399642944e-02
-3.078227303922176361e-02 1.497283875942230225e-01
1.226677894592285156e-01 1.406659632921218872e-01
-1.692570187151432037e-02 -1.100758612155914307e-01
-2.537018433213233948e-02 2.600580155849456787e-01
4.154970496892929077e-02 -2.536127865314483643e-01
1.190458238124847412e-01 -3.697307035326957703e-02
-3.637434914708137512e-02 -4.775544628500938416e-02
1.652405038475990295e-02 -1.949906535446643829e-02
-2.137926518917083740e-01 2.567655444145202637e-01
-2.413706779479980469e-01 1.206426620483398438e-01
-2.647500038146972656e-01 2.479804605245590210e-01
3.986101597547531128e-02 -4.342577420175075531e-03
-2.996474802494049072e-01 4.171141982078552246e-01
4.684281647205352783e-01 -4.564435780048370361e-01
-1.283397972583770752e-01 9.614927321672439575e-02
1.695598512887954712e-01 -1.419399529695510864e-01
3.280118852853775024e-02 -1.089805513620376587e-01
2.343836426734924316e-01 9.905498474836349487e-03
-2.332770824432373047e-01 1.376629918813705444e-01
-4.703898429870605469e-01 3.485530018806457520e-01
2.327962666749954224e-01 -3.051941990852355957e-01
1.556008215993642807e-02 -1.090445071458816528e-01
-6.089140102267265320e-02 -1.942394971847534180e-01
2.124899327754974365e-01 1.559367519803345203e-03
-3.137214109301567078e-02 7.169100642204284668e-02
2.766383588314056396e-01 -1.849368065595626831e-01
-1.038819476962089539e-01 7.832653820514678955e-02
7.217726111412048340e-02 5.460146442055702209e-02
-3.805723786354064941e-02 -8.979272842407226562e-02
-4.643294215202331543e-02 1.351535320281982422e-01
-3.362178802490234375e-03 4.989552497863769531e-02
-1.659868657588958740e-01 2.333463728427886963e-01
-2.229184657335281372e-01 3.527970910072326660e-01
8.268234133720397949e-02 -1.867203265428543091e-01
2.661976218223571777e-01 -1.072612106800079346e-01
2.438665628433227539e-01 -1.692214608192443848e-01
-4.152263104915618896e-01 5.197142362594604492e-01
1.574516668915748596e-02 -6.271637976169586182e-02
-4.127648472785949707e-02 4.564087092876434326e-02
2.140434831380844116e-01 -1.610128134489059448e-01
9.042736142873764038e-02 -1.972666569054126740e-02
2.549987733364105225e-01 -1.923598349094390869e-01
1.333655696362257004e-02 1.318430602550506592e-01
-2.379712313413619995e-01 3.060948848724365234e-01
2.080072164535522461e-01 -1.827522814273834229e-01
1.582745090126991272e-02 -6.940085440874099731e-02
2.276849895715713501e-01 -2.296142876148223877e-01
2.962000668048858643e-02 -4.988386482000350952e-02
-4.847366213798522949e-01 4.539013206958770752e-01
-7.183308154344558716e-02 2.700761258602142334e-01
2.132401019334793091e-01 -1.862617135047912598e-01
1.044895797967910767e-01 -1.524556130170822144e-01
4.669929295778274536e-02 1.646044254302978516e-01
-3.412536531686782837e-02 -1.091165468096733093e-01
-3.570875823497772217e-01 2.324059903621673584e-01
-7.010598480701446533e-02 -1.317850053310394287e-01
-1.238909736275672913e-01 6.658330559730529785e-02
1.252179965376853943e-02 -3.758576884865760803e-02
-1.877833008766174316e-01 3.558661416172981262e-02
-2.391176521778106689e-01 -8.698724955320358276e-02
-9.321179240942001343e-03 5.893250554800033569e-02
2.284120954573154449e-02 7.516184449195861816e-02
-1.639354079961776733e-01 1.147437989711761475e-01
-2.141390740871429443e-01 6.026680022478103638e-02
-1.422522962093353271e-01 -5.218957667239010334e-04
7.163888309150934219e-03 2.007603496313095093e-01
