2.645588479936122894e-02 -1.121657043695449829e-01
1.089877486228942871e-01 -2.516829073429107666e-01
-2.257467657327651978e-01 2.720605432987213135e-01
-1.989523172378540039e-01 1.690539270639419556e-01
1.446932703256607056e-01 1.171542797237634659e-02
-1.521059423685073853e-01 1.717453896999359131e-01
-1.806157678365707397e-01 2.189839929342269897e-01
2.086756825447082520e-01 -2.341322004795074463e-01
-1.455643028020858765e-01 2.010878920555114746e-01
3.799551352858543396e-02 -1.688958853483200073e-01
9.511160664260387421e-03 1.747292652726173401e-02
-1.253295093774795532e-01 -1.199735924601554871e-01
-1.746169328689575195e-01 7.745794206857681274e-02
2.320933938026428223e-01 -2.237818390130996704e-01
-1.867630928754806519e-01 2.022523134946823120e-01
3.411825895309448242e-01 -2.087229639291763306e-01
-1.728809624910354614e-01 2.132170088589191437e-02
-9.410852938890457153e-02 2.428203672170639038e-01
5.794080346822738647e-02 -2.061052322387695312e-01
-6.262488896027207375e-04 -2.192539349198341370e-02
-1.689696609973907471e-01 2.335641235113143921e-01
-1.314285248517990112e-01 9.017895907163619995e-03
2.557435929775238037e-01 -1.335351616144180298e-01
1.804941594600677490e-01 -2.370691448450088501e-01
-4.190245270729064941e-02 6.745257228612899780e-02
1.676624082028865814e-02 -1.637085676193237305e-01
1.864152401685714722e-01 -7.484908401966094971e-02
-1.793514192104339600e-01 4.031043127179145813e-02
-4.613343253731727600e-02 2.201343178749084473e-01
-7.762072235345840454e-02 2.863709442317485809e-02
-2.499412298202514648e-01 2.210185974836349487e-01
-2.393691241741180420e-01 1.581465005874633789e-01
-1.109841316938400269e-01 1.230578869581222534e-01
1.337740570306777954e-01 -2.221800833940505981e-01
5.493951588869094849e-02 -2.496231496334075928e-01
3.109295964241027832e-01 -2.857739850878715515e-02
-1.192630827426910400e-01 9.550907462835311890e-02
5.678817257285118103e-02 -5.386504344642162323e-04
1.238592341542243958e-01 2.293320000171661377e-01
-4.852745309472084045e-02 5.927657708525657654e-02
-1.521129161119461060e-01 -1.369585096836090088e-01
-1.904500722885131836e-01 5.877973884344100952e-02
-5.698323994874954224e-02 1.298121660947799683e-01
4.636393487453460693e-02 -1.431297957897186279e-01
4.860043525695800781e-02 1.451747119426727295e-01
7.118061184883117676e-02 -2.215879112482070923e-01
1.775769889354705811e-01 -2.149798870086669922e-01
3.200410902500152588e-01 -2.159024477005004883e-01
2.018465846776962280e-01 -1.483664810657501221e-01
1.960662305355072021e-01 -1.448939889669418335e-01
-8.082491159439086914e-02 -8.567462675273418427e-03
1.783690531738102436e-03 2.016045302152633667e-01
8.201319724321365356e-03 8.923461288213729858e-02
-5.241449549794197083e-02 1.620740443468093872e-02
1.691925227642059326e-01 4.255116358399391174e-02
-2.059625834226608276e-01 1.562450379133224487e-01
-2.758152782917022705e-01 1.358132809400558472e-01
-5.496072396636009216e-02 1.164805069565773010e-01
5.560772493481636047e-02 -4.068880155682563782e-02
-3.416311740875244141e-02 -5.766115337610244751e-02
-2.028130590915679932e-01 3.150152266025543213e-01
-9.096180647611618042e-02 2.289084047079086304e-01
6.631623208522796631e-02 -9.648852795362472534e-02
2.447229111567139626e-03 -1.525724232196807861e-01
-4.879880696535110474e-02 2.204118371009826660e-01
-1.791431605815887451e-01 -5.842402577400207520e-02
1.497608125209808350e-01 5.998373962938785553e-03
-1.663602888584136963e-01 1.835190057754516602e-01
1.849176287651062012e-01 -9.145679324865341187e-02
9.792187064886093140e-02 1.182325482368469238e-01
1.898310631513595581e-01 -9.547512978315353394e-03
2.531712651252746582e-01 3.239372000098228455e-02
-4.666507989168167114e-02 -1.194164380431175232e-01
2.192265093326568604e-01 -1.004856154322624207e-01
-4.961204901337623596e-02 -1.688274294137954712e-01
1.950020045042037964e-01 -5.852914601564407349e-02
1.426376849412918091e-01 -1.150065660476684570e-01
1.544953882694244385e-01 -2.072475403547286987e-01
-4.648019000887870789e-02 -1.611547917127609253e-01
4.308424890041351318e-02 -2.414126880466938019e-02
-1.519052833318710327e-01 2.686283886432647705e-01
-2.144082337617874146e-01 1.978453844785690308e-01
-4.543655738234519958e-02 -1.519631147384643555e-01
-2.561842799186706543e-01 2.067690044641494751e-01
-2.175387740135192871e-02 2.264888584613800049e-02
-1.456515640020370483e-01 5.861577764153480530e-02
7.952626049518585205e-02 -4.482625052332878113e-02
1.124271973967552185e-01 -2.414512336254119873e-01
8.292691409587860107e-02 -2.196526378393173218e-01
-2.546522021293640137e-01 1.430906057357788086e-01
-1.663816273212432861e-01 2.628102898597717285e-01
1.068238988518714905e-01 7.548887282609939575e-03
2.508682608604431152e-01 -1.607916206121444702e-01
-1.463108062744140625e-01 1.425992548465728760e-01
4.931818321347236633e-02 7.716000080108642578e-02
1.370978057384490967e-01 -1.702671498060226440e-01
2.130825668573379517e-01 -2.511568069458007812e-01
7.352779805660247803e-02 -8.755094558000564575e-02
7.966180890798568726e-02 -4.325140267610549927e-02
2.811324298381805420e-01 -2.375908568501472473e-02
7.141247391700744629e-02 -2.818027511239051819e-02
-2.852055430412292480e-01 4.196444898843765259e-02
-1.221276968717575073e-01 1.700343042612075806e-01
-2.192900627851486206e-01 1.412288993597030640e-01
6.913281977176666260e-02 1.231440082192420959e-01
1.822486370801925659e-01 -1.294783595949411392e-02
1.611570082604885101e-02 1.326871197670698166e-02
1.811331212520599365e-01 -1.521219909191131592e-01
1.169005036354064941e-01 2.560154162347316742e-02
1.516872942447662354e-01 -2.804411947727203369e-01
1.750832647085189819e-01 -8.638004958629608154e-02
2.018308825790882111e-02 -4.564838111400604248e-02
3.947589173913002014e-02 6.489028781652450562e-02
4.921187087893486023e-02 2.419768869876861572e-01
1.654711663722991943e-01 -2.482904791831970215e-01
3.604770824313163757e-02 -1.978820711374282837e-01
-1.985758244991302490e-01 4.356582835316658020e-02
-1.176108792424201965e-01 1.299516558647155762e-01
-1.595686227083206177e-01 1.559269800782203674e-02
2.883465960621833801e-02 -6.926805526018142700e-02
-2.042997479438781738e-01 1.810331642627716064e-01
1.331487745046615601e-01 -5.693675950169563293e-02
6.581643968820571899e-02 3.227969631552696228e-02
1.798400878906250000e-01 -1.865252256393432617e-01
-2.023641169071197510e-01 2.155779749155044556e-01
-1.213474292308092117e-02 -2.392394542694091797e-01
-1.206193268299102783e-01 1.082431599497795105e-01
2.362866848707199097e-01 -2.583412528038024902e-01
-1.965141594409942627e-01 1.899242252111434937e-01
8.067532442510128021e-03 -4.155806265771389008e-03
-9.103216230869293213e-02 1.625237464904785156e-01
-1.519368588924407959e-01 6.552061438560485840e-02
1.198673248291015625e-01 -6.253170967102050781e-02
-1.122246906161308289e-01 2.175562530755996704e-01
6.628825794905424118e-03 3.826395049691200256e-02
-1.929184049367904663e-01 3.522948920726776123e-02
4.678659886121749878e-02 -7.850967347621917725e-02
2.762432396411895752e-01 -8.892404288053512573e-02
-1.756374239921569824e-01 -5.023234989494085312e-03
-1.291543692350387573e-01 8.059441298246383667e-02
-2.928170561790466309e-01 2.488708347082138062e-01
1.980432271957397461e-01 -1.018989831209182739e-01
-1.697176098823547363e-01 1.978408694267272949e-01
-3.934833779931068420e-02 -5.186837539076805115e-02
-1.453430503606796265e-01 1.735735982656478882e-01
-6.610913202166557312e-03 2.337728887796401978e-01
5.798963084816932678e-02 -3.926112130284309387e-02
3.124389238655567169e-02 -2.006263658404350281e-02
-1.655005617067217827e-03 2.157161533832550049e-01
1.534340679645538330e-01 -1.290568560361862183e-01
3.297670185565948486e-01 -1.994653493165969849e-01
2.976529300212860107e-01 -2.583447992801666260e-01
-1.088851615786552429e-01 1.566639393568038940e-01
1.234259363263845444e-02 -2.139796316623687744e-01
1.281403452157974243e-01 -4.422556608915328979e-02
3.961014747619628906e-02 -2.989784069359302521e-02
-2.422260046005249023e-01 2.335064411163330078e-01
1.491045504808425903e-01 -2.563093006610870361e-01
-3.316218852996826172e-01 2.057331204414367676e-01
1.301846057176589966e-01 -6.736942380666732788e-02
-1.468968987464904785e-01 2.947818636894226074e-01
1.233158186078071594e-01 -3.131429851055145264e-01
2.862450182437896729e-01 -4.225795343518257141e-02
1.380743384361267090e-01 -1.955373436212539673e-01
2.771253511309623718e-02 8.426723629236221313e-02
-9.387665987014770508e-02 6.501612812280654907e-02
-1.161784753203392029e-01 9.173870086669921875e-02
2.180813550949096680e-01 -3.176806271076202393e-01
-2.529506087303161621e-01 8.356157690286636353e-02
-5.124393478035926819e-02 1.129401326179504395e-01
-8.370216935873031616e-02 3.490783870220184326e-01
2.277739197015762329e-01 -1.645995229482650757e-01
-1.261052638292312622e-01 2.298311442136764526e-01
9.510515257716178894e-03 -2.756370604038238525e-01
4.870796576142311096e-02 4.628363996744155884e-03
6.632396485656499863e-03 -2.935741245746612549e-01
-1.277239471673965454e-01 1.429885625839233398e-02
3.911369293928146362e-02 -1.063203159719705582e-02
-2.247140258550643921e-01 3.458954095840454102e-01
-1.224430352449417114e-01 1.685111522674560547e-01
6.848477572202682495e-02 -1.199200674891471863e-01
-1.721871048212051392e-01 2.491877824068069458e-01
2.889860868453979492e-01 -2.095644176006317139e-01
-9.080552309751510620e-02 2.634118795394897461e-01
-1.651369631290435791e-01 1.187810078263282776e-01
-2.699516117572784424e-01 4.192081093788146973e-02
-7.904418557882308960e-02 3.276467695832252502e-02
1.936980932950973511e-01 -2.170305997133255005e-01
-2.915731966495513916e-01 1.459432691335678101e-01
-1.505268812179565430e-01 2.627281248569488525e-01
-1.208004634827375412e-02 -1.727488934993743896e-01
1.014841794967651367e-01 -1.817885041236877441e-01
-2.378014326095581055e-01 5.630107969045639038e-02
1.612122170627117157e-02 -1.544230058789253235e-02
-1.662345677614212036e-01 2.425863444805145264e-01
2.425030339509248734e-03 1.719435006380081177e-01
1.934022754430770874e-01 -3.034763038158416748e-02
-1.637209057807922363e-01 7.873098552227020264e-02
1.202735025435686111e-02 8.089704811573028564e-02
-8.542596548795700073e-02 1.583967655897140503e-01
2.319358056411147118e-03 -1.729597747325897217e-01
4.960255697369575500e-03 -2.103506624698638916e-01
-2.190085873007774353e-02 -3.647554665803909302e-02
5.492084473371505737e-02 -3.036056756973266602e-01
-1.355667263269424438e-01 1.094716936349868774e-01
2.003732621669769287e-01 -1.614705920219421387e-01
-7.563678920269012451e-02 -7.675848156213760376e-02
-4.363089427351951599e-02 6.276995688676834106e-02
-1.717108637094497681e-01 9.303741902112960815e-02
3.856583684682846069e-02 2.243497371673583984e-01
2.325484752655029297e-01 -1.725397109985351562e-01
8.564364910125732422e-02 -4.106326401233673096e-02
-1.814854145050048828e-01 -2.606531605124473572e-02
-2.502111494541168213e-01 -4.129681363701820374e-02
5.872046574950218201e-02 6.209414917975664139e-03
1.341565996408462524e-01 -2.375451773405075073e-01
-2.009549885988235474e-01 1.722785234451293945e-01
1.916555762290954590e-01 -4.798884689807891846e-02
5.442186817526817322e-02 -1.456470787525177002e-01
3.268593549728393555e-02 1.411398351192474365e-01
-4.660179093480110168e-02 1.214615181088447571e-01
3.829584270715713501e-02 -8.280160278081893921e-02
-3.166792392730712891e-01 1.553261727094650269e-01
-1.375639587640762329e-01 5.162639170885086060e-02
-1.687954813241958618e-01 -8.001030981540679932e-02
7.697076350450515747e-02 -2.195202708244323730e-01
1.950951665639877319e-01 -1.417694091796875000e-01
1.793471723794937134e-01 -9.526791423559188843e-02
-6.849829107522964478e-02 1.627925932407379150e-01
-2.032489478588104248e-01 1.724608056247234344e-02
-1.509440094232559204e-01 1.736834496259689331e-01
-3.726967424154281616e-02 8.687888085842132568e-02
1.479935944080352783e-01 -1.255197376012802124e-01
-1.298525035381317139e-01 6.551519036293029785e-02
-1.851822882890701294e-01 3.303921967744827271e-02
-9.470531344413757324e-02 5.289016291499137878e-02
9.165303409099578857e-02 -3.911236301064491272e-03
-5.607466772198677063e-02 -8.966385573148727417e-02
8.500365167856216431e-02 -1.934898346662521362e-01
3.249037861824035645e-01 -2.503562867641448975e-01
-2.269541919231414795e-01 1.099664494395256042e-01
-5.624362453818321228e-02 1.259654015302658081e-01
-2.465777546167373657e-01 3.455151990056037903e-02
4.018512740731239319e-02 -1.346587319858372211e-03
4.412811622023582458e-02 5.233686789870262146e-02
-1.894305832684040070e-02 3.650548681616783142e-02
6.980443000793457031e-02 -5.670362710952758789e-02
7.738508284091949463e-03 1.637197136878967285e-01
1.491561811417341232e-02 -2.435458824038505554e-02
2.623997628688812256e-01 -3.837901353836059570e-01
-1.125057265162467957e-01 2.994746267795562744e-01
7.307478785514831543e-02 -9.596505761146545410e-02
-9.948909282684326172e-02 2.589069902896881104e-01
-8.162086457014083862e-02 -2.752903290092945099e-02
2.572015225887298584e-01 -1.894671022891998291e-01
3.023788332939147949e-01 -2.375471591949462891e-01
