1.672148406505584717e-01 -6.697134673595428467e-02
-2.967231571674346924e-01 2.395742088556289673e-01
1.512650847434997559e-01 -2.030606269836425781e-01
7.669939845800399780e-02 -1.256180852651596069e-01
-2.434656471014022827e-01 5.279322341084480286e-02
3.266252949833869934e-02 2.634173259139060974e-02
-1.894150227308273315e-01 3.595624268054962158e-01
1.569710224866867065e-01 -2.395135313272476196e-01
6.515381485223770142e-02 4.627041891217231750e-02
2.658291161060333252e-01 -4.965901076793670654e-01
-1.291905939579010010e-01 -7.115590572357177734e-02
1.019468382000923157e-01 -2.326258271932601929e-01
2.286153584718704224e-01 -2.147589176893234253e-01
-1.616237126290798187e-02 -3.927526623010635376e-02
1.979065388441085815e-01 -1.452194303274154663e-01
-1.936969161033630371e-01 1.412717401981353760e-01
-2.966189980506896973e-01 4.375956952571868896e-01
2.213712632656097412e-01 -1.895941793918609619e-01
-2.093834877014160156e-01 3.141339495778083801e-02
-1.525462120771408081e-01 1.589818894863128662e-01
2.312501333653926849e-02 7.838746160268783569e-02
2.422840595245361328e-01 -3.331060409545898438e-01
8.014877885580062866e-02 6.115060765296220779e-03
-2.407190799713134766e-01 3.181838393211364746e-01
-2.418831437826156616e-01 2.876832485198974609e-01
4.193527996540069580e-02 4.707552492618560791e-02
1.821978986263275146e-01 -1.141453310847282410e-01
1.085056737065315247e-01 3.224722295999526978e-02
1.853554993867874146e-01 -1.985447704792022705e-01
1.132521033287048340e-01 3.021325170993804932e-02
-1.060642227530479431e-01 -7.742203772068023682e-02
-5.529194325208663940e-02 1.197799518704414368e-01
-1.038800850510597229e-01 1.247460320591926575e-01
-2.313161939382553101e-01 6.420366466045379639e-02
1.393734365701675415e-01 -1.038152873516082764e-01
-5.157585814595222473e-02 7.899913191795349121e-02
2.103328257799148560e-01 -1.532982587814331055e-01
-1.052206084132194519e-01 1.492051500827074051e-02
2.303759008646011353e-01 -5.690576136112213135e-02
3.921072185039520264e-01 -2.032243311405181885e-01
2.769413292407989502e-01 -1.071823202073574066e-02
1.253705024719238281e-01 -1.719885915517807007e-01
-5.589274317026138306e-02 7.058361172676086426e-02
3.136309385299682617e-01 -2.433253526687622070e-01
-1.967825889587402344e-01 2.048719078302383423e-01
-1.300112903118133545e-01 2.294767275452613831e-02
-1.053034910000860691e-03 7.285746932029724121e-02
6.483638286590576172e-02 -2.566797472536563873e-02
7.431501895189285278e-02 -1.158827841281890869e-01
4.208016991615295410e-01 -3.179987668991088867e-01
1.239298209547996521e-01 -1.379636675119400024e-01
1.766662001609802246e-01 1.236790940165519714e-01
2.500077188014984131e-01 -3.001011610031127930e-01
-2.780025899410247803e-01 3.488463163375854492e-01
-2.130220383405685425e-01 2.482374310493469238e-01
1.615535020828247070e-01 -7.798797637224197388e-02
2.733091115951538086e-01 -3.934020996093750000e-01
-5.947297066450119019e-02 -1.117855831980705261e-01
-3.596310317516326904e-01 1.873523592948913574e-01
9.116816520690917969e-02 -1.622264087200164795e-02
-4.407241474837064743e-03 5.453338846564292908e-03
8.324158377945423126e-03 9.456543624401092529e-02
2.747609019279479980e-01 -1.523794233798980713e-01
-5.184620618820190430e-02 1.119465101510286331e-02
1.280622035264968872e-01 -7.173480093479156494e-02
-4.517192244529724121e-01 3.974727094173431396e-01
6.588459759950637817e-02 -1.626659631729125977e-01
9.792922437191009521e-02 -1.259434074163436890e-01
-2.467052042484283447e-01 2.316665798425674438e-01
1.311219185590744019e-01 -1.112889349460601807e-01
-2.161136269569396973e-01 7.802496850490570068e-02
2.960951030254364014e-01 -3.961094617843627930e-01
2.397563010454177856e-01 -2.352821528911590576e-01
5.506006479263305664e-01 -6.442661285400390625e-01
2.474143505096435547e-01 -1.052936986088752747e-01
-2.525250799953937531e-02 2.158484905958175659e-01
1.059305965900421143e-01 -1.693067848682403564e-01
-4.498543217778205872e-02 1.381217986345291138e-01
2.932161092758178711e-01 -1.884819269180297852e-01
-2.368258535861968994e-01 3.692700266838073730e-01
-2.394704669713973999e-01 2.694591283798217773e-01
5.378779768943786621e-01 -5.510264635086059570e-01
-6.185868382453918457e-01 4.053994715213775635e-01
-5.228809118270874023e-01 5.050773620605468750e-01
-1.252113580703735352e-01 3.690921887755393982e-02
3.175077438354492188e-01 -2.026464641094207764e-01
4.292726144194602966e-02 -8.222311735153198242e-02
-3.825968876481056213e-02 1.159074455499649048e-01
-2.038252055644989014e-01 1.161424517631530762e-01
-1.113156154751777649e-01 1.460234820842742920e-01
-2.600865066051483154e-01 2.363004237413406372e-01
6.090611591935157776e-02 -4.744536802172660828e-02
-1.268602013587951660e-01 8.125027269124984741e-02
-1.044285148382186890e-01 1.661459207534790039e-01
-3.609729707241058350e-01 1.879216134548187256e-01
-2.611939311027526855e-01 2.986923456192016602e-01
-1.974549144506454468e-01 3.946638479828834534e-02
-3.733495771884918213e-01 2.404441386461257935e-01
4.672689363360404968e-02 7.991788536310195923e-02
5.800854042172431946e-02 3.175062825903296471e-03
1.476369146257638931e-02 1.381974946707487106e-02
3.351419270038604736e-01 -2.516093254089355469e-01
-4.016229882836341858e-02 -1.461534202098846436e-01
3.737195730209350586e-01 -6.853136420249938965e-01
2.963311038911342621e-02 -1.706362664699554443e-01
6.811093538999557495e-03 4.880990460515022278e-02
1.557201892137527466e-02 1.578721590340137482e-02
6.758734583854675293e-01 -6.286913156509399414e-01
-1.885198950767517090e-01 3.499970734119415283e-01
-1.869139820337295532e-01 3.384798467159271240e-01
1.307779103517532349e-01 -3.137898743152618408e-01
-3.222237229347229004e-01 1.799288839101791382e-01
2.592776715755462646e-01 -7.509905099868774414e-02
8.846691846847534180e-01 -9.268065094947814941e-01
-9.001601487398147583e-02 2.086345292627811432e-02
1.876950114965438843e-01 -9.044579416513442993e-02
4.598104953765869141e-01 -4.616582989692687988e-01
-1.214461326599121094e-01 1.129059419035911560e-01
-2.069022804498672485e-01 2.311071306467056274e-01
3.337383642792701721e-02 -6.719736848026514053e-03
2.237935513257980347e-01 -3.216097950935363770e-01
-9.926556795835494995e-02 1.521578431129455566e-01
-7.586604915559291840e-03 7.678627967834472656e-02
2.636382281780242920e-01 1.058407686650753021e-02
1.600974798202514648e-02 1.046271696686744690e-01
-3.311798572540283203e-01 1.140628606081008911e-01
4.716548025608062744e-01 -2.590003013610839844e-01
1.006928272545337677e-02 1.991084963083267212e-02
2.636103630065917969e-01 -3.685618340969085693e-01
1.364428699016571045e-01 -3.020646274089813232e-01
1.972369849681854248e-01 -2.494056969881057739e-01
6.334040760993957520e-01 -5.456743240356445312e-01
-2.528489530086517334e-01 2.545159757137298584e-01
1.675858907401561737e-02 -2.025914192199707031e-02
-2.504378259181976318e-01 4.928333461284637451e-01
3.277155458927154541e-01 -3.522930145263671875e-01
3.502666950225830078e-02 -8.728218078613281250e-02
2.673531174659729004e-01 -2.273496091365814209e-01
3.483130335807800293e-01 -1.397634446620941162e-01
-2.227522283792495728e-01 3.408508002758026123e-02
-2.653408944606781006e-01 1.986266970634460449e-01
-2.038527131080627441e-01 -6.114808097481727600e-02
-2.054014056921005249e-01 2.440234273672103882e-01
-2.142300009727478027e-01 7.758577913045883179e-02
1.230334192514419556e-01 3.909976780414581299e-02
6.822861433029174805e-01 -4.940766096115112305e-01
-5.893161892890930176e-02 -1.747334599494934082e-01
-6.571792960166931152e-01 6.427337527275085449e-01
-3.868227899074554443e-01 2.529426515102386475e-01
4.099638387560844421e-02 1.197060383856296539e-02
1.374765485525131226e-01 -1.318542212247848511e-01
1.719895303249359131e-01 -1.410550326108932495e-01
-5.847230181097984314e-02 2.180353105068206787e-01
2.644345760345458984e-01 -2.981425821781158447e-01
-4.128966033458709717e-01 1.359377354383468628e-01
3.513973951339721680e-01 -4.848974943161010742e-01
-6.706554293632507324e-01 7.413421273231506348e-01
2.047505974769592285e-02 3.003749437630176544e-02
9.018529206514358521e-03 -6.314684450626373291e-02
3.580575585365295410e-01 -3.312047719955444336e-01
-5.249512195587158203e-01 2.915066778659820557e-01
4.354102909564971924e-01 -4.890609085559844971e-01
-2.589621841907501221e-01 3.020164370536804199e-01
-4.045580625534057617e-01 3.741589486598968506e-01
2.330318838357925415e-01 -2.286928147077560425e-01
-7.840409278869628906e-01 5.985625982284545898e-01
3.612063825130462646e-01 -2.434387058019638062e-01
2.491732686758041382e-01 -2.898020744323730469e-01
-1.030404567718505859e-01 -9.947507083415985107e-02
-1.351796090602874756e-01 2.058836370706558228e-01
7.577743381261825562e-02 -1.605851501226425171e-01
4.349689185619354248e-02 1.626059114933013916e-01
-4.674355313181877136e-02 7.346515357494354248e-02
7.214687764644622803e-02 -2.056397795677185059e-01
7.566113024950027466e-02 -1.308541297912597656e-01
-6.567671149969100952e-02 6.563187390565872192e-02
1.348981559276580811e-01 -1.303056329488754272e-01
-2.460307627916336060e-01 7.961132377386093140e-02
4.788836538791656494e-01 -4.794548153877258301e-01
7.621676921844482422e-01 -5.415189862251281738e-01
6.091048121452331543e-01 -4.593351781368255615e-01
5.652098059654235840e-01 -4.868733286857604980e-01
-8.679310977458953857e-02 1.689060777425765991e-01
-2.918966710567474365e-01 3.042003512382507324e-01
-2.952765226364135742e-01 1.597342044115066528e-01
-4.471499621868133545e-01 5.283499360084533691e-01
9.642840921878814697e-02 -2.566629648208618164e-01
2.612420320510864258e-01 -2.469513267278671265e-01
7.271696347743272781e-03 9.722257405519485474e-02
-1.726958006620407104e-01 8.727591484785079956e-02
3.820114135742187500e-01 -4.132411181926727295e-01
1.302054077386856079e-01 -4.415488988161087036e-02
1.063128858804702759e-01 -1.683857887983322144e-01
-7.920522987842559814e-02 9.371016174554824829e-02
1.593904383480548859e-02 -1.659430414438247681e-01
3.042286038398742676e-01 -2.820418477058410645e-01
7.379078865051269531e-02 1.229922696948051453e-01
-8.520493656396865845e-02 3.625093027949333191e-02
3.325100243091583252e-02 1.435044128447771072e-02
1.887483000755310059e-01 -1.871041953563690186e-01
5.878665298223495483e-02 -3.346338868141174316e-02
1.905553936958312988e-01 -1.874246448278427124e-01
2.095616757869720459e-01 -2.357210665941238403e-01
1.740216761827468872e-01 2.992158196866512299e-02
1.007979642599821091e-02 3.082386404275894165e-02
1.405498683452606201e-01 8.849281817674636841e-02
-1.810161769390106201e-01 6.956215016543865204e-03
3.700311481952667236e-02 2.429351359605789185e-01
-6.176941096782684326e-03 1.512220967561006546e-02
3.653430938720703125e-01 -4.691267013549804688e-01
5.882083624601364136e-02 -5.244177952408790588e-02
-3.584179580211639404e-01 2.152657508850097656e-01
3.744739666581153870e-02 4.557270929217338562e-02
1.846866309642791748e-01 -4.843342676758766174e-02
-1.541936099529266357e-01 1.383254975080490112e-01
7.984431087970733643e-02 -7.683487981557846069e-02
-2.058198899030685425e-01 2.678289078176021576e-02
1.524104736745357513e-02 -1.764632761478424072e-01
-1.228192355483770370e-03 6.838832795619964600e-02
-4.811415821313858032e-02 -9.991906583309173584e-02
-6.375128775835037231e-02 1.204754784703254700e-01
1.086614429950714111e-01 -1.315477788448333740e-01
-2.403848022222518921e-01 1.220446452498435974e-01
3.689904510974884033e-01 -2.479666173458099365e-01
1.860773563385009766e-02 5.327360704541206360e-02
-5.926596373319625854e-02 -6.749907881021499634e-02
-1.774374097585678101e-01 2.020928114652633667e-01
-9.116262942552566528e-02 2.083140611648559570e-01
2.378270477056503296e-01 -1.794726550579071045e-01
-4.058619439601898193e-01 5.734332799911499023e-01
2.763986289501190186e-01 -2.510046660900115967e-01
5.506038293242454529e-02 -2.066274434328079224e-01
5.852194875478744507e-02 2.246230095624923706e-02
3.965323790907859802e-02 8.955647237598896027e-03
1.595779657363891602e-01 2.469599992036819458e-02
-2.775577269494533539e-02 3.886642307043075562e-02
-4.053832963109016418e-02 -1.453670766204595566e-02
-4.083472117781639099e-02 2.049364894628524780e-01
2.255415171384811401e-01 -8.338914811611175537e-02
1.510088592767715454e-01 1.093926951289176941e-01
-1.519444137811660767e-01 1.984658539295196533e-01
9.027519822120666504e-02 4.434423148632049561e-02
1.056134551763534546e-01 -1.710434630513191223e-02
1.150728538632392883e-01 4.088240861892700195e-02
4.311226308345794678e-01 -3.278397023677825928e-01
2.170877903699874878e-01 -8.438643068075180054e-02
-1.309554427862167358e-01 3.922814875841140747e-02
-4.166667163372039795e-02 -6.732725352048873901e-02
5.040919035673141479e-02 1.349181681871414185e-01
-4.079634964000433683e-04 -1.545879989862442017e-01
-7.938909530639648438e-02 1.753717474639415741e-02
1.381692141294479370e-01 -1.485660076141357422e-01
-6.418623775243759155e-02 1.818847376853227615e-03
-4.765931516885757446e-02 1.589132696390151978e-01
2.278780341148376465e-01 -2.079972624778747559e-01
-1.218554303050041199e-01 7.870398461818695068e-02
