-6.034694984555244446e-02 1.067443639039993286e-01
-2.052603960037231445e-01 2.657871246337890625e-01
-5.936198830604553223e-01 5.328174233436584473e-01
2.755171656608581543e-01 -1.289851665496826172e-01
4.842705726623535156e-01 -4.220533370971679688e-01
2.172448039054870605e-01 -2.720668911933898926e-01
-1.175165772438049316e-01 -1.011705845594406128e-01
-1.939703337848186493e-02 -3.630883991718292236e-02
6.196140050888061523e-01 -5.291719436645507812e-01
6.567808389663696289e-01 -6.141980886459350586e-01
5.043369531631469727e-01 -4.792745113372802734e-01
2.820630371570587158e-01 -4.760977327823638916e-01
5.645037293434143066e-01 -4.845300912857055664e-01
-5.913072079420089722e-02 2.403293177485466003e-02
-5.197043418884277344e-01 4.877369403839111328e-01
-4.162434041500091553e-01 4.607636630535125732e-01
-5.929409861564636230e-01 4.877896308898925781e-01
-5.942169576883316040e-02 1.337892413139343262e-01
-3.316387236118316650e-01 4.636312425136566162e-01
1.594937741756439209e-01 -3.577423691749572754e-01
-3.661445677280426025e-01 4.153951406478881836e-01
1.527117490768432617e-01 -2.627666294574737549e-01
-3.296276628971099854e-01 4.334326982498168945e-01
-4.470457136631011963e-01 4.998333752155303955e-01
-1.011992841958999634e-01 2.187037020921707153e-01
-5.824962854385375977e-01 5.714192390441894531e-01
-4.168627411127090454e-02 -9.810566902160644531e-02
2.014613151550292969e-01 1.717179268598556519e-02
1.330642849206924438e-01 -1.681934595108032227e-01
5.317116975784301758e-01 -3.434977531433105469e-01
1.173668876290321350e-01 3.428971394896507263e-02
-2.399194687604904175e-01 2.971256077289581299e-01
1.964813768863677979e-01 -8.248297125101089478e-02
3.181701526045799255e-02 -6.243624538183212280e-02
1.169290989637374878e-01 -2.734201848506927490e-01
6.111817359924316406e-01 -5.585927963256835938e-01
5.144728422164916992e-01 -4.579484760761260986e-01
-4.702090024948120117e-01 4.932778477668762207e-01
6.532418727874755859e-01 -4.998164176940917969e-01
-3.550666570663452148e-02 -1.620511412620544434e-01
-4.511416852474212646e-01 3.193772137165069580e-01
-7.545767724514007568e-02 -1.252589840441942215e-02
1.744514554738998413e-01 -2.115266174077987671e-01
9.879152476787567139e-02 -6.130608543753623962e-02
5.643939971923828125e-02 -5.407453328371047974e-02
-4.887034744024276733e-02 -3.406197205185890198e-02
-5.733594298362731934e-01 5.055532455444335938e-01
-1.109220758080482483e-01 -6.103492900729179382e-02
1.183553040027618408e-01 2.200907468795776367e-01
-2.684716694056987762e-02 6.032837182283401489e-02
-1.177945360541343689e-01 2.196602076292037964e-01
1.858075410127639771e-01 6.217485666275024414e-02
5.647132396697998047e-01 -4.441376626491546631e-01
-1.882199048995971680e-01 2.271417975425720215e-01
-1.137654706835746765e-01 7.123684138059616089e-02
-4.270701706409454346e-01 3.636355400085449219e-01
1.041396036744117737e-01 -1.856773793697357178e-01
1.419744640588760376e-01 -1.490362137556076050e-01
3.721919655799865723e-01 -4.322093427181243896e-01
1.174156670458614826e-03 1.044019358232617378e-03
8.414174318313598633e-01 -8.781198859214782715e-01
1.984452642500400543e-02 -1.147164404392242432e-01
3.127184212207794189e-01 -1.972005963325500488e-01
2.207443416118621826e-01 -2.607763111591339111e-01
-7.488058209419250488e-01 6.930336356163024902e-01
-1.279614686965942383e+00 1.225207090377807617e+00
-9.914429783821105957e-01 6.967871785163879395e-01
-3.447623252868652344e-01 3.079542815685272217e-01
6.829785108566284180e-01 -6.602044105529785156e-01
8.023090660572052002e-02 -2.782910764217376709e-01
9.156987667083740234e-01 -1.047413468360900879e+00
-2.526323497295379639e-01 4.072980284690856934e-01
6.700634956359863281e-01 -6.948115825653076172e-01
3.707912266254425049e-01 -2.440260648727416992e-01
-5.059807896614074707e-01 4.934867918491363525e-01
-1.424338817596435547e-01 5.392562970519065857e-02
1.775658726692199707e-01 -4.121158123016357422e-01
-6.859370470046997070e-01 6.045961976051330566e-01
-8.661269545555114746e-01 8.866147398948669434e-01
9.122774936258792877e-03 1.790647208690643311e-01
-3.013451397418975830e-01 3.615573644638061523e-01
2.847763895988464355e-01 -3.766326308250427246e-01
-5.014021992683410645e-01 6.665986180305480957e-01
4.291425645351409912e-02 -1.308285742998123169e-01
-2.280149608850479126e-01 2.270807027816772461e-01
7.559885382652282715e-01 -6.069231033325195312e-01
-1.017732262611389160e+00 9.259000420570373535e-01
1.307144463062286377e-01 -1.611316204071044922e-01
-7.978973537683486938e-02 -7.142710499465465546e-03
-1.184488162398338318e-01 1.278168857097625732e-01
-5.961813330650329590e-01 7.145403623580932617e-01
9.619973301887512207e-01 -9.756953716278076172e-01
4.646145999431610107e-01 -4.042571485042572021e-01
-1.077211648225784302e-01 6.665053963661193848e-02
9.596365690231323242e-01 -9.967918395996093750e-01
-2.312671542167663574e-01 2.553343474864959717e-01
-2.986850142478942871e-01 2.862596511840820312e-01
-6.343606114387512207e-01 6.421772241592407227e-01
9.994468092918395996e-01 -1.217295527458190918e+00
7.580630779266357422e-01 -7.631334066390991211e-01
-8.998872712254524231e-03 1.416927427053451538e-01
-1.723627895116806030e-01 3.246985077857971191e-01
5.243580341339111328e-01 -5.653508305549621582e-01
-7.719604969024658203e-01 6.912100911140441895e-01
6.495010107755661011e-02 -2.895270660519599915e-02
-3.718334138393402100e-01 4.648383855819702148e-01
-1.226476300507783890e-02 1.557034403085708618e-01
1.721296608448028564e-01 -1.336593925952911377e-01
-8.903262019157409668e-02 2.936613559722900391e-01
6.876653432846069336e-01 -5.950854420661926270e-01
-5.772256851196289062e-01 6.434971690177917480e-01
-3.891985714435577393e-01 2.369235306978225708e-01
-1.439491361379623413e-01 5.099196359515190125e-02
4.705738425254821777e-01 -2.244618982076644897e-01
-6.569678783416748047e-01 5.769180059432983398e-01
6.010023355484008789e-01 -4.744778871536254883e-01
1.192780137062072754e+00 -1.318190455436706543e+00
-5.964195132255554199e-01 7.513841986656188965e-01
1.825275570154190063e-01 -1.805836856365203857e-01
-1.440639495849609375e+00 1.292862296104431152e+00
8.494029045104980469e-01 -8.445811867713928223e-01
6.382653117179870605e-01 -4.404305219650268555e-01
9.465749859809875488e-01 -1.069947004318237305e+00
-3.999191522598266602e-01 1.910757571458816528e-01
2.979324460029602051e-01 -2.125826030969619751e-01
-4.545903950929641724e-02 -1.477551274001598358e-02
3.963347375392913818e-01 -3.957815170288085938e-01
3.299490809440612793e-01 -1.527242213487625122e-01
-1.222186386585235596e-01 1.731508523225784302e-01
-3.759614229202270508e-01 2.372969239950180054e-01
8.251353353261947632e-02 -6.565681099891662598e-02
8.783125877380371094e-02 -1.576215922832489014e-01
-3.311997950077056885e-01 4.065037667751312256e-01
-2.850613296031951904e-01 3.156627714633941650e-02
-6.738049983978271484e-01 8.603182435035705566e-01
9.943347424268722534e-02 -3.202516436576843262e-01
-2.930832207202911377e-01 2.743536233901977539e-01
3.853501379489898682e-01 -4.219402670860290527e-01
-1.310272067785263062e-01 3.041579127311706543e-01
6.413336396217346191e-01 -7.706252336502075195e-01
-4.628193080425262451e-01 3.495619595050811768e-01
-4.096254240721464157e-03 4.008175432682037354e-02
1.155817359685897827e-01 -1.594266891479492188e-01
-2.387205362319946289e-01 1.096506789326667786e-01
3.819217681884765625e-01 -4.899763166904449463e-01
-1.709429081529378891e-03 -2.390132695436477661e-01
1.859316676855087280e-01 -3.461160510778427124e-02
5.475293099880218506e-02 9.918079525232315063e-02
-2.285787612199783325e-01 3.236699700355529785e-01
-1.287440489977598190e-02 2.439283877611160278e-01
-6.855183839797973633e-01 6.672850847244262695e-01
-5.806417465209960938e-01 5.208187103271484375e-01
-2.909688055515289307e-01 1.824056059122085571e-01
-2.531706690788269043e-01 1.152830347418785095e-01
2.452712059020996094e-01 -1.026332974433898926e-01
2.663139998912811279e-01 -1.282773762941360474e-01
1.076403930783271790e-01 -1.386792957782745361e-01
-2.920427024364471436e-01 3.632842898368835449e-01
-2.066393792629241943e-01 1.902990788221359253e-01
-2.019666135311126709e-01 1.120599880814552307e-01
-4.550636410713195801e-01 3.309956192970275879e-01
7.665345668792724609e-01 -8.117508292198181152e-01
-1.611835509538650513e-01 4.358312580734491348e-03
6.423099339008331299e-02 7.242546230554580688e-02
3.775730729103088379e-01 -3.354112803936004639e-01
3.658615350723266602e-01 -3.772976398468017578e-01
3.664502203464508057e-01 -2.761771976947784424e-01
6.109865009784698486e-02 1.563787087798118591e-02
-3.010239601135253906e-01 2.593035995960235596e-01
-5.835235714912414551e-01 3.260891437530517578e-01
5.161629319190979004e-01 -7.147468328475952148e-01
-4.969045221805572510e-01 4.831382930278778076e-01
-5.811624974012374878e-02 1.099525243043899536e-01
6.136129498481750488e-01 -5.558999180793762207e-01
-1.927216351032257080e-01 2.144012749195098877e-01
2.323025465011596680e-01 -9.839695692062377930e-02
-2.299700975418090820e-01 2.140406072139739990e-01
-4.325295090675354004e-01 5.048832297325134277e-01
-4.124771356582641602e-01 4.378924965858459473e-01
9.287739545106887817e-02 -1.253238767385482788e-01
-4.276769161224365234e-01 2.386368364095687866e-01
6.021211743354797363e-01 -4.340714812278747559e-01
3.123278021812438965e-01 -4.506132602691650391e-01
4.832002222537994385e-01 -5.187441706657409668e-01
-4.622121155261993408e-02 -1.180224642157554626e-01
5.986784696578979492e-01 -4.066645503044128418e-01
2.106496840715408325e-01 -1.879789680242538452e-01
-3.668692708015441895e-01 8.645895123481750488e-02
7.663917727768421173e-03 1.251101493835449219e-01
-2.972869873046875000e-01 1.946577131748199463e-01
-4.407800734043121338e-03 -2.265532501041889191e-02
3.593560755252838135e-01 -7.922627031803131104e-02
2.347245961427688599e-01 -9.623172134160995483e-02
4.015866667032241821e-02 1.354379653930664062e-01
2.463786303997039795e-01 -1.886124312877655029e-01
7.227591872215270996e-01 -7.269980311393737793e-01
6.420291960239410400e-02 -1.863276362419128418e-01
-1.507765054702758789e-01 2.840158045291900635e-01
-1.044142171740531921e-01 1.838875114917755127e-01
2.742456197738647461e-01 -2.750806808471679688e-01
-2.576429545879364014e-01 4.172697365283966064e-01
3.074794076383113861e-02 -1.870080530643463135e-01
-3.855306208133697510e-01 2.424032539129257202e-01
4.768402576446533203e-01 -3.384762108325958252e-01
-1.050997525453567505e-01 -6.925501860678195953e-03
2.790091931819915771e-01 -3.596170246601104736e-01
1.237074211239814758e-01 1.762475445866584778e-02
-8.591392077505588531e-03 4.255461692810058594e-02
3.544235974550247192e-02 -2.652555331587791443e-02
2.905462980270385742e-01 -2.324095666408538818e-01
2.972162067890167236e-01 -1.308083236217498779e-01
-1.962778270244598389e-01 1.310869008302688599e-01
-3.172412514686584473e-01 2.972837090492248535e-01
-7.671032547950744629e-01 6.355347037315368652e-01
-6.465007066726684570e-01 4.985679686069488525e-01
-3.345939517021179199e-01 5.011792778968811035e-01
-4.397372305393218994e-01 3.827240169048309326e-01
1.352390646934509277e-01 -7.474018633365631104e-02
2.429986447095870972e-01 -2.713801860809326172e-01
-2.949958741664886475e-01 2.546146214008331299e-01
-1.325633823871612549e-01 4.310464486479759216e-02
2.314079254865646362e-01 -3.001073300838470459e-01
-4.030099809169769287e-01 2.989102005958557129e-01
-2.975173294544219971e-01 4.176687896251678467e-01
3.099347352981567383e-01 -2.082543969154357910e-01
1.130639761686325073e-01 -1.528227468952536583e-03
5.000477656722068787e-02 -3.888144493103027344e-01
1.078213453292846680e-01 -2.328995168209075928e-01
-3.064023256301879883e-01 9.106238931417465210e-02
-3.068184256553649902e-01 3.083958923816680908e-01
5.978305339813232422e-01 -5.720336437225341797e-01
-6.023098230361938477e-01 5.847947597503662109e-01
-2.010509371757507324e-01 1.679955571889877319e-01
-3.189791226759552956e-03 -1.528500169515609741e-01
-7.305774092674255371e-02 6.918366998434066772e-02
-4.440485537052154541e-01 3.292027711868286133e-01
-1.412101536989212036e-01 2.378175593912601471e-02
4.789075851440429688e-01 -3.361963927745819092e-01
-2.985607981681823730e-01 2.304967492818832397e-01
-5.314496811479330063e-04 1.009315252304077148e-01
-1.223048418760299683e-01 1.953275799751281738e-01
-3.415517210960388184e-01 1.887828558683395386e-01
1.349920183420181274e-01 -1.410286128520965576e-01
-4.642346128821372986e-02 1.196741163730621338e-01
-2.544936239719390869e-01 3.353139460086822510e-01
8.550230413675308228e-02 -2.459656596183776855e-01
1.649952679872512817e-01 -3.729281127452850342e-01
-2.793240845203399658e-01 2.124654054641723633e-01
-2.008716464042663574e-01 1.220160573720932007e-01
4.569177627563476562e-01 -3.281480073928833008e-01
2.065141797065734863e-01 -2.367085963487625122e-01
-3.269422948360443115e-01 4.374661147594451904e-01
1.155684813857078552e-01 -6.848154962062835693e-02
-7.300435900688171387e-01 7.717934250831604004e-01
3.824752569198608398e-02 1.148123443126678467e-01
-3.254673779010772705e-01 2.632441818714141846e-01
