-1.811056584119796753e-01 9.109834581613540649e-02
2.770405262708663940e-02 -1.038858741521835327e-01
-1.689963340759277344e-01 -1.063052285462617874e-02
7.222635298967361450e-02 -1.212567905895411968e-03
-4.902095720171928406e-02 -1.607801020145416260e-01
-1.402686685323715210e-01 1.926023364067077637e-01
1.254871189594268799e-01 2.158579789102077484e-02
1.238159090280532837e-01 -1.496912240982055664e-01
4.892314597964286804e-02 7.968509197235107422e-02
-6.306841969490051270e-02 4.169910401105880737e-02
3.654385358095169067e-02 -2.769047915935516357e-01
8.540620654821395874e-02 1.055329758673906326e-02
-7.350580394268035889e-02 -6.118546053767204285e-02
2.597665786743164062e-01 -2.028775364160537720e-01
-2.839928865432739258e-02 6.289301812648773193e-02
-1.045012548565864563e-01 2.914865734055638313e-03
6.123323366045951843e-02 -1.669739037752151489e-01
-6.116352975368499756e-02 9.555655717849731445e-02
-1.332698613405227661e-01 -1.187917590141296387e-02
8.149824105203151703e-03 1.416014581918716431e-01
9.599935263395309448e-02 -1.103740632534027100e-01
-7.721293717622756958e-02 5.220300331711769104e-02
-1.209751367568969727e-01 7.941609621047973633e-02
3.415187075734138489e-02 -8.389836549758911133e-02
-2.333020716905593872e-01 1.420103907585144043e-01
1.048041358590126038e-01 -5.051121488213539124e-02
3.282574191689491272e-02 -1.443563699722290039e-01
-5.822383798658847809e-03 -1.279273927211761475e-01
2.802011370658874512e-01 -2.213560491800308228e-01
-1.097970902919769287e-01 7.766361534595489502e-02
-6.023422256112098694e-02 9.122908860445022583e-02
-4.675829038023948669e-02 -7.240734994411468506e-03
-3.889329358935356140e-02 2.428761683404445648e-02
1.519776135683059692e-01 -4.409249871969223022e-03
4.143845289945602417e-02 -1.720550120808184147e-03
1.161057651042938232e-01 -2.941258624196052551e-02
4.319727793335914612e-02 1.055614054203033447e-01
6.186043843626976013e-02 -1.463100761175155640e-01
-1.178194805979728699e-01 2.152827829122543335e-01
-5.867197364568710327e-02 2.651918530464172363e-01
3.510638698935508728e-02 -2.446824684739112854e-02
7.799496501684188843e-02 1.597357541322708130e-02
6.324471533298492432e-02 -7.430808991193771362e-02
-1.717933802865445614e-03 -1.418693363666534424e-01
-6.383421272039413452e-02 1.194850206375122070e-01
1.111963689327239990e-01 -1.039524525403976440e-01
1.546302158385515213e-02 -2.435385733842849731e-01
5.673529580235481262e-02 -2.729065902531147003e-02
-3.942497819662094116e-02 1.179555058479309082e-01
1.246473044157028198e-01 1.247548498213291168e-02
-1.973793506622314453e-01 3.500938788056373596e-02
-5.074071697890758514e-03 2.127058058977127075e-01
2.092768549919128418e-01 -2.242272198200225830e-01
2.190970778465270996e-01 -2.197329998016357422e-01
1.235787943005561829e-01 5.322820320725440979e-02
-1.523790359497070312e-01 -1.035529561340808868e-02
-1.801886409521102905e-01 8.980759978294372559e-02
9.164645336568355560e-03 -1.248127073049545288e-01
6.416585296392440796e-02 -1.095682457089424133e-01
1.659197211265563965e-01 -2.324640005826950073e-01
-5.884461477398872375e-02 3.258876502513885498e-02
1.329500377178192139e-01 4.913711175322532654e-02
-3.463316336274147034e-02 2.399113774299621582e-01
5.181570723652839661e-02 -1.369083970785140991e-01
-3.129338473081588745e-02 -4.302548989653587341e-02
2.341626957058906555e-02 -6.213585287332534790e-02
6.141358613967895508e-02 2.703412063419818878e-02
5.870587751269340515e-02 -1.127685755491256714e-01
5.442789196968078613e-02 -3.694149106740951538e-02
2.186192721128463745e-01 -2.225754223763942719e-02
7.075048983097076416e-02 -4.475965350866317749e-02
1.131254285573959351e-01 -6.838164478540420532e-02
-2.630548775196075439e-01 -4.364448785781860352e-02
-2.089210003614425659e-01 1.902935206890106201e-01
4.852613061666488647e-02 -1.870193332433700562e-01
-3.742491826415061951e-02 2.193477936089038849e-02
3.052489161491394043e-01 -3.342204540967941284e-02
5.545786395668983459e-02 -4.491307213902473450e-02
-1.104110404849052429e-01 1.334974169731140137e-02
-1.178462952375411987e-01 -5.782756209373474121e-02
-7.856317609548568726e-02 2.024495005607604980e-01
-1.061457693576812744e-01 -5.853239819407463074e-02
1.574975848197937012e-01 -1.607387512922286987e-01
2.063642591238021851e-01 1.332877278327941895e-01
1.074829772114753723e-01 6.036120001226663589e-03
-1.443964391946792603e-01 2.401694059371948242e-01
-1.493197977542877197e-01 1.558619141578674316e-01
9.928553551435470581e-02 -6.500793248414993286e-02
3.760172426700592041e-02 8.431579917669296265e-02
-7.895608991384506226e-02 -9.677554666996002197e-02
-1.504941135644912720e-01 5.754299089312553406e-02
1.268463116139173508e-02 1.019901037216186523e-01
2.689723670482635498e-01 -9.692844003438949585e-02
2.043894305825233459e-02 -1.674005389213562012e-01
1.149738952517509460e-01 -1.987102180719375610e-01
7.245457172393798828e-02 2.503147162497043610e-02
-3.866286948323249817e-02 -1.225953400135040283e-01
1.244216188788414001e-01 -4.639588296413421631e-04
6.876619160175323486e-02 5.867623910307884216e-02
5.099589750170707703e-02 -2.436603903770446777e-01
2.805440453812479973e-03 3.936997428536415100e-02
-3.230003640055656433e-02 -8.609066903591156006e-02
-7.251210510730743408e-02 -1.809279173612594604e-01
8.895631134510040283e-02 1.554912179708480835e-01
9.342473000288009644e-02 -1.078506857156753540e-01
-1.719281077384948730e-02 -1.105391159653663635e-01
4.087755084037780762e-02 1.147879138588905334e-01
-2.087190449237823486e-01 5.272643640637397766e-02
8.421877026557922363e-02 -9.386381506919860840e-02
1.808305084705352783e-01 -2.523102164268493652e-01
1.030662953853607178e-01 -1.007719486951828003e-01
2.766551263630390167e-02 -9.844519942998886108e-02
-1.684924811124801636e-01 4.479180276393890381e-02
-1.723036617040634155e-01 -2.967363782227039337e-02
1.085180267691612244e-01 5.565971881151199341e-02
-1.787105202674865723e-01 6.074167042970657349e-02
-3.723363205790519714e-02 -5.305047705769538879e-02
3.978782892227172852e-02 -2.015581354498863220e-02
1.082125753164291382e-01 1.859598606824874878e-02
-2.841681241989135742e-02 -1.377610117197036743e-01
-6.295062601566314697e-02 2.811154350638389587e-02
1.232033297419548035e-01 -2.693661153316497803e-01
2.137125283479690552e-01 -2.297664731740951538e-01
1.467423588037490845e-01 -2.351053245365619659e-02
2.184801734983921051e-03 -2.301263958215713501e-01
1.550195813179016113e-01 -1.026966199278831482e-01
2.332092523574829102e-01 -9.497050195932388306e-02
-1.188488677144050598e-01 -3.119347989559173584e-02
2.227790057659149170e-01 -6.687731295824050903e-02
3.026136010885238647e-02 1.240074560046195984e-01
-8.371172845363616943e-02 2.257073670625686646e-01
1.183512285351753235e-01 -1.237237602472305298e-01
-7.457473874092102051e-02 1.465988755226135254e-01
-2.162629812955856323e-01 4.982684552669525146e-02
-2.525869943201541901e-02 7.713066786527633667e-02
-3.017199933528900146e-01 2.003082334995269775e-01
1.335792839527130127e-01 -2.394659519195556641e-01
2.319043502211570740e-02 -1.703907251358032227e-01
-1.607087701559066772e-01 1.906409710645675659e-01
-1.419137716293334961e-01 1.847756057977676392e-01
-1.080331951379776001e-01 -7.309923321008682251e-02
-3.021903038024902344e-01 2.152947187423706055e-01
-1.414284855127334595e-02 -9.230630472302436829e-03
-1.167659834027290344e-01 2.273712307214736938e-01
-1.690199077129364014e-01 2.891418151557445526e-02
-4.088164865970611572e-02 -1.844707317650318146e-02
-1.622743457555770874e-01 6.257505714893341064e-02
5.305489525198936462e-02 -2.323624119162559509e-02
-2.746229767799377441e-01 2.722348272800445557e-01
-7.851453870534896851e-02 1.473566889762878418e-01
-9.025666117668151855e-02 6.293203681707382202e-02
-2.536035887897014618e-02 1.639513671398162842e-01
4.275953397154808044e-02 3.526704385876655579e-02
1.454674452543258667e-01 -3.232471346855163574e-01
6.690201908349990845e-02 -7.828426361083984375e-02
-4.858363419771194458e-02 1.860538423061370850e-01
-9.096374362707138062e-02 1.535581052303314209e-02
2.391314208507537842e-01 -3.473446890711784363e-02
1.143075078725814819e-01 2.984721213579177856e-02
2.543219029903411865e-01 -2.881068587303161621e-01
7.838944345712661743e-02 -2.694697305560112000e-02
-1.937177218496799469e-02 -1.863476932048797607e-01
-8.376620709896087646e-02 2.131879515945911407e-02
-1.130475550889968872e-01 -7.422222197055816650e-02
1.026432290673255920e-01 7.999243587255477905e-02
2.364494055509567261e-01 -6.203095987439155579e-02
-3.440486267209053040e-02 -1.065433993935585022e-01
-1.165101602673530579e-01 3.361868262290954590e-01
1.084522996097803116e-02 -4.683052748441696167e-02
-1.507420092821121216e-01 7.142450660467147827e-02
7.546161860227584839e-02 4.786981269717216492e-02
9.378424845635890961e-03 -6.196094676852226257e-02
6.248042732477188110e-02 1.355621218681335449e-01
-9.142873808741569519e-03 1.770660877227783203e-01
1.846248060464859009e-01 -5.323952808976173401e-02
-1.251828819513320923e-01 4.604450892657041550e-03
-8.993599563837051392e-03 9.381736069917678833e-02
3.246010467410087585e-02 -1.812864542007446289e-01
2.375169694423675537e-01 -2.173731029033660889e-01
-1.340387314558029175e-01 3.330166637897491455e-01
1.581610590219497681e-01 -2.138443589210510254e-01
1.164862737059593201e-01 -1.175816431641578674e-01
1.711307764053344727e-01 -3.549059033393859863e-01
-2.653372474014759064e-02 -8.026408404111862183e-02
-3.853642195463180542e-02 -1.080680266022682190e-02
6.219885125756263733e-02 -3.855014964938163757e-02
1.840418577194213867e-01 3.106001392006874084e-02
4.257829859852790833e-02 -2.572668790817260742e-01
1.001127734780311584e-01 4.274120181798934937e-02
1.116973087191581726e-01 -1.135346367955207825e-01
1.651541143655776978e-01 -2.741115391254425049e-01
-7.036833465099334717e-02 1.505019813776016235e-01
-2.561147511005401611e-01 1.338598728179931641e-01
-3.541371524333953857e-01 1.118558943271636963e-01
-7.972582429647445679e-02 -1.469598561525344849e-01
1.937692053616046906e-02 -8.906803280115127563e-02
9.194892644882202148e-02 -1.062695160508155823e-01
-1.348708719015121460e-01 2.766470909118652344e-01
2.645945549011230469e-01 -3.912886679172515869e-01
-1.081805862486362457e-02 5.788874812424182892e-03
1.818939298391342163e-01 -8.449245989322662354e-02
1.853811442852020264e-01 -1.115989983081817627e-01
-1.707018911838531494e-02 -4.215432330965995789e-02
3.782987594604492188e-02 1.367813646793365479e-01
2.369496971368789673e-01 3.284686803817749023e-02
-3.592412173748016357e-02 2.406749129295349121e-02
6.218916922807693481e-02 -1.994288153946399689e-02
-3.291117399930953979e-02 -1.148097813129425049e-01
5.485513433814048767e-02 -2.447763644158840179e-02
1.166395619511604309e-01 -4.303105175495147705e-02
4.266189411282539368e-02 -4.889989644289016724e-02
-4.766613617539405823e-02 6.998647004365921021e-02
-9.508234797976911068e-04 -4.285985231399536133e-02
-3.090597689151763916e-01 1.789206713438034058e-01
-7.458736747503280640e-02 2.687225639820098877e-01
1.798376888036727905e-01 -2.784564197063446045e-01
4.387274384498596191e-02 -1.077870950102806091e-01
1.563682258129119873e-01 -1.259036660194396973e-01
-1.997193135321140289e-02 1.820173561573028564e-01
-1.812759228050708771e-02 2.386541068553924561e-01
8.293379843235015869e-02 -5.539769306778907776e-02
2.127269469201564789e-02 -3.829323500394821167e-02
5.673114210367202759e-02 -1.372474581003189087e-01
-5.215315893292427063e-02 -8.425672538578510284e-03
2.768170461058616638e-02 -5.357671901583671570e-02
3.131273090839385986e-01 -2.038200348615646362e-01
-4.873664304614067078e-02 -9.123140573501586914e-02
-2.019782364368438721e-01 -2.004592865705490112e-02
4.261609539389610291e-02 1.290275007486343384e-01
-5.155308172106742859e-02 -2.316266894340515137e-01
-5.435782670974731445e-02 9.655389189720153809e-02
-8.977834880352020264e-02 3.332159295678138733e-02
-5.166530981659889221e-02 -1.481656581163406372e-01
1.853286772966384888e-01 -1.913011968135833740e-01
-1.864730194211006165e-02 -5.351402610540390015e-02
1.268946528434753418e-01 -3.285779058933258057e-02
-1.021442636847496033e-01 -6.939703226089477539e-02
2.811653614044189453e-01 -1.381449997425079346e-01
3.309320211410522461e-01 -8.187624812126159668e-02
-6.370964646339416504e-02 -2.289021611213684082e-01
3.366521745920181274e-02 -1.030628979206085205e-01
7.846128195524215698e-02 -2.758249640464782715e-01
-2.074626535177230835e-01 1.186975315213203430e-01
6.694597005844116211e-02 -2.995473444461822510e-01
1.693487167358398438e-01 -9.958937019109725952e-02
2.022723406553268433e-01 -1.126236319541931152e-01
-1.710587739944458008e-02 -1.917007714509963989e-01
1.270653903484344482e-01 -7.219570223242044449e-03
7.150004059076309204e-02 -9.119050204753875732e-02
2.051414251327514648e-01 -1.709428131580352783e-01
3.091392852365970612e-02 2.007068991661071777e-01
1.703909784555435181e-01 -1.707280278205871582e-01
-1.307340711355209351e-01 -1.033811196684837341e-01
1.332165598869323730e-01 -3.558739274740219116e-02
8.858744055032730103e-02 -4.123693704605102539e-02
1.106926649808883667e-01 -2.642818493768572807e-03
