-1.695779114961624146e-01 -9.913986548781394958e-03
-4.560363013297319412e-03 -1.802106946706771851e-02
5.122457444667816162e-02 -8.119239658117294312e-02
6.687406450510025024e-02 2.720581553876399994e-02
-5.647172406315803528e-02 8.943869918584823608e-02
-1.196278408169746399e-01 1.164100170135498047e-01
-9.385263174772262573e-02 8.832936175167560577e-03
-3.903220966458320618e-02 4.070138931274414062e-02
7.886448502540588379e-02 2.480029612779617310e-01
3.498211130499839783e-02 -2.252159267663955688e-01
-3.456042846664786339e-03 -1.006192043423652649e-01
1.474381983280181885e-01 -5.354229733347892761e-02
-7.159154117107391357e-02 1.896016150712966919e-01
-1.521545201539993286e-01 4.428874701261520386e-02
-1.951696872711181641e-01 1.606744676828384399e-01
-3.033040463924407959e-02 4.233831912279129028e-02
1.054347306489944458e-02 5.188970267772674561e-02
-1.272295117378234863e-01 1.845514178276062012e-01
5.074010044336318970e-02 -1.487086862325668335e-01
-2.046492844820022583e-01 2.046193741261959076e-02
-1.539101153612136841e-01 1.169701218605041504e-01
7.048199325799942017e-02 7.461088150739669800e-02
6.700856983661651611e-02 -3.465650603175163269e-02
1.776254177093505859e-01 -7.344572246074676514e-02
-6.883386522531509399e-03 -6.740007549524307251e-02
4.799767211079597473e-02 1.091033369302749634e-01
-2.449115552008152008e-02 -2.795237116515636444e-02
-1.436302438378334045e-02 -1.651028841733932495e-01
1.036968454718589783e-02 -9.065822511911392212e-02
-3.142226114869117737e-02 1.624651849269866943e-01
7.572060823440551758e-02 5.053504183888435364e-02
1.207059025764465332e-01 -1.371546536684036255e-01
1.048460900783538818e-01 -3.324797749519348145e-02
-2.294559180736541748e-01 1.806851774454116821e-01
1.115234270691871643e-01 8.908262848854064941e-02
-8.536603301763534546e-02 -1.421509962528944016e-02
-3.163690119981765747e-02 3.223227337002754211e-02
7.059939205646514893e-02 -7.232844829559326172e-02
-6.964181363582611084e-02 8.498071879148483276e-02
-2.064856290817260742e-01 1.649420559406280518e-01
7.995661348104476929e-02 -9.941201657056808472e-02
1.940261721611022949e-01 -2.235820442438125610e-01
-6.324931234121322632e-02 1.307488232851028442e-01
-1.772731244564056396e-01 3.163175582885742188e-01
1.584271192550659180e-01 -1.735407561063766479e-01
-5.062028765678405762e-02 -1.080780029296875000e-01
1.696726381778717041e-01 -2.843299880623817444e-02
1.954375356435775757e-01 -8.719441294670104980e-02
-8.537013828754425049e-02 5.179747566580772400e-02
7.475538551807403564e-02 -1.540157049894332886e-01
-1.786336302757263184e-01 -4.143171757459640503e-02
1.245744302868843079e-01 -1.423672735691070557e-01
1.089036539196968079e-01 1.050152331590652466e-01
7.080277800559997559e-02 -2.867654263973236084e-01
-3.610456734895706177e-02 -5.940192565321922302e-02
3.288688138127326965e-02 -5.924696475267410278e-02
2.018315047025680542e-01 -8.484853059053421021e-02
5.397125706076622009e-02 -2.044724114239215851e-02
1.355232000350952148e-01 1.349106281995773315e-01
8.581200242042541504e-02 -7.004643231630325317e-02
1.634623855352401733e-01 -1.185797974467277527e-01
1.167906671762466431e-01 -2.835633456707000732e-01
1.279776990413665771e-01 -6.676340103149414062e-02
2.723884209990501404e-02 -5.508488044142723083e-02
-1.488630771636962891e-01 1.937483698129653931e-01
-6.557249277830123901e-02 3.102589547634124756e-01
-5.180891603231430054e-02 1.449848562479019165e-01
-5.427002906799316406e-02 7.708235085010528564e-02
5.777840688824653625e-02 2.975990064442157745e-02
-6.369169056415557861e-02 1.845429092645645142e-01
-3.330931812524795532e-02 9.365415573120117188e-02
-3.252851217985153198e-02 1.184020414948463440e-01
-1.239832639694213867e-01 1.345684677362442017e-01
7.476402912288904190e-03 2.827257849276065826e-02
-9.430728107690811157e-02 1.167139783501625061e-01
4.716167226433753967e-02 1.273943781852722168e-01
-3.186028823256492615e-02 8.198374509811401367e-02
9.978796541690826416e-02 3.821662068367004395e-02
4.336453974246978760e-02 1.645688563585281372e-01
-4.662382975220680237e-02 9.580281376838684082e-02
-3.037727475166320801e-01 3.019190020859241486e-02
-1.685825586318969727e-01 9.989268332719802856e-02
1.692977845668792725e-01 -1.060869768261909485e-01
-1.086988225579261780e-01 4.452808760106563568e-03
-1.949283331632614136e-01 -1.863237284123897552e-02
1.168537363409996033e-01 4.787923023104667664e-02
-2.373254150152206421e-01 2.250144630670547485e-01
-2.375875972211360931e-02 -6.820474565029144287e-02
-7.876416295766830444e-02 1.791955903172492981e-02
-2.645976841449737549e-01 -5.878984555602073669e-02
1.190727055072784424e-01 -1.111208200454711914e-01
1.587911397218704224e-01 -1.882437020540237427e-01
-5.309143289923667908e-02 3.272211551666259766e-02
1.023886129260063171e-01 -1.176906079053878784e-01
1.709367185831069946e-01 -7.189579308032989502e-02
6.955127418041229248e-02 -2.734879553318023682e-01
-2.073546126484870911e-02 -1.319294273853302002e-01
2.640366181731224060e-02 6.071178242564201355e-02
1.070944145321846008e-01 -1.730016916990280151e-01
1.474882364273071289e-01 -3.782654926180839539e-02
-1.189115792512893677e-01 2.776651382446289062e-01
2.674542069435119629e-01 -4.534270986914634705e-02
7.011372596025466919e-02 -8.379752188920974731e-02
-2.801578938961029053e-01 1.565347313880920410e-01
7.821551710367202759e-02 -2.794372849166393280e-02
9.136597812175750732e-02 -2.228598147630691528e-01
2.910757362842559814e-01 -1.912518441677093506e-01
1.077850237488746643e-01 -3.361994028091430664e-02
8.044570684432983398e-03 -5.991606414318084717e-02
-2.001506686210632324e-01 1.054946854710578918e-01
3.498554527759552002e-01 -6.648802012205123901e-02
3.337192535400390625e-01 -3.031781911849975586e-01
2.620880305767059326e-01 -6.673195958137512207e-02
-1.307064741849899292e-01 4.888302832841873169e-02
7.457571476697921753e-02 8.061191439628601074e-02
1.974373012781143188e-01 -2.842314913868904114e-02
3.419066965579986572e-01 -2.483431249856948853e-01
1.928899288177490234e-01 -7.677387446165084839e-02
1.723435372114181519e-01 -1.960027962923049927e-01
-1.143505126237869263e-01 1.232656538486480713e-01
7.973054051399230957e-02 3.491234034299850464e-03
-1.918192207813262939e-01 2.412875473964959383e-04
2.942180074751377106e-02 1.034400239586830139e-01
-8.426435291767120361e-02 2.142774015665054321e-01
1.176845952868461609e-01 -1.873439848423004150e-01
4.438438266515731812e-02 -1.428829282522201538e-01
-1.630945503711700439e-01 1.478231847286224365e-01
4.664846509695053101e-02 -2.213245257735252380e-02
-1.438016444444656372e-01 -5.772832036018371582e-02
2.453273385763168335e-01 -7.937761396169662476e-02
-1.878827996551990509e-02 1.254628133028745651e-02
5.721536278724670410e-02 -2.297000586986541748e-01
-2.748933853581547737e-03 -1.502959989011287689e-02
4.764170944690704346e-02 1.347152888774871826e-01
-9.247991442680358887e-02 2.403869330883026123e-01
1.389521807432174683e-01 -3.024899661540985107e-01
2.440188229084014893e-01 -3.450680375099182129e-01
-2.170260548591613770e-01 2.212873250246047974e-01
2.876386046409606934e-01 -1.689055413007736206e-01
-1.684873700141906738e-01 2.390821129083633423e-01
-3.406900167465209961e-02 -2.455555647611618042e-02
1.350536495447158813e-01 -3.014698624610900879e-01
-1.000613719224929810e-01 8.302506804466247559e-02
8.617798238992691040e-02 -2.018165886402130127e-01
-1.710423380136489868e-01 9.651590138673782349e-02
1.579095236957073212e-02 5.029186606407165527e-02
2.174104303121566772e-01 -1.082026213407516479e-01
-2.803694605827331543e-01 1.481602527201175690e-02
1.312839388847351074e-01 -6.629226356744766235e-02
-1.652663052082061768e-01 2.580238282680511475e-01
1.310795247554779053e-01 -1.883143037557601929e-01
1.250925064086914062e-01 -1.866806447505950928e-01
1.235901787877082825e-01 -1.332824826240539551e-01
-9.628170728683471680e-02 2.500844299793243408e-01
-1.572523415088653564e-01 9.675641357898712158e-02
1.410161852836608887e-01 -1.064592897891998291e-01
3.081271052360534668e-01 -2.751356661319732666e-01
1.319627761840820312e-01 -1.056391447782516479e-01
4.978753713658079505e-05 9.992765635251998901e-02
1.949303224682807922e-02 -2.929068803787231445e-01
1.550901234149932861e-01 -2.343172580003738403e-01
2.956200838088989258e-01 -1.042458936572074890e-01
2.144555747509002686e-01 -6.963728368282318115e-02
5.617097951471805573e-03 -4.908322915434837341e-02
1.829476207494735718e-01 -2.165124267339706421e-01
-3.506534695625305176e-01 1.858705431222915649e-01
-1.400280296802520752e-01 9.537218511104583740e-02
-8.663638681173324585e-02 -4.448231775313615799e-03
-2.663318216800689697e-01 4.330191388726234436e-02
2.431757748126983643e-01 -1.081880405545234680e-01
-2.745909988880157471e-01 1.007005125284194946e-01
1.611657068133354187e-02 9.735763072967529297e-02
4.754371568560600281e-02 -1.289297044277191162e-01
1.604603230953216553e-01 -2.603300213813781738e-01
1.042132154107093811e-01 -6.152040883898735046e-02
-1.634325981140136719e-01 1.016354113817214966e-01
1.092001795768737793e-01 -2.115682661533355713e-01
-3.527807816863059998e-02 4.776696488261222839e-02
4.095194861292839050e-02 6.133732944726943970e-02
-1.489759236574172974e-01 2.500009834766387939e-01
-7.577897608280181885e-02 8.857455104589462280e-02
-7.677577086724340916e-04 7.783344388008117676e-02
-1.733187772333621979e-02 -6.303323432803153992e-03
5.812673270702362061e-02 -3.812138736248016357e-02
2.811367511749267578e-01 -7.338382303714752197e-02
1.407452076673507690e-01 -2.390353381633758545e-01
-1.669021695852279663e-01 4.592188075184822083e-02
1.676736474037170410e-01 -1.424327790737152100e-01
1.481800079345703125e-01 -3.514943122863769531e-01
-3.406496345996856689e-01 1.218399330973625183e-01
1.260977387428283691e-01 -3.385876715183258057e-01
-1.941521614789962769e-01 4.716047644615173340e-02
7.036717236042022705e-02 8.745999634265899658e-02
-1.724862009286880493e-01 9.660504758358001709e-02
-3.335915878415107727e-02 3.060950199142098427e-03
6.395281851291656494e-02 -1.073758080601692200e-01
2.875581197440624237e-02 1.536258459091186523e-01
2.752911448478698730e-01 -6.817930191755294800e-02
1.194569095969200134e-01 -2.489136457443237305e-01
1.157873030751943588e-02 -2.920491695404052734e-01
-2.188007161021232605e-02 -9.193544089794158936e-02
7.444536685943603516e-02 -1.801205128431320190e-01
-6.656230427324771881e-03 2.884879149496555328e-02
1.225916594266891479e-01 -5.392971262335777283e-02
-1.715122461318969727e-01 1.320838183164596558e-01
6.558044999837875366e-02 -2.915498912334442139e-01
8.042046427726745605e-02 4.884761944413185120e-02
1.619059741497039795e-01 2.598416991531848907e-02
8.911592513322830200e-02 -2.138040959835052490e-02
1.302653364837169647e-02 3.751701861619949341e-02
4.878360778093338013e-02 8.333744853734970093e-02
7.396741956472396851e-02 1.048296019434928894e-01
-3.147543966770172119e-02 -1.522568315267562866e-01
1.423678994178771973e-01 -2.755085527896881104e-01
6.455790251493453979e-02 1.255780905485153198e-01
2.436869293451309204e-01 -8.783523808233439922e-04
-8.313918858766555786e-02 1.138067841529846191e-01
1.858677901327610016e-02 1.215597093105316162e-01
9.355314075946807861e-03 -1.270861178636550903e-01
8.556785434484481812e-02 -1.788211166858673096e-01
-2.950381636619567871e-01 1.393262296915054321e-01
1.206882447004318237e-01 -1.586640775203704834e-01
-2.391170561313629150e-01 1.923761963844299316e-01
1.481300145387649536e-01 -4.398433119058609009e-02
6.576122343540191650e-02 1.386074423789978027e-01
-6.510837934911251068e-03 3.271280601620674133e-02
-1.791764944791793823e-01 2.876682281494140625e-01
1.551639474928379059e-02 6.190017238259315491e-02
1.011476814746856689e-01 -3.331849277019500732e-01
-9.800032526254653931e-02 1.870297193527221680e-01
2.205700278282165527e-01 -2.378720045089721680e-01
-1.745746843516826630e-02 -5.292491614818572998e-02
1.095158681273460388e-01 -2.205227687954902649e-02
3.501359000802040100e-02 5.962717812508344650e-03
-2.799149416387081146e-02 1.194974854588508606e-01
7.929848879575729370e-02 -1.526288092136383057e-01
1.809880696237087250e-02 -1.122753098607063293e-01
6.050993502140045166e-02 1.507580727338790894e-01
1.970364451408386230e-01 -8.947806060314178467e-02
3.569799363613128662e-01 -1.191358938813209534e-01
-2.907323883846402168e-03 -2.018134742975234985e-01
8.235781639814376831e-02 -1.636400353163480759e-03
-1.272267252206802368e-01 1.000457555055618286e-01
-1.552260760217905045e-02 2.353668399155139923e-02
8.147062733769416809e-03 4.112875461578369141e-02
-7.130374759435653687e-02 -2.111916197463870049e-03
-1.384407132863998413e-01 1.706621944904327393e-01
-8.158590644598007202e-02 1.400806605815887451e-01
1.712967175990343094e-03 4.520445689558982849e-02
-1.136263310909271240e-01 1.316899433732032776e-02
2.220425605773925781e-01 -1.314503997564315796e-01
1.003714874386787415e-01 -8.587193675339221954e-03
8.373638987541198730e-02 -1.627920120954513550e-01
1.184452325105667114e-01 -2.524190247058868408e-01
-1.221411600708961487e-01 -5.788183584809303284e-02
-1.359378397464752197e-01 1.806501150131225586e-01
