4.988403618335723877e-02 -8.223433047533035278e-02
-8.172759413719177246e-02 -9.152554720640182495e-02
2.221332490444183350e-02 9.909121692180633545e-02
2.300578728318214417e-02 -7.412716001272201538e-02
2.107853889465332031e-01 -8.950638771057128906e-02
-1.419544816017150879e-01 1.581045985221862793e-02
1.717217862606048584e-01 -2.760282903909683228e-02
-2.725689671933650970e-02 1.367314904928207397e-01
4.510353785008192062e-03 1.130666583776473999e-01
8.111200481653213501e-02 -1.132337078452110291e-01
-4.261587932705879211e-02 1.013487875461578369e-01
-2.658174932003021240e-02 6.191243231296539307e-02
-8.200258761644363403e-02 6.767445802688598633e-02
-9.424669295549392700e-02 -2.584023587405681610e-02
-3.585153520107269287e-01 2.435808032751083374e-01
3.151107579469680786e-02 -6.664852052927017212e-02
1.418494582176208496e-01 9.235713630914688110e-03
-1.755437999963760376e-01 2.709337174892425537e-01
-1.406274437904357910e-01 3.365652859210968018e-01
-3.328010905534029007e-03 -1.213227137923240662e-01
1.400489211082458496e-01 -2.659994661808013916e-01
1.100175529718399048e-01 -8.025316148996353149e-02
-2.251483798027038574e-01 6.645333021879196167e-02
-6.439884006977081299e-02 -7.289001950994133949e-04
2.112938612699508667e-01 -5.326720327138900757e-02
-2.815498411655426025e-01 2.085038870573043823e-01
-1.298147439956665039e-01 1.302845496684312820e-02
-9.790787100791931152e-02 4.719982668757438660e-02
-3.126408159732818604e-02 7.076980918645858765e-02
1.636056751012802124e-01 7.966589927673339844e-02
1.433495804667472839e-02 8.396627008914947510e-02
-1.851682066917419434e-01 1.121306195855140686e-01
8.314234763383865356e-02 2.761300094425678253e-02
-2.655420079827308655e-02 5.924425274133682251e-02
-1.406559050083160400e-01 8.254065364599227905e-02
-3.667945042252540588e-03 -7.900198921561241150e-03
-3.067508339881896973e-01 2.380187213420867920e-01
6.900709867477416992e-02 -6.316657364368438721e-02
2.571775019168853760e-01 -1.671643927693367004e-02
-2.359266020357608795e-02 8.025976270437240601e-02
8.901599049568176270e-02 2.955014817416667938e-03
-1.122699584811925888e-02 1.148019731044769287e-02
1.435490399599075317e-01 1.495878491550683975e-02
2.704118937253952026e-02 2.983148209750652313e-02
-4.364035278558731079e-02 5.673405528068542480e-02
3.912954777479171753e-02 -1.250858306884765625e-01
4.301174730062484741e-02 -1.579969078302383423e-01
1.496263742446899414e-01 9.855474531650543213e-02
-2.131323702633380890e-02 -6.547374278306961060e-02
-9.136491268873214722e-02 1.674765050411224365e-01
-1.602641679346561432e-02 1.884457170963287354e-01
1.614982932806015015e-01 -1.973045021295547485e-01
-1.231159269809722900e-01 -5.596129596233367920e-02
-2.041622549295425415e-01 1.540669500827789307e-01
1.676426455378532410e-02 4.458754882216453552e-02
3.122095204889774323e-02 -2.136210948228836060e-01
-6.691768765449523926e-02 5.316007882356643677e-02
-7.966666482388973236e-03 1.529139652848243713e-02
-6.765934824943542480e-02 4.189196601510047913e-02
1.007244363427162170e-02 -2.278259582817554474e-02
-2.388564348220825195e-01 4.067926481366157532e-02
1.307971328496932983e-01 1.673323661088943481e-02
4.185272380709648132e-02 -5.720855668187141418e-02
7.308022584766149521e-03 1.181425614049658179e-05
8.598770499229431152e-01 -6.512326002120971680e-01
-1.158571615815162659e-01 2.185042351484298706e-01
1.346659008413553238e-02 1.266561448574066162e-01
5.483144521713256836e-01 -2.752473056316375732e-01
-6.870443820953369141e-01 6.505466103553771973e-01
-6.099559664726257324e-01 5.203043818473815918e-01
-1.625765413045883179e-01 -1.010298542678356171e-02
1.082273572683334351e-01 -1.381164938211441040e-01
2.893835306167602539e-01 -1.315982043743133545e-01
1.310576349496841431e-01 -6.110802665352821350e-02
-6.150059103965759277e-01 7.903761267662048340e-01
-6.569821834564208984e-01 5.756946206092834473e-01
-6.873044967651367188e-01 7.447919845581054688e-01
2.246233634650707245e-02 8.381541073322296143e-02
-8.628363609313964844e-01 6.442326903343200684e-01
3.678421080112457275e-01 -3.516525328159332275e-01
7.423656582832336426e-01 -7.864112854003906250e-01
-7.462470978498458862e-02 -1.124575287103652954e-01
-5.648346543312072754e-01 4.354941844940185547e-01
-3.824991285800933838e-01 1.628315746784210205e-01
1.031251311302185059e+00 -9.560599327087402344e-01
-1.623938828706741333e-01 1.081280633807182312e-01
3.273486793041229248e-01 -1.675000637769699097e-01
9.254366159439086914e-01 -1.161420702934265137e+00
5.669752955436706543e-01 -5.248373150825500488e-01
3.605532646179199219e-01 -3.418871462345123291e-01
7.744239270687103271e-02 1.377246975898742676e-01
5.363301634788513184e-01 -4.090241193771362305e-01
-1.259631037712097168e+00 1.263330459594726562e+00
-1.249797567725181580e-01 -1.933605037629604340e-02
8.015081882476806641e-01 -9.185715317726135254e-01
7.585962116718292236e-02 -2.104347944259643555e-01
-3.672919571399688721e-01 9.196694195270538330e-02
1.138621270656585693e-01 -3.893897235393524170e-01
-3.200924992561340332e-01 2.758215963840484619e-01
4.750566482543945312e-01 -5.686528086662292480e-01
-3.382692635059356689e-01 3.623845577239990234e-01
-5.713348388671875000e-01 5.168182849884033203e-01
5.154925212264060974e-02 1.428950112313032150e-02
1.112924069166183472e-01 1.407617479562759399e-01
-3.256971389055252075e-02 -1.394327282905578613e-01
-4.844702482223510742e-01 3.966085910797119141e-01
1.742977648973464966e-01 -7.993185520172119141e-02
4.101174771785736084e-01 -4.367318153381347656e-01
-6.737945079803466797e-01 6.768217682838439941e-01
1.051146239042282104e-01 -1.756426990032196045e-01
6.886651273816823959e-03 -8.357050828635692596e-03
-1.187081709504127502e-01 1.373475193977355957e-01
4.392873346805572510e-01 -4.110145568847656250e-01
-3.202946484088897705e-01 2.731789946556091309e-01
2.849457561969757080e-01 -3.898512125015258789e-01
8.297841548919677734e-01 -9.532454609870910645e-01
2.639751732349395752e-01 -1.977503448724746704e-01
-9.611522406339645386e-02 3.693965449929237366e-02
3.380994796752929688e-01 -1.488017886877059937e-01
1.438089162111282349e-01 -1.471904572099447250e-02
-1.018205165863037109e+00 9.592861533164978027e-01
-4.800369143486022949e-01 3.299843966960906982e-01
2.184637784957885742e-01 -2.323549538850784302e-01
-4.140359461307525635e-01 5.071527957916259766e-01
-1.258262991905212402e+00 1.229309916496276855e+00
-3.999589681625366211e-01 4.674380719661712646e-01
-3.015209138393402100e-01 2.119136005640029907e-01
-4.116947054862976074e-01 4.210284054279327393e-01
-5.624841898679733276e-02 1.906083226203918457e-01
-4.567585512995719910e-02 1.894349753856658936e-01
-1.000241264700889587e-01 1.171035170555114746e-01
3.159743249416351318e-01 -5.534077286720275879e-01
-2.410077303647994995e-01 4.216535091400146484e-01
-4.083569347858428955e-01 1.625434756278991699e-01
4.393492639064788818e-01 -2.114313244819641113e-01
-1.059183478355407715e-01 -7.687181979417800903e-02
4.874268174171447754e-01 -4.712181687355041504e-01
-5.406956672668457031e-01 5.375024080276489258e-01
-1.555911540985107422e+00 1.286308288574218750e+00
-6.520744562149047852e-01 5.577807426452636719e-01
3.386338949203491211e-01 -5.754867568612098694e-02
2.148267179727554321e-01 -1.101832836866378784e-01
-3.623458743095397949e-01 1.584615707397460938e-01
-1.406376510858535767e-01 -2.900154143571853638e-02
1.322147622704505920e-02 -1.761180907487869263e-02
-4.575251340866088867e-01 4.192738533020019531e-01
-5.673395991325378418e-01 5.917328000068664551e-01
5.407022237777709961e-01 -4.930183887481689453e-01
-1.444110423326492310e-01 3.269831538200378418e-01
-2.142507135868072510e-01 1.165039613842964172e-01
-2.735589742660522461e-01 1.634025722742080688e-01
-5.784816741943359375e-01 6.621241569519042969e-01
6.555560231208801270e-01 -5.394124388694763184e-01
3.354741334915161133e-01 -2.450796514749526978e-01
1.592687517404556274e-01 -2.219249755144119263e-01
2.401863187551498413e-01 -4.552405700087547302e-02
-2.118244916200637817e-01 1.476409137248992920e-01
-2.090487629175186157e-01 8.128223568201065063e-02
5.321863293647766113e-01 -5.051568150520324707e-01
-1.956330388784408569e-01 1.897818297147750854e-01
8.567389845848083496e-01 -7.605692744255065918e-01
-3.436779081821441650e-01 1.107974201440811157e-01
9.242281317710876465e-01 -1.113344550132751465e+00
4.300065636634826660e-01 -4.463729858398437500e-01
-5.906168818473815918e-01 6.711217164993286133e-01
-2.774868309497833252e-01 3.178597986698150635e-01
8.424074649810791016e-01 -9.663640260696411133e-01
2.314701443538069725e-03 -7.429699599742889404e-02
1.034626245498657227e+00 -1.324198961257934570e+00
1.259216964244842529e-01 -3.629276156425476074e-01
-1.345557093620300293e+00 1.231149554252624512e+00
1.700436234474182129e+00 -1.712578177452087402e+00
-8.532083034515380859e-02 2.737094163894653320e-01
-2.140161991119384766e-01 2.117260247468948364e-01
3.500746786594390869e-01 -4.553326070308685303e-01
-3.158306181430816650e-01 3.871774673461914062e-01
3.447233512997627258e-02 -1.815184205770492554e-01
5.651111602783203125e-01 -5.703985691070556641e-01
-5.901774168014526367e-01 5.885025262832641602e-01
2.388153523206710815e-01 -2.549000382423400879e-01
7.900971919298171997e-02 -5.262617021799087524e-02
-7.092276811599731445e-01 7.667536139488220215e-01
-1.103765368461608887e-01 2.143749296665191650e-01
-4.254473447799682617e-01 4.867020547389984131e-01
-1.540759205818176270e-01 1.961071193218231201e-01
-3.204104006290435791e-01 1.791036576032638550e-01
-6.045046448707580566e-02 -1.400858759880065918e-01
5.665131211280822754e-01 -6.023163795471191406e-01
2.022540420293807983e-01 -2.334679216146469116e-01
3.374524116516113281e-01 -2.707048058509826660e-01
-4.811201691627502441e-01 4.008964896202087402e-01
-1.028480887413024902e+00 1.035387039184570312e+00
2.677895724773406982e-01 -3.068203926086425781e-01
-4.266362488269805908e-01 2.690306007862091064e-01
-1.756355911493301392e-01 3.473714292049407959e-01
6.710362620651721954e-03 4.634429141879081726e-02
-7.480492442846298218e-02 9.796920418739318848e-02
2.698591649532318115e-01 -9.824573993682861328e-02
2.212448567152023315e-01 -1.201471462845802307e-01
-1.637009978294372559e-01 -3.476075455546379089e-02
6.354533601552248001e-03 1.693406254053115845e-01
-1.549450010061264038e-01 3.293823003768920898e-01
-6.042842864990234375e-01 4.876506030559539795e-01
-2.276923060417175293e-01 2.789561823010444641e-02
-1.202825233340263367e-01 2.591471970081329346e-01
8.715277165174484253e-02 -1.916746608912944794e-02
-3.016951084136962891e-01 1.465433388948440552e-01
-1.403017491102218628e-01 -6.869053840637207031e-02
8.166394382715225220e-02 -2.394821792840957642e-01
-4.552670717239379883e-01 6.154339909553527832e-01
-3.549819290637969971e-01 1.584040671586990356e-01
4.254974424839019775e-02 3.078651987016201019e-02
7.571562379598617554e-02 -7.166503369808197021e-02
2.334544435143470764e-02 1.113868951797485352e-01
-6.618911027908325195e-02 1.568180881440639496e-02
-4.052535071969032288e-02 3.007797989994287491e-03
1.072192639112472534e-01 -8.831189572811126709e-02
-1.327143162488937378e-01 6.120730936527252197e-02
2.654829993844032288e-02 2.625035643577575684e-01
-9.843812137842178345e-02 -7.129091024398803711e-02
-1.889337599277496338e-01 2.413720637559890747e-01
3.311130702495574951e-01 -3.554826676845550537e-01
4.443419277667999268e-01 -5.327891707420349121e-01
-1.289952099323272705e-01 3.603194653987884521e-02
8.267053402960300446e-03 -1.155681908130645752e-01
-2.816295921802520752e-01 3.074484467506408691e-01
6.669818162918090820e-01 -6.616941690444946289e-01
-8.451467752456665039e-02 2.183113694190979004e-01
-3.065081126987934113e-02 5.887515842914581299e-02
-8.076826483011245728e-02 1.010526865720748901e-01
6.659696251153945923e-02 -5.059897899627685547e-02
-9.544637054204940796e-02 6.538245081901550293e-02
4.702964425086975098e-01 -5.378602743148803711e-01
3.321413695812225342e-01 -3.803656697273254395e-01
-1.437275558710098267e-01 8.358144015073776245e-02
3.191465437412261963e-01 -2.322436124086380005e-01
-1.530834287405014038e-01 1.239495649933815002e-01
-8.246966451406478882e-02 6.553273648023605347e-02
3.837566822767257690e-02 1.552559435367584229e-02
-4.002103209495544434e-02 -2.172079831361770630e-01
-3.954330086708068848e-02 -6.474026292562484741e-02
1.711672395467758179e-01 -2.102938294410705566e-01
-8.315524458885192871e-02 -1.148038171231746674e-02
2.874068617820739746e-01 -3.142485916614532471e-01
3.428368270397186279e-02 -3.668672591447830200e-02
2.664074487984180450e-02 -1.048740819096565247e-01
2.581156790256500244e-01 -7.699824869632720947e-02
3.344610705971717834e-02 -1.627359655685722828e-03
1.755565404891967773e-01 -2.631928324699401855e-01
-6.435523629188537598e-01 4.806516468524932861e-01
1.910341382026672363e-01 -3.098495006561279297e-01
8.991124480962753296e-02 -1.654775291681289673e-01
4.385666549205780029e-02 2.617220878601074219e-01
2.197906821966171265e-01 -2.487417012453079224e-01
-4.495130181312561035e-01 3.795279264450073242e-01
-2.313064634799957275e-01 3.373399674892425537e-01
