5.876870825886726379e-02 -1.929260939359664917e-01
1.759887635707855225e-01 -2.592116296291351318e-01
-9.983672201633453369e-02 1.099175214767456055e-01
-5.322577059268951416e-02 -2.753863297402858734e-02
5.533330440521240234e-01 -4.340732991695404053e-01
3.002062141895294189e-01 -3.229937255382537842e-01
6.666798591613769531e-01 -4.031409919261932373e-01
-3.174811601638793945e-01 5.781628489494323730e-01
4.645993411540985107e-01 -4.322214126586914062e-01
-2.522525191307067871e-01 2.424715310335159302e-01
-2.353249639272689819e-01 1.950432211160659790e-01
-1.311449110507965088e-01 2.235702127218246460e-01
-8.931010030210018158e-03 2.911533229053020477e-02
-7.259811460971832275e-02 2.209250777959823608e-01
-4.462714791297912598e-01 4.214925467967987061e-01
1.748739480972290039e-01 -1.656980812549591064e-01
-5.855699181556701660e-01 6.042261123657226562e-01
1.952763996087014675e-03 1.008448749780654907e-01
2.342922836542129517e-01 -7.482060790061950684e-02
-1.445232611149549484e-02 -2.479123920202255249e-01
-6.241874024271965027e-02 9.219772368669509888e-02
-1.064319610595703125e-01 -6.009684130549430847e-02
-1.666426360607147217e-01 1.204781681299209595e-01
1.968212053179740906e-02 -5.806466192007064819e-02
-5.319346860051155090e-02 1.538297832012176514e-01
-3.738795518875122070e-01 3.677331805229187012e-01
-1.001552864909172058e-01 2.601802349090576172e-02
7.212828099727630615e-02 -8.164664357900619507e-02
-1.004306823015213013e-01 5.514041520655155182e-03
2.902099192142486572e-01 -3.951301574707031250e-01
2.078910470008850098e-01 -1.304434239864349365e-01
-3.100173175334930420e-01 3.717368841171264648e-01
-2.412261664867401123e-01 1.507557183504104614e-01
-1.370100118219852448e-02 -2.225293815135955811e-01
-8.023732900619506836e-02 -1.701597869396209717e-01
-2.647144794464111328e-01 4.360153973102569580e-01
1.773552894592285156e-01 -1.095699146389961243e-01
-1.871153153479099274e-02 1.850877106189727783e-01
-7.699025422334671021e-02 1.294431835412979126e-01
5.230783820152282715e-01 -3.091667890548706055e-01
-7.045206427574157715e-02 1.663458943367004395e-01
-1.068092808127403259e-01 3.544746935367584229e-01
-3.513968288898468018e-01 1.940730512142181396e-01
-2.867709398269653320e-01 3.491338491439819336e-01
1.894801482558250427e-02 -1.803377866744995117e-01
6.872470676898956299e-02 -1.811147332191467285e-01
-4.550921618938446045e-01 3.452275693416595459e-01
2.274016141891479492e-01 -4.140787944197654724e-02
-3.268218338489532471e-01 2.853330671787261963e-01
1.835866570472717285e-01 -1.159580871462821960e-01
2.783105336129665375e-02 -1.957022584974765778e-03
4.833900034427642822e-01 -5.392791032791137695e-01
4.320566356182098389e-01 -3.684203028678894043e-01
5.820817500352859497e-02 -1.381296943873167038e-02
1.043743342161178589e-01 -1.455230861902236938e-01
2.062421888113021851e-01 -4.268599748611450195e-01
-5.044199824333190918e-01 4.283670485019683838e-01
-1.347071826457977295e-01 2.982150614261627197e-01
2.244238406419754028e-01 -3.086805939674377441e-01
1.372199133038520813e-02 -1.031523942947387695e-02
1.710115224123001099e-01 -1.218639612197875977e-01
4.083674252033233643e-01 -5.510408878326416016e-01
2.888569794595241547e-02 8.537241071462631226e-02
-3.829731941223144531e-01 1.799585223197937012e-01
-2.314281761646270752e-01 4.291583001613616943e-01
-3.911249935626983643e-01 3.337772786617279053e-01
-8.555616140365600586e-01 6.729907989501953125e-01
3.893526494503021240e-01 -4.783154428005218506e-01
-3.275823593139648438e-01 1.584957689046859741e-01
1.156222462654113770e+00 -1.273127555847167969e+00
3.113718628883361816e-01 -1.151159405708312988e-01
-2.634186148643493652e-01 1.080790013074874878e-01
7.772736251354217529e-02 -9.557974338531494141e-02
-2.611924707889556885e-01 5.536527037620544434e-01
2.968678474426269531e-01 -3.960689008235931396e-01
-7.312988489866256714e-02 1.923005282878875732e-01
-1.177094355225563049e-01 2.465345859527587891e-01
-4.232110679149627686e-01 4.696652591228485107e-01
-1.513152241706848145e+00 1.469564914703369141e+00
4.812418818473815918e-01 -4.031766057014465332e-01
-2.342840582132339478e-01 3.792280256748199463e-01
-3.204702138900756836e-01 5.189411044120788574e-01
-5.946149826049804688e-01 5.841459631919860840e-01
5.183610320091247559e-01 -4.084165990352630615e-01
-8.063256144523620605e-01 8.829272389411926270e-01
8.741207718849182129e-01 -9.864274859428405762e-01
-1.223056390881538391e-01 2.061712145805358887e-01
7.559155821800231934e-01 -8.176641464233398438e-01
-3.369719088077545166e-01 4.445004463195800781e-01
4.699957072734832764e-01 -3.480016589164733887e-01
2.166967988014221191e-01 -3.622885346412658691e-01
1.843939572572708130e-01 -2.984613180160522461e-01
-5.366573929786682129e-01 4.839568138122558594e-01
7.136498689651489258e-01 -7.982309460639953613e-01
6.423935294151306152e-01 -6.938081383705139160e-01
-8.007461577653884888e-02 1.155612990260124207e-01
-8.515384793281555176e-01 7.760142683982849121e-01
4.699715375900268555e-01 -2.397237271070480347e-01
-6.794583201408386230e-01 5.892776846885681152e-01
-7.966825366020202637e-02 6.168835982680320740e-02
5.936247706413269043e-01 -5.029515027999877930e-01
-1.036219149827957153e-01 8.424643427133560181e-02
-9.352380782365798950e-02 4.340242221951484680e-02
8.922300338745117188e-01 -1.135399103164672852e+00
-1.170662403106689453e+00 1.109222888946533203e+00
-1.503735542297363281e+00 1.509224891662597656e+00
2.426863312721252441e-01 -1.664024144411087036e-01
-4.117648601531982422e-01 4.200778603553771973e-01
-5.122581124305725098e-01 2.871189117431640625e-01
-9.606506675481796265e-02 -1.560478564351797104e-02
-5.573350191116333008e-01 7.245768904685974121e-01
-4.146754741668701172e-01 2.902536094188690186e-01
-6.604194641113281250e-02 -4.623493924736976624e-02
3.944361209869384766e-01 -2.915729880332946777e-01
-2.224751003086566925e-02 -8.554140478372573853e-02
7.759742140769958496e-01 -1.051703929901123047e+00
1.467104434967041016e+00 -1.596799135208129883e+00
1.850638389587402344e-01 -2.018058113753795624e-02
2.600664794445037842e-01 -3.535981476306915283e-01
5.844445228576660156e-01 -6.243311166763305664e-01
-4.567937254905700684e-01 5.649069547653198242e-01
3.611873388290405273e-01 -9.122781455516815186e-02
1.245451450347900391e+00 -1.255371809005737305e+00
4.996735975146293640e-02 2.396958135068416595e-02
-5.472859740257263184e-01 5.485417246818542480e-01
4.560880064964294434e-01 -3.155890405178070068e-01
-2.299074977636337280e-01 4.774600267410278320e-01
1.190435886383056641e-01 -2.595248222351074219e-01
-4.444140195846557617e-01 5.754480957984924316e-01
-2.106167934834957123e-02 6.911599636077880859e-02
-3.951419591903686523e-01 4.689097404479980469e-01
-2.349399775266647339e-02 -1.562088131904602051e-01
6.839616298675537109e-01 -6.172890067100524902e-01
3.589967489242553711e-01 -2.274968773126602173e-01
5.011097788810729980e-01 -5.679789781570434570e-01
-4.329741001129150391e-01 6.527089476585388184e-01
-2.612496614456176758e-01 2.377218157052993774e-01
-9.418287873268127441e-01 1.065620183944702148e+00
-1.355720996856689453e+00 1.377673387527465820e+00
-3.620976805686950684e-01 4.542143046855926514e-01
-7.239449024200439453e-01 7.763924598693847656e-01
7.252029776573181152e-01 -6.455223560333251953e-01
-1.201577186584472656e+00 1.039644837379455566e+00
-7.595324516296386719e-01 7.440121173858642578e-01
1.192268580198287964e-01 -2.246388494968414307e-01
-8.356621861457824707e-01 8.197242617607116699e-01
-1.387442946434020996e-01 2.584598660469055176e-01
5.529419779777526855e-01 -4.851878285408020020e-01
-1.823611110448837280e-01 3.515009880065917969e-01
-8.079532384872436523e-01 7.933349013328552246e-01
-1.095307245850563049e-01 2.535328269004821777e-01
9.802044034004211426e-01 -1.130309820175170898e+00
-2.368801236152648926e-01 2.109127640724182129e-01
4.545580744743347168e-01 -5.939242839813232422e-01
5.162838473916053772e-02 9.052095562219619751e-02
1.588159054517745972e-01 -2.270406335592269897e-01
-1.145393475890159607e-01 1.136773452162742615e-01
1.054167389869689941e+00 -1.035410523414611816e+00
2.153290808200836182e-01 -1.320674717426300049e-01
1.313114613294601440e-01 -8.080291748046875000e-02
-1.198085471987724304e-01 3.143832087516784668e-01
2.070963531732559204e-01 -2.637856006622314453e-01
8.208137750625610352e-01 -7.907398343086242676e-01
4.071135818958282471e-01 -2.774790823459625244e-01
6.884377002716064453e-01 -8.238474726676940918e-01
-5.433390140533447266e-01 4.983825683593750000e-01
4.679882228374481201e-01 -4.282826483249664307e-01
-6.586197614669799805e-01 6.643996238708496094e-01
1.093223333358764648e+00 -8.829901814460754395e-01
2.951162159442901611e-01 -4.384748041629791260e-01
-6.869204640388488770e-01 6.976323127746582031e-01
1.673039078712463379e+00 -1.473342776298522949e+00
2.075978070497512817e-01 -1.548591107130050659e-01
-1.065138578414916992e+00 8.084506988525390625e-01
1.723039746284484863e-01 2.246027439832687378e-02
-3.767477571964263916e-01 4.037666618824005127e-01
-6.179351806640625000e-01 5.598602294921875000e-01
5.081081390380859375e-01 -5.525733232498168945e-01
-6.011801362037658691e-01 5.317575931549072266e-01
5.669209361076354980e-01 -5.741026401519775391e-01
5.880249142646789551e-01 -7.923048138618469238e-01
-4.383616149425506592e-01 5.207611322402954102e-01
-1.043334901332855225e-01 1.610846221446990967e-01
2.660552859306335449e-01 -1.152581200003623962e-01
-9.792547821998596191e-01 9.550100564956665039e-01
-4.203015267848968506e-01 3.008168935775756836e-01
5.632885694503784180e-01 -6.717875599861145020e-01
5.605012774467468262e-01 -5.745165348052978516e-01
-5.867743492126464844e-01 8.788927197456359863e-01
1.288848400115966797e+00 -1.163579583168029785e+00
-1.205595612525939941e+00 1.192638516426086426e+00
-7.778738141059875488e-01 8.418832421302795410e-01
-3.009694218635559082e-01 4.022074639797210693e-01
-1.618916355073451996e-02 -1.455311328172683716e-01
1.909367144107818604e-01 1.357307732105255127e-01
-2.576238662004470825e-02 3.811504691839218140e-02
6.087030172348022461e-01 -6.707280874252319336e-01
1.995190680027008057e-01 -1.913825720548629761e-01
-1.453537344932556152e-01 -3.124847076833248138e-02
3.613926097750663757e-02 -7.036328315734863281e-02
-8.836003020405769348e-03 6.744044367223978043e-03
2.948869168758392334e-01 -1.634487956762313843e-01
-4.091631174087524414e-01 5.320085883140563965e-01
-1.669844537973403931e-01 1.140802055597305298e-01
-4.093511030077934265e-02 1.511133462190628052e-01
-4.801829755306243896e-01 2.464042305946350098e-01
2.721797823905944824e-01 -1.004759781062602997e-02
-3.981880545616149902e-01 2.665432095527648926e-01
-1.524146497249603271e-01 1.893256753683090210e-01
-1.892682462930679321e-01 2.795889973640441895e-01
-1.258777827024459839e-01 2.068576067686080933e-01
3.712427336722612381e-03 -1.960648894309997559e-01
-8.086765557527542114e-02 7.282229512929916382e-02
-2.904510498046875000e-01 2.557615339756011963e-01
-1.713541150093078613e-01 2.798508405685424805e-01
1.477698534727096558e-01 -1.126914545893669128e-01
2.862287759780883789e-01 -1.363886147737503052e-01
-7.304385304450988770e-02 -5.937998183071613312e-03
-1.721232682466506958e-01 1.765922270715236664e-02
3.045550286769866943e-01 -2.567987740039825439e-01
1.075373142957687378e-01 -1.520634889602661133e-01
4.260333776473999023e-01 -5.827374458312988281e-01
-9.810270369052886963e-02 2.480417788028717041e-01
-1.078409776091575623e-01 -3.541716607287526131e-03
-7.154353260993957520e-01 5.379467606544494629e-01
3.379657864570617676e-01 -1.487490534782409668e-01
1.672445982694625854e-01 -1.222747638821601868e-01
6.670307833701372147e-03 -9.654225409030914307e-02
-4.619885608553886414e-02 3.483435139060020447e-02
2.389857023954391479e-01 -3.629316389560699463e-02
-1.627771705389022827e-01 1.735284328460693359e-01
-5.314565077424049377e-02 1.022365391254425049e-01
7.973595708608627319e-02 1.398294717073440552e-01
3.450060486793518066e-01 -4.665130376815795898e-01
-1.117307022213935852e-01 -4.001919180154800415e-02
3.298567235469818115e-02 2.359196171164512634e-02
-1.598398238420486450e-01 1.765811070799827576e-02
5.229285359382629395e-02 -8.548338711261749268e-02
1.120848804712295532e-01 -9.246088564395904541e-02
-5.906431376934051514e-02 -6.743152625858783722e-03
1.995203942060470581e-01 -1.328050345182418823e-01
1.829875707626342773e-01 -2.138547003269195557e-01
1.393296569585800171e-01 -1.321212947368621826e-01
1.724762171506881714e-01 -3.847549855709075928e-01
5.764882564544677734e-01 -6.554030179977416992e-01
3.153120875358581543e-01 -4.770468771457672119e-01
4.188536480069160461e-02 -7.794781029224395752e-02
-1.392303258180618286e-01 3.124151825904846191e-01
-3.721057474613189697e-01 2.916535139083862305e-01
-8.946459293365478516e-01 9.369767308235168457e-01
1.479332149028778076e-01 -1.900884509086608887e-01
-2.912403047084808350e-01 3.038089871406555176e-01
-2.343826591968536377e-01 -4.461687058210372925e-02
5.285929888486862183e-02 -1.906305104494094849e-01
-5.014036297798156738e-01 4.306145310401916504e-01
-3.765208721160888672e-01 5.141463875770568848e-01
