1.696138083934783936e-01 -3.743714392185211182e-01
-3.268239498138427734e-01 3.209334313869476318e-01
1.309467554092407227e-01 2.035088278353214264e-02
-2.532221972942352295e-01 2.421304285526275635e-01
1.301062013953924179e-02 -1.065719425678253174e-01
2.280922085046768188e-01 -1.214957088232040405e-01
-2.698215097188949585e-02 -1.874026060104370117e-01
-1.084055453538894653e-01 1.295096427202224731e-01
3.300425037741661072e-02 -5.024870485067367554e-02
9.073023498058319092e-02 -1.755153387784957886e-01
-2.874197065830230713e-01 9.631888568401336670e-02
-2.343475818634033203e-01 2.197620570659637451e-01
3.369633108377456665e-02 5.531893670558929443e-02
-1.979473829269409180e-01 1.188142783939838409e-02
-2.081862539052963257e-01 6.186119839549064636e-02
-1.942344754934310913e-01 -5.040081590414047241e-02
-2.660963833332061768e-01 2.074207663536071777e-01
-2.201901823282241821e-01 1.143934503197669983e-01
1.478617936372756958e-01 -1.265686750411987305e-01
-3.941174224019050598e-02 3.421029075980186462e-03
-8.524938672780990601e-02 3.023253679275512695e-01
1.119123324751853943e-01 -2.335948199033737183e-01
1.684830174781382084e-03 1.908340901136398315e-01
4.457861930131912231e-02 -2.263125628232955933e-01
-5.933428928256034851e-02 1.010541841387748718e-01
1.465751230716705322e-01 -6.746926903724670410e-02
3.963270485401153564e-01 -1.323170810937881470e-01
2.405053749680519104e-02 -5.392380431294441223e-02
1.260699331760406494e-01 -4.086107015609741211e-01
1.543495804071426392e-01 -4.449783563613891602e-01
4.141147807240486145e-02 -1.718975752592086792e-01
-6.379624456167221069e-02 2.269606478512287140e-02
1.019655838608741760e-01 -3.037257865071296692e-02
-5.291976034641265869e-02 1.273802071809768677e-01
8.991611003875732422e-02 8.663740009069442749e-02
-4.381341338157653809e-01 1.935969889163970947e-01
2.583479881286621094e-01 -4.107790589332580566e-01
6.539051979780197144e-02 -1.668303906917572021e-01
8.017725497484207153e-02 -1.213724240660667419e-01
-2.179603874683380127e-01 2.174465656280517578e-01
-1.463762670755386353e-01 3.933041989803314209e-01
-7.035683095455169678e-02 8.717140555381774902e-02
-2.488573193550109863e-01 5.290427207946777344e-01
3.132484257221221924e-01 -4.420472681522369385e-01
-1.413830220699310303e-01 2.537279725074768066e-01
1.933654993772506714e-01 5.034119263291358948e-02
2.154627740383148193e-01 -9.072805941104888916e-02
4.881318286061286926e-02 4.847167059779167175e-02
4.290638566017150879e-01 -4.351172447204589844e-01
2.329511195421218872e-01 -1.034057438373565674e-01
-3.221310675144195557e-02 1.279310435056686401e-01
1.156401559710502625e-01 -1.634263098239898682e-01
-1.532624065876007080e-01 1.605202406644821167e-01
4.207115247845649719e-02 6.610054522752761841e-02
8.564952015876770020e-02 -2.053342610597610474e-01
-1.290773302316665649e-01 -6.548887491226196289e-02
2.159985154867172241e-01 -5.381728336215019226e-02
2.607374489307403564e-01 -2.943527996540069580e-01
-2.650348246097564697e-01 2.144499719142913818e-01
1.282532662153244019e-01 1.679444685578346252e-02
3.775211051106452942e-02 -2.628823518753051758e-01
9.803695976734161377e-02 -2.811127901077270508e-01
-2.665750682353973389e-01 1.398752033710479736e-01
-6.063098832964897156e-02 9.353303909301757812e-02
2.318855673074722290e-01 -1.669645905494689941e-01
-3.725278973579406738e-01 4.095442295074462891e-01
-4.298204183578491211e-01 3.855361938476562500e-01
-3.359375596046447754e-01 4.048328995704650879e-01
2.551010251045227051e-01 -2.198191583156585693e-01
-2.670089006423950195e-01 2.965829074382781982e-01
2.419729381799697876e-01 -2.303423136472702026e-01
-4.079789817333221436e-01 3.664656579494476318e-01
-7.520875334739685059e-02 1.751467138528823853e-01
1.366027072072029114e-02 -1.423129588365554810e-01
-3.714992702007293701e-01 2.491140514612197876e-01
-1.310905665159225464e-01 -9.009432792663574219e-02
-3.276790678501129150e-01 2.166400291025638580e-02
-2.153572440147399902e-01 8.473807573318481445e-02
-3.662624955177307129e-01 1.531643420457839966e-01
5.344335436820983887e-01 -4.701221883296966553e-01
-3.448372483253479004e-01 3.279574215412139893e-01
-2.254354953765869141e-01 2.282227724790573120e-01
1.733534783124923706e-01 -1.094530150294303894e-01
-9.279510006308555603e-03 2.789383828639984131e-01
-2.464172542095184326e-01 2.773835361003875732e-01
2.061813175678253174e-01 -1.408906280994415283e-01
3.917901590466499329e-02 1.875266879796981812e-01
-3.418911248445510864e-02 -2.079289034008979797e-02
6.951827555894851685e-02 -1.668245494365692139e-01
-9.730140119791030884e-02 -5.259457603096961975e-02
2.744322717189788818e-01 -4.079627394676208496e-01
1.005102694034576416e-01 -1.411191523075103760e-01
-7.490825653076171875e-02 1.813687384128570557e-01
3.171419501304626465e-01 -2.860989570617675781e-01
6.942891329526901245e-02 -2.072351872920989990e-01
1.877152770757675171e-01 -5.797182768583297729e-02
9.013802558183670044e-02 2.860334701836109161e-02
-3.641041815280914307e-01 3.637544214725494385e-01
2.788797914981842041e-01 -4.430548548698425293e-01
-2.883272767066955566e-01 3.344835638999938965e-01
-2.093137502670288086e-01 2.448089420795440674e-01
2.835872471332550049e-01 -3.207483589649200439e-01
-1.174286976456642151e-01 9.476309269666671753e-02
-1.640435308218002319e-01 3.808988928794860840e-01
2.355411201715469360e-01 -2.422113120555877686e-01
-1.410949602723121643e-02 -3.369040191173553467e-01
1.309888660907745361e-01 -6.997599452733993530e-02
2.775441110134124756e-01 -2.681878507137298584e-01
7.343874871730804443e-02 -7.979423552751541138e-02
-5.345692858099937439e-02 -1.317522395402193069e-02
1.702318713068962097e-02 -4.729356244206428528e-02
-3.737476170063018799e-01 2.206565290689468384e-01
2.735601663589477539e-01 -3.349674046039581299e-01
-2.108519822359085083e-01 2.124928236007690430e-01
1.577245742082595825e-01 -1.368917673826217651e-01
2.927715182304382324e-01 -4.501503407955169678e-01
-1.874759048223495483e-02 8.106812834739685059e-02
1.728332489728927612e-01 -3.271030262112617493e-02
3.629271984100341797e-01 -2.018106877803802490e-01
-8.599686622619628906e-02 7.987987250089645386e-02
2.042493373155593872e-01 -4.036409258842468262e-01
1.620967388153076172e-01 -1.804080605506896973e-01
6.707407534122467041e-02 -3.503138571977615356e-02
-4.403110221028327942e-02 5.290227755904197693e-02
3.482411801815032959e-02 6.975996494293212891e-02
-3.286411166191101074e-01 2.725094929337501526e-02
-8.404331654310226440e-02 1.102434471249580383e-01
6.878985464572906494e-02 -1.252375245094299316e-01
3.376429080963134766e-01 -2.872694730758666992e-01
-2.790454030036926270e-01 1.289296299219131470e-01
7.444749027490615845e-02 6.455078721046447754e-02
3.507249951362609863e-01 -3.617554903030395508e-01
-3.098738193511962891e-01 1.885725408792495728e-01
-2.209062576293945312e-01 1.721565872430801392e-01
-2.809022665023803711e-01 2.423682212829589844e-01
8.822909742593765259e-02 -9.092729538679122925e-03
1.563538759946823120e-01 -3.347002714872360229e-02
-3.385702967643737793e-01 3.674125671386718750e-01
1.589057743549346924e-01 1.707168668508529663e-02
2.977025136351585388e-02 -3.575451076030731201e-01
-1.342124678194522858e-02 -2.544027566909790039e-01
-1.602889597415924072e-01 4.067670404911041260e-01
-8.206912875175476074e-02 -1.180936098098754883e-01
2.809783816337585449e-01 -1.278304308652877808e-01
2.532764673233032227e-01 -1.267393827438354492e-01
2.972929775714874268e-01 -3.534101247787475586e-01
-1.986231654882431030e-02 5.474692955613136292e-02
-1.636143177747726440e-01 2.213658243417739868e-01
-6.263365596532821655e-02 3.686968982219696045e-02
-2.115733325481414795e-01 3.159458637237548828e-01
-1.039799526333808899e-01 1.682877987623214722e-01
1.469920296221971512e-02 -5.209677387028932571e-03
-3.244903385639190674e-01 2.911943197250366211e-01
2.762601375579833984e-01 -1.492311805486679077e-01
1.923019587993621826e-01 -1.877211332321166992e-01
-1.543033123016357422e-01 2.554489970207214355e-01
3.159279227256774902e-01 -2.002623230218887329e-01
1.399462372064590454e-01 1.525752153247594833e-02
-3.294232487678527832e-01 2.997034490108489990e-01
2.267180830240249634e-01 -1.950232684612274170e-01
2.694137990474700928e-01 -2.949251830577850342e-01
-1.060267388820648193e-01 2.185986787080764771e-01
-4.386381208896636963e-01 3.098609745502471924e-01
9.625273197889328003e-02 3.496791049838066101e-02
-9.282302856445312500e-02 1.265845596790313721e-01
8.077185600996017456e-02 -1.501694172620773315e-01
-2.436548024415969849e-01 1.681358516216278076e-01
-2.512409090995788574e-01 2.149491906166076660e-01
-1.134741678833961487e-01 1.707820594310760498e-02
-3.281199336051940918e-01 3.995008170604705811e-01
-1.054255664348602295e-01 1.884839981794357300e-01
3.867613524198532104e-02 -2.040906250476837158e-01
-1.557172834873199463e-01 3.653331995010375977e-01
-2.173165231943130493e-01 2.422893345355987549e-01
1.595983505249023438e-01 -1.897584050893783569e-01
-2.745736539363861084e-01 2.223402112722396851e-01
1.545085012912750244e-01 5.326920747756958008e-02
2.775449454784393311e-01 -3.946369886398315430e-01
4.247267916798591614e-02 -9.521500766277313232e-02
2.023477852344512939e-01 -6.138905882835388184e-02
3.964978456497192383e-02 4.630875214934349060e-02
5.240637809038162231e-02 -1.608166545629501343e-01
3.233208507299423218e-02 5.317477509379386902e-02
9.288392215967178345e-02 -2.719483745750039816e-04
-6.466464698314666748e-02 1.665789932012557983e-01
1.343497633934020996e-01 3.917568549513816833e-02
4.696612432599067688e-02 -1.270878762006759644e-01
-2.492158859968185425e-01 8.288551867008209229e-02
-3.487324714660644531e-02 7.991755008697509766e-02
-7.151119410991668701e-02 6.281155347824096680e-02
2.166603803634643555e-01 -2.933339178562164307e-01
1.763976812362670898e-01 -1.456710994243621826e-01
4.421848803758621216e-02 -1.444081589579582214e-02
5.877368524670600891e-02 -2.899868488311767578e-01
-1.405853480100631714e-01 -6.777171045541763306e-02
6.357751786708831787e-02 -3.136732429265975952e-02
1.104034297168254852e-02 6.115132942795753479e-02
3.314646482467651367e-01 -2.092397511005401611e-01
1.056661680340766907e-01 -5.706361029297113419e-03
-2.826486900448799133e-02 -7.541124522686004639e-02
2.491942420601844788e-02 -1.456488072872161865e-01
-9.933662600815296173e-03 1.168567836284637451e-01
6.258533149957656860e-02 2.780230641365051270e-01
1.263069808483123779e-01 -1.659967154264450073e-01
-1.638260632753372192e-01 1.293348670005798340e-01
1.908989250659942627e-01 -3.088399469852447510e-01
9.474004805088043213e-02 -3.260193392634391785e-02
5.230300128459930420e-02 -2.471656054258346558e-01
1.237815842032432556e-01 -9.168627113103866577e-02
-2.825916046276688576e-03 -1.460466831922531128e-01
1.839144676923751831e-01 -2.959124743938446045e-01
6.379537284374237061e-02 -3.061983734369277954e-02
-3.219428062438964844e-01 1.974833458662033081e-01
4.791781678795814514e-02 4.814530164003372192e-02
-2.060734629631042480e-01 2.742550671100616455e-01
4.350952059030532837e-02 -3.669361118227243423e-03
2.913916856050491333e-02 6.192146241664886475e-02
7.133940607309341431e-02 -1.567947566509246826e-01
3.113790452480316162e-01 -2.561699748039245605e-01
1.755986213684082031e-01 -1.583943963050842285e-01
-3.061292693018913269e-03 -2.129769921302795410e-01
9.132353961467742920e-02 -5.449427664279937744e-02
6.117344647645950317e-02 -5.013032257556915283e-02
3.152580559253692627e-02 -6.119960173964500427e-02
2.707026898860931396e-01 -3.195550441741943359e-01
7.888011634349822998e-02 1.137809529900550842e-01
-3.185661137104034424e-02 -1.397077459841966629e-03
-2.116136401891708374e-01 3.756513819098472595e-02
1.739198416471481323e-01 -2.999932467937469482e-01
2.631071507930755615e-01 -1.312069147825241089e-01
-3.121171593666076660e-01 2.039843052625656128e-01
-2.228075265884399414e-01 1.045422852039337158e-01
-1.096094921231269836e-01 6.055649369955062866e-02
-1.388583481311798096e-01 -1.446973830461502075e-01
-1.134582906961441040e-01 -1.619234122335910797e-02
3.714838027954101562e-01 -3.330674171447753906e-01
-1.585662364959716797e-01 1.410119831562042236e-01
-1.164458841085433960e-01 2.891483902931213379e-02
1.516774389892816544e-02 5.862265080213546753e-02
1.515261828899383545e-01 -1.936590224504470825e-01
-9.767355769872665405e-02 8.447403460741043091e-02
1.368677467107772827e-01 2.581879124045372009e-02
6.801085919141769409e-02 -8.356929570436477661e-02
-1.693807095289230347e-01 1.143017709255218506e-01
1.147738099098205566e-01 -8.961673825979232788e-02
-3.050236776471138000e-02 9.515209496021270752e-02
-2.570117451250553131e-02 -1.566467732191085815e-01
-8.307309448719024658e-02 3.161270171403884888e-02
-1.161772832274436951e-01 7.341123372316360474e-02
2.236800268292427063e-02 3.004631213843822479e-02
1.504644006490707397e-01 -2.172373235225677490e-02
4.841962829232215881e-02 -1.023344695568084717e-02
-2.072665095329284668e-01 1.420997232198715210e-01
1.863259077072143555e-02 7.784130424261093140e-02
7.573331892490386963e-02 1.156306266784667969e-02
-2.417360842227935791e-01 2.155394703149795532e-01
