4.913060665130615234e-01 -4.938004910945892334e-01
-1.070020124316215515e-01 1.862096041440963745e-01
-5.719170570373535156e-01 6.311729550361633301e-01
1.486450284719467163e-01 -2.098531723022460938e-01
4.003328084945678711e-01 -3.028060793876647949e-01
-2.181314378976821899e-01 1.602369695901870728e-01
3.669689893722534180e-01 -1.535831093788146973e-01
1.909719854593276978e-01 -2.481607943773269653e-01
2.892498672008514404e-01 -3.560832142829895020e-01
-3.700575828552246094e-01 4.318538010120391846e-01
-2.799872756004333496e-01 9.655863791704177856e-02
8.293800950050354004e-01 -7.431023716926574707e-01
-4.879996180534362793e-01 5.502532720565795898e-01
-5.122211575508117676e-01 3.487260341644287109e-01
-2.907102406024932861e-01 2.119401842355728149e-01
1.950232237577438354e-01 -2.734370231628417969e-01
4.798850789666175842e-02 -1.514201611280441284e-01
1.570069193840026855e-01 -1.433466523885726929e-01
2.156601101160049438e-01 -3.317124545574188232e-01
-6.464344263076782227e-02 2.233385890722274780e-01
-9.110755324363708496e-01 9.227646589279174805e-01
-5.155850574374198914e-02 -8.620925247669219971e-03
3.130847588181495667e-02 -2.152819782495498657e-01
4.507237970829010010e-01 -4.088132679462432861e-01
1.997853964567184448e-01 3.265911713242530823e-02
-1.856921762228012085e-01 2.550937533378601074e-01
-1.007454469799995422e-01 3.074149787425994873e-02
-8.992625772953033447e-02 9.469936788082122803e-02
-1.573718339204788208e-01 -9.561956673860549927e-02
1.291747242212295532e-01 -4.519962705671787262e-03
4.348507225513458252e-01 -6.087350249290466309e-01
-4.869484603404998779e-01 4.755135476589202881e-01
-1.577864140272140503e-01 2.897443771362304688e-01
4.756087958812713623e-01 -5.968017578125000000e-01
5.136461257934570312e-01 -3.113332688808441162e-01
-3.865377902984619141e-01 4.317757189273834229e-01
1.787200272083282471e-01 -9.024842828512191772e-02
-1.046712398529052734e-01 2.337240427732467651e-02
6.664156913757324219e-02 1.119541153311729431e-01
7.554212212562561035e-01 -5.565496683120727539e-01
-1.692894399166107178e-01 2.663613259792327881e-01
-3.655530512332916260e-01 3.689883947372436523e-01
1.962650269269943237e-01 -4.027027264237403870e-02
2.151373624801635742e-01 -2.926682233810424805e-01
-7.797500491142272949e-02 3.232273459434509277e-01
1.113353520631790161e-01 -2.881425321102142334e-01
-7.885694503784179688e-02 5.440540611743927002e-02
-1.120310574769973755e-01 -1.409131288528442383e-01
-4.122778177261352539e-01 5.399926900863647461e-01
-3.044515848159790039e-01 2.695149183273315430e-01
-2.684489190578460693e-01 4.726813137531280518e-01
8.505290746688842773e-01 -9.742329716682434082e-01
9.084417670965194702e-02 -2.071412838995456696e-02
-8.222229033708572388e-02 -1.009359881281852722e-01
6.388658881187438965e-01 -6.027932167053222656e-01
3.717134594917297363e-01 -3.721337020397186279e-01
-6.825562119483947754e-01 5.970954298973083496e-01
9.908002614974975586e-02 1.439881604164838791e-02
8.099080920219421387e-01 -5.217098593711853027e-01
3.659494817256927490e-01 -2.015353739261627197e-01
3.680621981620788574e-01 -2.537638843059539795e-01
4.031956195831298828e-01 -6.222223639488220215e-01
1.102528274059295654e-01 8.562845736742019653e-02
-5.743200704455375671e-02 1.510341465473175049e-01
-8.979429304599761963e-02 3.523018211126327515e-02
-8.570706844329833984e-01 8.205456137657165527e-01
-1.254202604293823242e+00 9.851940870285034180e-01
1.093544512987136841e-01 -1.531152874231338501e-01
-7.860737293958663940e-02 2.544306218624114990e-01
5.632443428039550781e-01 -4.614312052726745605e-01
5.811574459075927734e-01 -8.339099884033203125e-01
8.401861786842346191e-02 -1.247352734208106995e-01
5.359099507331848145e-01 -5.744505524635314941e-01
-6.548564434051513672e-01 6.835898756980895996e-01
4.328437745571136475e-01 -5.226517319679260254e-01
4.295516312122344971e-01 -2.423685640096664429e-01
-1.757407188415527344e-01 4.880486801266670227e-02
-1.098258852958679199e+00 1.103975772857666016e+00
-4.670131206512451172e-01 4.219071865081787109e-01
8.338508009910583496e-01 -5.713464021682739258e-01
-3.031367957592010498e-01 4.672616124153137207e-01
3.193278610706329346e-01 -5.203599333763122559e-01
2.321322262287139893e-02 8.648283779621124268e-02
2.520053684711456299e-01 -2.887000143527984619e-01
-1.586856096982955933e-01 2.917661368846893311e-01
-5.467335879802703857e-02 8.717679977416992188e-02
2.675508894026279449e-02 -3.656999766826629639e-02
8.586013913154602051e-01 -6.776935458183288574e-01
-2.484953105449676514e-01 2.064437419176101685e-01
6.122188176959753036e-03 5.464927852153778076e-02
7.826513648033142090e-01 -7.537308335304260254e-01
1.645032316446304321e-01 -1.762410998344421387e-01
2.703329622745513916e-01 -4.061441421508789062e-01
4.341208934783935547e-01 -3.632090091705322266e-01
8.469698429107666016e-01 -9.455887079238891602e-01
3.012087941169738770e-01 -3.911371231079101562e-01
-6.349717974662780762e-01 5.706325173377990723e-01
8.480934500694274902e-01 -5.387634634971618652e-01
3.362067043781280518e-01 -4.725566804409027100e-01
-4.945688843727111816e-01 5.585634112358093262e-01
6.556263566017150879e-02 -9.582506120204925537e-02
2.767285108566284180e-01 -3.341191112995147705e-01
2.467952668666839600e-01 -2.049439102411270142e-01
5.455358028411865234e-01 -6.488480567932128906e-01
-6.080684661865234375e-01 7.290201783180236816e-01
-4.028142094612121582e-01 3.245560526847839355e-01
9.124172329902648926e-01 -7.559489011764526367e-01
-2.826097607612609863e-01 2.877257764339447021e-01
5.729425549507141113e-01 -4.733930528163909912e-01
-4.194045364856719971e-01 5.039536356925964355e-01
-1.341041922569274902e-01 3.105683624744415283e-01
1.204898580908775330e-02 -3.869596403092145920e-03
3.129514399915933609e-03 1.964627020061016083e-02
-8.820555210113525391e-01 9.691452980041503906e-01
5.365138873457908630e-03 -1.898054778575897217e-01
7.596981525421142578e-01 -7.640503048896789551e-01
1.182068109512329102e+00 -1.246976494789123535e+00
-5.097393691539764404e-02 -5.994746834039688110e-02
4.938108921051025391e-01 -4.651115834712982178e-01
-5.671756267547607422e-01 3.806369006633758545e-01
-9.180215597152709961e-01 7.549294233322143555e-01
5.324167013168334961e-01 -3.308184742927551270e-01
9.880743026733398438e-01 -1.145548701286315918e+00
2.093083858489990234e-01 -1.716650575399398804e-01
5.455823540687561035e-01 -4.803904592990875244e-01
-4.038306698203086853e-02 -3.657763078808784485e-02
1.727940589189529419e-01 8.775994926691055298e-02
1.110546812415122986e-01 -1.882595419883728027e-01
4.387075081467628479e-02 -1.002828180789947510e-01
6.544774174690246582e-01 -6.276243329048156738e-01
-3.062875196337699890e-02 1.941176801919937134e-01
-1.817373931407928467e-01 -4.737645387649536133e-03
5.462004542350769043e-01 -5.756846666336059570e-01
5.018022060394287109e-01 -4.490856826305389404e-01
1.556502729654312134e-01 7.893326133489608765e-02
-6.126677989959716797e-02 -5.682314559817314148e-02
4.015701413154602051e-01 -4.229699373245239258e-01
-1.732488125562667847e-01 3.999011963605880737e-02
-5.812249779701232910e-01 6.991533637046813965e-01
-8.430347442626953125e-01 9.831732511520385742e-01
4.932205677032470703e-01 -5.681906342506408691e-01
-9.897396899759769440e-03 4.288673773407936096e-02
-1.963690519332885742e-01 3.064801990985870361e-01
-2.194665372371673584e-01 2.418675422668457031e-01
6.021209955215454102e-01 -3.357567489147186279e-01
-2.869532108306884766e-01 4.489848613739013672e-01
-3.478127419948577881e-01 3.223333656787872314e-01
-1.297596693038940430e-01 -8.152323961257934570e-02
2.296111285686492920e-01 -3.289839327335357666e-01
-1.454590409994125366e-01 2.680495083332061768e-01
-1.106227338314056396e-01 -2.563604898750782013e-02
2.785069644451141357e-01 -2.263382524251937866e-01
3.944809362292289734e-02 -2.099340707063674927e-01
1.775199770927429199e-01 1.328356415033340454e-01
6.305105984210968018e-02 -1.283954381942749023e-01
-2.504724264144897461e-01 1.169976815581321716e-01
-2.201897352933883667e-01 2.149691581726074219e-01
-7.932593822479248047e-01 8.059769868850708008e-01
3.867523968219757080e-01 -4.824050068855285645e-01
3.223893465474247932e-03 2.503485679626464844e-01
2.161523140966892242e-02 -5.708852782845497131e-02
2.903689444065093994e-01 -2.429345995187759399e-01
2.668165862560272217e-01 -1.806028485298156738e-01
2.295997738838195801e-01 -1.360779255628585815e-01
-5.776472687721252441e-01 4.532039761543273926e-01
3.681013286113739014e-01 -4.444744586944580078e-01
2.199163585901260376e-01 -2.774566709995269775e-01
1.340102404356002808e-01 -4.095244687050580978e-03
-1.509628295898437500e-01 3.510057553648948669e-02
-2.172141335904598236e-02 -1.458082944154739380e-01
5.103189870715141296e-02 2.112757116556167603e-01
6.663818359375000000e-01 -7.069644927978515625e-01
1.515259891748428345e-01 -7.435598969459533691e-02
1.904876530170440674e-01 -3.004903793334960938e-01
4.733858406543731689e-01 -6.306115388870239258e-01
-2.062032967805862427e-01 5.428500100970268250e-02
-5.097095966339111328e-01 2.746224403381347656e-01
-5.412912368774414062e-01 6.396003961563110352e-01
-4.484922587871551514e-01 4.255409240722656250e-01
7.142816781997680664e-01 -6.015118956565856934e-01
2.257563173770904541e-01 -3.034397661685943604e-01
-2.731006741523742676e-01 3.029933869838714600e-01
-2.142128199338912964e-01 3.274356424808502197e-01
-5.156874060630798340e-01 4.069279730319976807e-01
-2.888749241828918457e-01 1.926811486482620239e-01
-9.167928695678710938e-01 9.220148921012878418e-01
4.498140886425971985e-02 1.768635362386703491e-01
1.352353692054748535e-01 -1.394912004470825195e-01
-1.179765984416007996e-01 3.731493279337882996e-02
8.307491540908813477e-01 -7.697747945785522461e-01
-7.502135038375854492e-01 8.165753483772277832e-01
-8.272129893302917480e-01 8.333156108856201172e-01
3.520778119564056396e-01 -2.786210477352142334e-01
2.377111017704010010e-01 -2.934209406375885010e-01
-2.158148884773254395e-01 1.324234455823898315e-01
1.163836717605590820e-01 -1.245477795600891113e-01
3.627707660198211670e-01 -2.386565804481506348e-01
-1.773121803998947144e-01 2.068463116884231567e-01
7.078168541193008423e-02 -1.152571067214012146e-01
-6.603083014488220215e-02 2.901764512062072754e-01
-9.107629954814910889e-02 -4.855347331613302231e-03
-6.868750602006912231e-02 1.369748264551162720e-01
-3.915240615606307983e-02 1.406631916761398315e-01
-4.329746663570404053e-01 2.914419472217559814e-01
7.792236749082803726e-03 -2.117643207311630249e-01
3.590548411011695862e-02 3.807510435581207275e-02
-1.121901348233222961e-01 7.123996317386627197e-02
-1.015252023935317993e-01 3.254607692360877991e-02
3.652138635516166687e-02 1.542942374944686890e-01
-4.258871451020240784e-02 1.972670108079910278e-01
3.592348098754882812e-01 -3.773660957813262939e-01
-5.988162383437156677e-02 1.583057641983032227e-01
1.850716918706893921e-01 -1.575880646705627441e-01
-4.349132180213928223e-01 4.024251997470855713e-01
1.420640945434570312e-01 -2.650541663169860840e-01
-1.030650362372398376e-01 -6.973940134048461914e-02
2.276097983121871948e-01 -2.980695366859436035e-01
-4.250136017799377441e-01 3.352504670619964600e-01
2.309055626392364502e-02 -3.059981763362884521e-02
-4.474804997444152832e-01 4.210335314273834229e-01
1.626298427581787109e-01 -2.965302169322967529e-01
1.279090195894241333e-01 1.299753487110137939e-01
-5.312182009220123291e-02 -3.916529938578605652e-02
-5.957348346710205078e-01 4.677413702011108398e-01
-1.550869643688201904e-01 1.485656201839447021e-01
2.676387131214141846e-01 -3.979691863059997559e-01
-1.407706290483474731e-01 1.149664148688316345e-01
8.801415562629699707e-02 -2.279276400804519653e-01
-2.380958013236522675e-02 1.960193552076816559e-02
2.915036119520664215e-02 -1.419984251260757446e-01
1.284485906362533569e-01 2.341760322451591492e-02
3.042711019515991211e-01 -2.500471770763397217e-01
-1.195201799273490906e-01 1.003377437591552734e-01
6.795525550842285156e-02 -2.542608678340911865e-01
-1.175464503467082977e-02 2.996316738426685333e-02
-4.633261859416961670e-01 4.520903527736663818e-01
-1.685397922992706299e-01 -3.565210103988647461e-02
2.565360069274902344e-01 -1.555640697479248047e-01
-3.750525042414665222e-02 -3.459529951214790344e-03
1.605383604764938354e-01 -2.086803130805492401e-02
7.890295982360839844e-02 -1.859563738107681274e-01
2.967427670955657959e-01 -1.274770349264144897e-01
2.068154960870742798e-01 2.703627571463584900e-02
-2.462498378008604050e-03 9.253293275833129883e-02
7.456527091562747955e-03 -2.421507798135280609e-02
1.800630940124392509e-03 2.722407281398773193e-01
-8.564193546772003174e-02 2.273906022310256958e-01
-2.121985852718353271e-01 4.449182748794555664e-01
4.638502746820449829e-02 -7.346548140048980713e-02
-4.620073437690734863e-01 4.850940704345703125e-01
-1.176770851016044617e-01 2.099016010761260986e-01
1.298976987600326538e-01 -2.111579775810241699e-01
3.704430460929870605e-01 -3.037380576133728027e-01
3.606459796428680420e-01 -6.001076698303222656e-01
-2.650421857833862305e-01 4.230241477489471436e-02
1.654125005006790161e-02 -7.277907337993383408e-03
