-2.879491746425628662e-01 1.534484028816223145e-01
-5.333710461854934692e-02 2.413596957921981812e-01
-5.454521998763084412e-02 1.766581237316131592e-01
1.360452324151992798e-01 -1.094957664608955383e-01
2.419405132532119751e-01 -1.100413128733634949e-01
9.721795469522476196e-02 -1.676350533962249756e-01
4.543913006782531738e-01 -2.873791456222534180e-01
-1.920235902070999146e-01 2.388712465763092041e-01
6.384585797786712646e-02 -1.833721548318862915e-01
-1.369700133800506592e-01 1.403738162480294704e-03
8.557231724262237549e-02 -1.666714996099472046e-01
-8.207638561725616455e-02 7.246037013828754425e-03
-2.121320217847824097e-01 1.847644746303558350e-01
1.489382088184356689e-01 -3.860584497451782227e-01
-7.003563046455383301e-01 5.835466980934143066e-01
-4.121329784393310547e-01 2.413021475076675415e-01
4.496631324291229248e-01 -3.935754001140594482e-01
3.052042797207832336e-02 -7.136461883783340454e-02
-3.684178590774536133e-01 2.502922713756561279e-01
-3.759096190333366394e-02 -9.836713969707489014e-02
-2.352346181869506836e-01 -3.295204602181911469e-03
-7.602784037590026855e-02 2.263612858951091766e-02
3.492154479026794434e-01 -4.247875213623046875e-01
5.248706340789794922e-01 -3.590969145298004150e-01
1.728376895189285278e-01 -1.900848583318293095e-03
2.503719031810760498e-01 -1.027325987815856934e-01
-1.179382055997848511e-01 2.128007858991622925e-01
2.599909007549285889e-01 -2.333648949861526489e-01
-1.291820853948593140e-01 1.151462048292160034e-01
-1.597078591585159302e-01 6.990630924701690674e-02
-9.957787394523620605e-02 1.205488145351409912e-01
2.467317283153533936e-01 -2.410741746425628662e-01
2.013113051652908325e-01 -1.270163357257843018e-01
2.648073732852935791e-01 -4.545050263404846191e-01
2.286682277917861938e-01 -2.306437790393829346e-01
-1.661067306995391846e-01 3.627440705895423889e-02
8.548848330974578857e-02 -7.863035798072814941e-02
-9.574865549802780151e-02 8.529911935329437256e-02
-2.693064510822296143e-02 -5.395550653338432312e-02
7.653728127479553223e-02 -1.001576930284500122e-01
2.265108516439795494e-03 1.909131556749343872e-01
-1.860635727643966675e-02 8.223775774240493774e-02
1.710778027772903442e-01 -4.210069030523300171e-02
-9.717321395874023438e-02 -1.172274276614189148e-01
5.085773020982742310e-02 5.086823925375938416e-02
1.488197445869445801e-01 -1.572183221578598022e-01
-6.327523384243249893e-03 -1.001816894859075546e-02
-6.211049854755401611e-02 9.647020697593688965e-02
-2.178559452295303345e-02 1.127185225486755371e-01
5.083374679088592529e-02 1.804861873388290405e-01
-2.308213710784912109e-01 2.057335823774337769e-01
-6.693352758884429932e-02 1.483825594186782837e-01
6.012738943099975586e-01 -4.747986197471618652e-01
8.632067590951919556e-02 -9.267136454582214355e-02
2.544293105602264404e-01 -3.920862078666687012e-01
8.812993019819259644e-02 -4.906710237264633179e-02
-5.505226850509643555e-01 5.294821262359619141e-01
1.825619041919708252e-01 -7.413261383771896362e-02
4.555516541004180908e-01 -3.892928957939147949e-01
-2.269586324691772461e-01 2.963977754116058350e-01
1.634194403886795044e-01 -8.783864229917526245e-02
-1.683311015367507935e-01 1.932048350572586060e-01
6.369521841406822205e-03 -2.009194642305374146e-01
1.387187540531158447e-01 -2.781337872147560120e-02
-8.692543506622314453e-01 9.408068060874938965e-01
-5.829564332962036133e-01 7.032427191734313965e-01
-1.516035944223403931e-01 2.074750959873199463e-01
7.930917739868164062e-01 -8.709942698478698730e-01
7.165335863828659058e-02 3.564549237489700317e-02
-1.513720303773880005e-01 8.759446442127227783e-02
1.024064421653747559e+00 -1.143280744552612305e+00
2.288455143570899963e-02 6.129932403564453125e-02
4.781522452831268311e-01 -5.621977448463439941e-01
-9.969052076339721680e-01 1.062715768814086914e+00
2.729551792144775391e-01 -1.997100561857223511e-01
-7.150860428810119629e-01 5.600460767745971680e-01
-4.023865163326263428e-01 4.403931796550750732e-01
2.083962410688400269e-01 -1.217976212501525879e-01
-1.106360673904418945e+00 9.944246411323547363e-01
2.120691090822219849e-01 1.488955169916152954e-01
2.512315511703491211e-01 -2.966493368148803711e-01
-2.738237082958221436e-01 4.575067460536956787e-01
-3.318188190460205078e-01 3.663347363471984863e-01
5.564727783203125000e-01 -5.537056326866149902e-01
-2.236914634704589844e-01 3.550054132938385010e-01
2.299307137727737427e-01 -2.319040149450302124e-01
5.111218690872192383e-01 -3.729654550552368164e-01
7.410479784011840820e-01 -9.993720054626464844e-01
2.139119654893875122e-01 -2.349385768175125122e-01
8.687335848808288574e-01 -8.308250904083251953e-01
-3.839500248432159424e-02 -1.093710660934448242e-01
7.071332931518554688e-01 -8.159910440444946289e-01
-4.864641129970550537e-01 4.474630951881408691e-01
-2.809822559356689453e-01 3.109413981437683105e-01
5.013251304626464844e-01 -5.224586725234985352e-01
2.048087120056152344e-01 -2.446931004524230957e-01
-1.606115549802780151e-01 1.253831237554550171e-01
7.476946115493774414e-01 -6.870590448379516602e-01
2.812066376209259033e-01 -3.804752230644226074e-01
3.896959125995635986e-01 -4.273004531860351562e-01
-1.307360641658306122e-02 -2.953602559864521027e-02
-4.769653379917144775e-01 5.923638939857482910e-01
1.277999877929687500e-01 -2.626314759254455566e-01
1.389959305524826050e-01 -6.419803202152252197e-02
1.022688150405883789e-01 -1.976916380226612091e-02
-5.796770378947257996e-02 1.322373747825622559e-01
-6.926935911178588867e-02 -1.722780764102935791e-01
-2.260825335979461670e-01 1.325715482234954834e-01
9.299056231975555420e-02 -7.086605578660964966e-02
-3.352069854736328125e-01 2.388842999935150146e-01
-3.148342967033386230e-01 3.158402144908905029e-01
-6.474070549011230469e-01 4.781942963600158691e-01
-2.355528026819229126e-01 2.429212182760238647e-01
2.763079106807708740e-01 -5.067211985588073730e-01
-2.642363607883453369e-01 3.122165203094482422e-01
1.774824112653732300e-01 -1.167650669813156128e-01
1.098455905914306641e+00 -1.078020930290222168e+00
1.987700313329696655e-01 -2.179385125637054443e-01
6.347295641899108887e-01 -7.834901213645935059e-01
-1.737816035747528076e-01 4.350164905190467834e-02
-9.582556486129760742e-01 1.001253008842468262e+00
-1.006330251693725586e-01 1.255495697259902954e-01
9.854461550712585449e-01 -1.025124192237854004e+00
1.421229541301727295e-02 3.306699916720390320e-02
6.700851321220397949e-01 -6.203793883323669434e-01
2.260237485170364380e-01 -2.764163315296173096e-01
1.681764237582683563e-02 3.880156204104423523e-02
6.091664433479309082e-01 -6.419482231140136719e-01
-7.400142550468444824e-01 5.046374797821044922e-01
-2.730632722377777100e-01 2.368485182523727417e-01
1.860849708318710327e-01 -1.917604357004165649e-01
1.723194271326065063e-01 4.019413515925407410e-02
8.337247967720031738e-01 -9.089438915252685547e-01
4.666139557957649231e-02 2.714188769459724426e-02
3.170935213565826416e-01 -2.892540395259857178e-01
-2.170180976390838623e-01 -1.378442347049713135e-01
7.399498224258422852e-01 -7.460023164749145508e-01
-4.061960577964782715e-01 7.012391090393066406e-01
-1.419478952884674072e-01 2.046639919281005859e-01
-7.621219158172607422e-01 7.899560928344726562e-01
-4.939236864447593689e-02 3.746594302356243134e-04
2.665197849273681641e-01 -2.570867538452148438e-01
-4.343757927417755127e-01 2.887911796569824219e-01
3.683309555053710938e-01 -3.082645833492279053e-01
-1.648335158824920654e-02 -2.400778234004974365e-01
1.481411606073379517e-01 -7.564366608858108521e-02
-1.015287637710571289e-01 3.127266764640808105e-01
6.474843025207519531e-01 -3.891447782516479492e-01
-4.606268107891082764e-01 4.469232559204101562e-01
2.331526428461074829e-01 -3.272046148777008057e-01
1.388883739709854126e-01 -2.273107022047042847e-01
-1.829792112112045288e-01 5.601288378238677979e-02
9.398019313812255859e-02 -1.898690462112426758e-01
4.305918812751770020e-01 -3.079679012298583984e-01
-3.454762697219848633e-02 3.230614364147186279e-01
7.805483341217041016e-01 -8.923055529594421387e-01
2.522828876972198486e-01 -2.259590327739715576e-01
-3.915905058383941650e-01 2.990582287311553955e-01
6.505932211875915527e-01 -6.615056991577148438e-01
-3.021969497203826904e-01 2.431185096502304077e-01
3.094598650932312012e-01 -1.533412784337997437e-01
-1.104445289820432663e-02 3.090747818350791931e-02
8.550652116537094116e-02 -1.775476783514022827e-01
4.474916160106658936e-01 -4.904036819934844971e-01
7.556582987308502197e-02 -1.198026165366172791e-01
-4.139398336410522461e-01 5.539504289627075195e-01
2.252276986837387085e-01 -3.673043847084045410e-01
7.789500355720520020e-01 -9.776843190193176270e-01
9.819740802049636841e-02 1.766590517945587635e-03
-8.387109041213989258e-01 1.000635504722595215e+00
-1.340343952178955078e-01 1.672408729791641235e-01
-1.169145405292510986e-01 5.704167112708091736e-02
-3.229054808616638184e-02 -6.212443858385086060e-02
9.932869672775268555e-01 -8.387492299079895020e-01
3.547998964786529541e-01 -2.895311415195465088e-01
-5.397598743438720703e-01 5.131552219390869141e-01
-9.809888154268264771e-02 4.535968601703643799e-02
9.783657193183898926e-01 -1.038380622863769531e+00
1.209714710712432861e-01 -2.119125127792358398e-01
-3.092719614505767822e-01 2.783213555812835693e-01
1.811935603618621826e-01 -1.262644231319427490e-01
2.377561926841735840e-01 -3.372356295585632324e-01
4.663274064660072327e-02 -1.515725906938314438e-02
-3.354888781905174255e-02 5.751277878880500793e-02
-2.794600427150726318e-01 -4.182094708085060120e-02
8.945925161242485046e-03 1.012545377016067505e-01
4.478752315044403076e-01 -3.500748276710510254e-01
1.406891737133264542e-03 -3.204000741243362427e-02
1.756652593612670898e-01 -2.791894078254699707e-01
-2.974828183650970459e-01 4.332865774631500244e-01
2.063114196062088013e-01 -5.533227697014808655e-02
3.967707231640815735e-02 2.674786932766437531e-02
-1.520169377326965332e-01 -3.926761075854301453e-02
2.455540234223008156e-03 1.147838458418846130e-01
-2.157616019248962402e-01 1.160535812377929688e-01
-1.756204217672348022e-01 7.802113145589828491e-02
2.229408174753189087e-01 -2.147209793329238892e-01
2.748688161373138428e-01 -2.782063186168670654e-01
-1.270206295885145664e-03 -4.472703859210014343e-02
-3.618494868278503418e-01 1.053610518574714661e-01
9.846908599138259888e-02 -3.506084680557250977e-01
-6.230445578694343567e-02 1.613177657127380371e-01
1.197858825325965881e-01 1.686306856572628021e-02
-2.986795902252197266e-01 3.066498041152954102e-01
5.539556220173835754e-02 -6.078607589006423950e-02
2.702924907207489014e-01 -6.785514205694198608e-02
-1.164761260151863098e-01 -4.634097684174776077e-03
1.583727598190307617e-01 -7.578507810831069946e-02
3.382330834865570068e-01 -4.672811031341552734e-01
-2.161134779453277588e-02 -1.533915102481842041e-01
3.033912368118762970e-02 1.469421684741973877e-01
2.740201912820339203e-02 1.596717983484268188e-01
-6.348782777786254883e-02 9.035631269216537476e-02
3.696745932102203369e-01 -1.314447820186614990e-01
9.366583824157714844e-02 -1.616819351911544800e-01
-1.956893652677536011e-01 2.709932923316955566e-01
1.561860740184783936e-02 9.243595413863658905e-03
2.076826989650726318e-02 -1.165404841303825378e-01
2.510951831936836243e-02 2.920437045395374298e-02
-1.858970895409584045e-02 1.259243488311767578e-01
2.933636009693145752e-01 -3.025339245796203613e-01
2.497366070747375488e-02 -8.674225956201553345e-02
1.271782368421554565e-01 -6.672799587249755859e-02
-9.869924932718276978e-02 3.573822975158691406e-02
-2.074684016406536102e-02 1.705123670399188995e-02
1.495516747236251831e-01 7.430117577314376831e-02
2.763778865337371826e-01 -3.508733212947845459e-01
2.296261191368103027e-01 -2.184164822101593018e-01
-1.285609602928161621e-02 1.987583935260772705e-01
-7.506734132766723633e-02 1.836451590061187744e-01
-1.382648199796676636e-01 1.479578912258148193e-01
3.620095551013946533e-01 -2.213813364505767822e-01
1.497974097728729248e-01 -2.733711004257202148e-01
7.628019154071807861e-02 9.963310509920120239e-02
-2.105806916952133179e-01 1.873425841331481934e-01
-1.504365056753158569e-01 9.561064839363098145e-02
-3.324273824691772461e-01 2.757486701011657715e-01
3.622432425618171692e-02 -2.291878014802932739e-01
-2.772159278392791748e-01 1.651192754507064819e-01
1.695847362279891968e-01 -2.926681339740753174e-01
-1.591074168682098389e-01 -5.225610733032226562e-02
3.198885917663574219e-01 -3.191274106502532959e-01
2.302789688110351562e-01 -1.353749483823776245e-01
-2.065203525125980377e-02 -5.019273608922958374e-02
2.627003192901611328e-01 -6.017339602112770081e-02
7.305884361267089844e-02 3.365916386246681213e-02
1.238224133849143982e-01 -1.048441305756568909e-01
-6.492785364389419556e-02 -4.234533756971359253e-02
7.809597253799438477e-02 -2.105572670698165894e-01
-2.125051915645599365e-01 1.429488658905029297e-01
1.065570935606956482e-01 -4.494948685169219971e-02
-1.357172727584838867e-01 1.870160549879074097e-01
6.613359600305557251e-02 9.099389612674713135e-02
-6.301806122064590454e-02 1.599619686603546143e-01
-3.146407008171081543e-02 1.249235272407531738e-01
2.496916055679321289e-02 -6.883064657449722290e-02
