1.675857454538345337e-01 -4.312679171562194824e-02
1.623632162809371948e-01 -3.923431038856506348e-01
-2.891612946987152100e-01 1.835282593965530396e-01
-1.004298180341720581e-01 9.235978871583938599e-02
3.221690282225608826e-02 7.578002661466598511e-02
8.949251472949981689e-02 -9.963238239288330078e-02
1.905524432659149170e-01 -1.754210293292999268e-01
-1.918279826641082764e-01 -1.306997239589691162e-01
2.258210033178329468e-01 -1.266212612390518188e-01
1.410160958766937256e-01 -3.815544396638870239e-02
-2.176333405077457428e-02 1.663097143173217773e-01
-1.844891011714935303e-01 4.812939465045928955e-02
-8.874992281198501587e-02 -7.856041938066482544e-02
-3.004826307296752930e-01 1.116641908884048462e-01
-9.342965483665466309e-02 6.242531351745128632e-03
-2.002380192279815674e-01 -9.745669364929199219e-02
-1.064327210187911987e-01 -1.065462380647659302e-01
-3.748519346117973328e-02 -6.418788433074951172e-02
1.339637637138366699e-01 -1.142030134797096252e-01
2.809830754995346069e-02 -2.430735826492309570e-01
1.214730292558670044e-01 -2.314872890710830688e-01
7.500743027776479721e-03 -1.775868237018585205e-01
2.220596931874752045e-02 4.792895913124084473e-02
1.942196041345596313e-01 -1.504548788070678711e-01
9.108842350542545319e-03 -2.526078224182128906e-01
-1.033602729439735413e-01 -6.113393232226371765e-03
-1.063654050230979919e-01 9.031288325786590576e-02
2.170259207487106323e-01 -5.361355468630790710e-02
2.467569150030612946e-02 -1.744418889284133911e-01
3.030345775187015533e-02 -1.961963027715682983e-01
4.569502174854278564e-02 -2.051958143711090088e-01
2.264010906219482422e-02 1.049665808677673340e-01
1.738142967224121094e-01 -2.140968143939971924e-01
8.648908883333206177e-02 2.643592096865177155e-02
1.886276155710220337e-02 9.448029100894927979e-02
4.628847539424896240e-02 -9.766662865877151489e-02
7.077812403440475464e-02 -8.765089511871337891e-02
-2.260292619466781616e-01 5.295399948954582214e-02
-1.054718345403671265e-01 1.859845370054244995e-01
-2.129835188388824463e-01 1.731096059083938599e-01
-1.661125570535659790e-01 1.415126025676727295e-01
-1.835218220949172974e-01 3.985916264355182648e-03
-4.110194742679595947e-02 8.111222833395004272e-02
-1.808721721172332764e-01 5.783368274569511414e-02
-9.189210832118988037e-02 1.953450143337249756e-01
1.489787846803665161e-01 -5.293198674917221069e-02
-9.269928187131881714e-02 1.103586852550506592e-01
-1.737590879201889038e-01 -3.445057570934295654e-02
-1.571677811443805695e-02 1.500957161188125610e-01
6.389845907688140869e-02 -2.087037563323974609e-01
-5.681740865111351013e-02 7.006005942821502686e-02
-2.687003649771213531e-02 1.869154721498489380e-01
-6.494312547147274017e-03 -7.440156489610671997e-02
8.020385354757308960e-02 9.282853454351425171e-02
6.916999071836471558e-02 2.418934926390647888e-02
-6.021987274289131165e-02 -8.719785511493682861e-02
-1.170623451471328735e-01 1.119689121842384338e-01
-3.472154214978218079e-02 4.992428049445152283e-02
1.934258341789245605e-01 -8.061137795448303223e-02
1.609011441469192505e-01 -1.378642469644546509e-01
8.037929423153400421e-03 1.192639321088790894e-01
-5.151501297950744629e-02 1.074403449892997742e-01
1.190947815775871277e-01 1.054386720061302185e-01
-3.247070610523223877e-01 7.194665819406509399e-02
-1.104150936007499695e-01 8.000310510396957397e-02
7.592131197452545166e-02 -3.212887644767761230e-01
8.735628426074981689e-02 -1.229351907968521118e-01
1.470440812408924103e-02 5.166644696146249771e-04
8.721727132797241211e-02 -2.035042643547058105e-01
2.396903932094573975e-01 -4.107628464698791504e-01
-1.676476150751113892e-01 1.282198280096054077e-01
-4.104645550251007080e-02 2.145711481571197510e-01
-2.320599704980850220e-01 3.768431022763252258e-02
-2.436484396457672119e-01 1.254078000783920288e-01
1.939967274665832520e-01 -2.113379389047622681e-01
5.029004439711570740e-02 -2.481903322041034698e-02
1.514990776777267456e-01 -1.559376716613769531e-01
-1.372736245393753052e-01 1.175814196467399597e-01
-1.226954534649848938e-01 1.857082694768905640e-01
-2.293145656585693359e-02 2.576126344501972198e-02
2.961024828255176544e-02 1.053478196263313293e-01
1.968262195587158203e-01 -7.423695176839828491e-02
6.792107224464416504e-02 1.419758200645446777e-01
1.907958388328552246e-01 -1.490741670131683350e-01
3.518412709236145020e-01 -3.176896367222070694e-03
1.640961766242980957e-01 -2.092675864696502686e-01
2.074932008981704712e-01 -3.520449101924896240e-01
2.625702023506164551e-01 -1.265909373760223389e-01
1.129520460963249207e-01 -7.998617738485336304e-02
2.785454988479614258e-01 -1.258141249418258667e-01
1.667099595069885254e-01 -7.758063077926635742e-02
-7.347213476896286011e-02 -1.147937867790460587e-02
3.530921787023544312e-02 8.160877972841262817e-03
-7.229843735694885254e-02 1.643748134374618530e-01
-2.697362601757049561e-01 2.102009952068328857e-01
-3.265992924571037292e-02 4.109658300876617432e-03
9.855709969997406006e-03 -4.442633315920829773e-02
-6.855951994657516479e-02 5.247488617897033691e-02
-2.948887273669242859e-02 4.180792719125747681e-02
1.622265428304672241e-01 -7.089394330978393555e-02
8.719349652528762817e-02 -2.215494960546493530e-01
-1.578119844198226929e-01 1.686920523643493652e-01
1.873801648616790771e-01 -1.645349562168121338e-01
-1.064162701368331909e-02 -1.153290867805480957e-01
-1.048977598547935486e-01 -1.104492694139480591e-02
-2.312749624252319336e-01 6.033340469002723694e-02
-1.017965301871299744e-01 -1.911078095436096191e-01
8.690777420997619629e-02 5.217577144503593445e-02
5.459520965814590454e-02 -2.181404531002044678e-01
-7.083126902580261230e-02 2.402207255363464355e-01
-2.315799444913864136e-01 2.365882545709609985e-01
-1.523238327354192734e-02 1.578313708305358887e-01
-8.040410280227661133e-02 1.176910996437072754e-01
6.184739992022514343e-02 2.292886525392532349e-01
-5.886023864150047302e-02 -1.143879890441894531e-01
2.426804751157760620e-01 -7.884668558835983276e-02
3.554347455501556396e-01 -1.520456075668334961e-01
-1.879662126302719116e-01 1.525486558675765991e-01
2.970350384712219238e-01 3.444238752126693726e-02
1.511313617229461670e-01 -1.119072586297988892e-01
-1.564966738224029541e-01 4.668562486767768860e-02
1.765148527920246124e-02 4.943408071994781494e-02
2.093468559905886650e-03 4.326173663139343262e-02
-2.136989384889602661e-01 1.780776381492614746e-01
1.594468057155609131e-01 -2.833492755889892578e-01
-1.013899743556976318e-01 4.826779291033744812e-02
-2.786215580999851227e-02 1.582035273313522339e-01
-4.493732377886772156e-02 5.020189285278320312e-02
-8.596432954072952271e-02 8.385131508111953735e-02
4.465087130665779114e-02 -5.434545502066612244e-02
-7.179538160562515259e-02 6.976219266653060913e-02
-2.361120581626892090e-01 2.642248868942260742e-01
1.602880805730819702e-01 -1.797076910734176636e-01
2.812221348285675049e-01 -4.079483076930046082e-02
1.000815853476524353e-01 -8.335161954164505005e-03
1.286734491586685181e-01 -2.589308619499206543e-01
1.453714817762374878e-01 -1.150000840425491333e-01
5.364562198519706726e-02 -1.531892418861389160e-01
8.865839987993240356e-02 -7.120656967163085938e-02
-1.971470564603805542e-01 1.418478339910507202e-01
4.907633736729621887e-02 -1.592003554105758667e-01
2.891336940228939056e-02 5.275708436965942383e-02
1.119287684559822083e-01 8.915495127439498901e-02
-5.729245394468307495e-02 9.320858120918273926e-02
5.033891275525093079e-02 2.570647299289703369e-01
-1.429235003888607025e-02 9.717874974012374878e-02
3.083294816315174103e-02 -2.137562632560729980e-01
5.297298356890678406e-02 5.702119786292314529e-03
-1.335536092519760132e-01 2.792317979037761688e-02
1.460605263710021973e-01 -1.839555203914642334e-01
2.221383303403854370e-01 4.192880541086196899e-02
2.385131455957889557e-02 -1.564867421984672546e-02
1.684185713529586792e-01 -9.574253857135772705e-02
-3.199850618839263916e-01 2.066477835178375244e-01
1.492438316345214844e-01 -1.131462026387453079e-02
-3.110207617282867432e-02 -1.495369225740432739e-01
-1.308529525995254517e-01 2.303379029035568237e-01
-1.997853256762027740e-02 1.938928961753845215e-01
-7.666358351707458496e-02 -6.388278678059577942e-03
-8.774238079786300659e-02 1.005008295178413391e-01
1.196622475981712341e-01 -7.983145862817764282e-02
1.388787478208541870e-01 -8.750604093074798584e-02
1.084185242652893066e-01 3.893447667360305786e-02
1.642943173646926880e-01 -9.413349628448486328e-02
-2.369092106819152832e-01 3.077407777309417725e-01
-2.795820236206054688e-01 7.462972402572631836e-02
-4.581311717629432678e-02 1.293176561594009399e-01
-3.592123463749885559e-02 1.020738780498504639e-01
9.979328513145446777e-02 -2.076631337404251099e-01
-1.449283361434936523e-01 3.459407761693000793e-02
1.411678791046142578e-01 -2.791136205196380615e-01
-2.683577872812747955e-02 1.067407205700874329e-01
-1.027810946106910706e-02 -1.531988382339477539e-01
-2.946654520928859711e-02 1.663165241479873657e-01
8.797294646501541138e-02 2.833074331283569336e-01
-1.242915913462638855e-01 2.275130301713943481e-01
-4.313991218805313110e-02 -3.745693480595946312e-03
-5.169078707695007324e-02 1.299058049917221069e-01
-1.427950710058212280e-01 -1.296345740556716919e-01
-1.506757438182830811e-01 -3.183660656213760376e-02
3.011938333511352539e-01 -2.611444294452667236e-01
-3.341930359601974487e-02 -2.086054235696792603e-01
1.926880925893783569e-01 5.250608548521995544e-02
7.137849181890487671e-02 -1.067103296518325806e-01
1.296804249286651611e-01 1.245353557169437408e-02
-1.662666350603103638e-02 -8.911811560392379761e-02
1.203105300664901733e-01 -1.072920411825180054e-01
2.664430141448974609e-01 -2.690652757883071899e-02
2.836438715457916260e-01 -1.840498000383377075e-01
5.069297179579734802e-02 -4.417920485138893127e-02
-2.509726285934448242e-01 1.183856204152107239e-01
-5.816147103905677795e-02 -9.199249744415283203e-02
-1.304717063903808594e-01 1.270678788423538208e-01
8.199460059404373169e-02 -1.290479451417922974e-01
-2.317056059837341309e-01 1.241389513015747070e-01
-1.314274668693542480e-01 2.555369138717651367e-01
5.499286577105522156e-02 -7.747712731361389160e-02
-4.875830933451652527e-02 -1.020314916968345642e-02
8.883181214332580566e-02 -2.427101284265518188e-01
1.153009943664073944e-02 -7.659246772527694702e-02
-1.049587056040763855e-01 8.253094553947448730e-02
-2.295783609151840210e-01 1.948305591940879822e-02
1.631539016962051392e-01 2.339432574808597565e-02
1.263131052255630493e-01 1.044725477695465088e-01
6.685177236795425415e-02 -2.945325896143913269e-02
3.119923733174800873e-02 1.230877414345741272e-01
-1.220204606652259827e-01 1.875361949205398560e-01
-2.992792427539825439e-02 -1.589719802141189575e-01
-1.533067822456359863e-01 -2.315984666347503662e-02
6.233094260096549988e-02 -6.690128147602081299e-02
1.024753376841545105e-01 5.071199312806129456e-02
-2.552482858300209045e-02 6.389979273080825806e-03
-1.147236227989196777e-01 1.964910030364990234e-01
-5.131233111023902893e-02 -1.064299196004867554e-01
-3.011800348758697510e-01 1.651459932327270508e-01
1.056396216154098511e-01 9.142570942640304565e-02
4.605720564723014832e-02 -1.463454216718673706e-01
-8.061248809099197388e-02 2.716093063354492188e-01
-1.405248939990997314e-01 -7.564755529165267944e-02
6.568654626607894897e-02 -6.295418739318847656e-02
3.261937201023101807e-02 -1.626227498054504395e-01
1.643712669610977173e-01 -1.203015521168708801e-01
-4.595443978905677795e-02 4.753443226218223572e-02
-2.726120352745056152e-01 1.320327371358871460e-01
1.124316006898880005e-01 -2.960486412048339844e-01
1.747745424509048462e-01 -7.611203938722610474e-02
1.056424528360366821e-01 -1.571162343025207520e-01
-3.596877679228782654e-02 1.602700948715209961e-01
2.357876300811767578e-01 -1.186113134026527405e-01
-1.550421863794326782e-01 2.495580464601516724e-01
3.319434821605682373e-03 1.896873265504837036e-01
1.851672679185867310e-01 -3.331099748611450195e-01
-2.384610287845134735e-02 2.255616895854473114e-02
-1.482635736465454102e-01 1.128356456756591797e-01
1.342804580926895142e-01 5.708494037389755249e-02
-1.284549105912446976e-02 5.390546470880508423e-02
6.251048296689987183e-02 -5.624297261238098145e-02
-1.366701722145080566e-01 1.006878986954689026e-01
-2.676616013050079346e-01 1.835791617631912231e-01
1.443354338407516479e-01 -4.854951985180377960e-03
-1.776162385940551758e-01 4.105662181973457336e-02
-3.852770477533340454e-02 1.554001271724700928e-01
7.349144667387008667e-03 7.096175849437713623e-02
3.601018339395523071e-02 -1.307890713214874268e-01
1.616148650646209717e-01 -2.686643004417419434e-01
-1.393587440252304077e-01 5.455087125301361084e-02
-7.076003402471542358e-02 2.591012716293334961e-01
1.682896614074707031e-01 -4.416341334581375122e-02
1.317061111330986023e-02 -1.400198042392730713e-01
6.734306365251541138e-02 -1.094243079423904419e-01
-1.084219440817832947e-01 -1.300072669982910156e-01
-5.933494865894317627e-02 -1.675819903612136841e-01
-2.258994057774543762e-02 2.545109689235687256e-01
7.551916688680648804e-02 1.073393747210502625e-01
-1.473701000213623047e-02 1.436282843351364136e-01
1.834608055651187897e-02 3.138579055666923523e-02
