2.728351205587387085e-02 1.026002317667007446e-01
1.519398987293243408e-01 -1.050886288285255432e-01
-1.592629775404930115e-02 -1.273407600820064545e-02
-1.516187191009521484e-02 7.800255715847015381e-02
-1.858159154653549194e-01 1.895088255405426025e-01
2.524641156196594238e-02 1.630530655384063721e-01
-4.995503276586532593e-02 -3.256770595908164978e-02
-3.161049187183380127e-01 2.210346013307571411e-01
-9.142301045358181000e-03 -1.016817465424537659e-01
1.698692888021469116e-01 -1.836836636066436768e-01
9.889526665210723877e-02 -4.386072605848312378e-02
1.041300315409898758e-02 3.074592910706996918e-02
-1.131663843989372253e-01 1.179818063974380493e-01
2.481450289487838745e-01 -7.318931072950363159e-02
-3.151762485504150391e-02 -9.753449261188507080e-02
6.635343283414840698e-02 -7.200957834720611572e-02
2.329493314027786255e-02 3.694857284426689148e-02
2.409035712480545044e-02 -5.647093430161476135e-02
2.269154787063598633e-01 -1.627922952175140381e-01
-1.749832928180694580e-01 1.657061576843261719e-01
2.200889438390731812e-01 1.612619310617446899e-02
-6.423524767160415649e-02 -3.725340589880943298e-02
-1.474402695894241333e-01 1.741570085287094116e-01
-2.242381572723388672e-01 2.662882208824157715e-01
5.977020412683486938e-02 -4.862422496080398560e-02
-2.404493093490600586e-01 3.071075305342674255e-02
5.073989182710647583e-02 -1.541221737861633301e-01
-1.810884475708007812e-02 2.163901925086975098e-01
2.295370548963546753e-01 -5.631774291396141052e-02
-5.800012499094009399e-02 3.124128654599189758e-02
7.048995047807693481e-02 -6.846439093351364136e-02
5.578995682299137115e-03 -1.380091160535812378e-01
1.108828559517860413e-01 -2.446473091840744019e-01
-1.972315460443496704e-02 -9.463917464017868042e-02
-1.084836572408676147e-01 1.740267574787139893e-01
2.699317634105682373e-01 -1.277818251401185989e-02
6.210005283355712891e-02 -4.273584112524986267e-02
-3.823442757129669189e-02 -5.400793626904487610e-02
-5.846959352493286133e-02 6.216622516512870789e-02
9.522957354784011841e-02 -2.390658259391784668e-01
2.564555406570434570e-01 -1.448239833116531372e-01
-1.002455055713653564e-01 3.903227299451828003e-02
-1.353455334901809692e-01 2.056789696216583252e-01
-6.040439754724502563e-02 -2.458125352859497070e-01
9.131803363561630249e-02 -2.807877361774444580e-01
2.926104143261909485e-02 -8.556447923183441162e-02
-9.210855513811111450e-02 1.116784065961837769e-01
2.328660488128662109e-01 -2.936448156833648682e-01
2.706656455993652344e-01 -3.307161629199981689e-01
4.227716941386461258e-03 9.182627499103546143e-02
2.511979080736637115e-03 2.058071643114089966e-01
5.313173308968544006e-02 1.434749960899353027e-01
-8.180238306522369385e-02 7.116491347551345825e-02
1.098742410540580750e-01 -1.199576035141944885e-01
3.776955977082252502e-02 -5.695114657282829285e-02
-1.954484283924102783e-01 -2.603658474981784821e-02
8.121564984321594238e-02 -7.438867539167404175e-02
-9.100429713726043701e-02 -6.611082702875137329e-02
1.835184097290039062e-01 -2.577112317085266113e-01
4.145018383860588074e-02 7.146291434764862061e-02
3.218494653701782227e-01 -7.833899557590484619e-02
-1.425059884786605835e-01 4.209421202540397644e-02
1.648727059364318848e-01 -4.953571781516075134e-02
1.966866850852966309e-01 -8.855194598436355591e-02
1.220625340938568115e-01 1.567965932190418243e-02
-4.324342682957649231e-02 1.280211508274078369e-01
-1.540315151214599609e-02 1.580652892589569092e-01
-2.372238226234912872e-02 4.981071501970291138e-02
-1.284971982240676880e-01 2.739817202091217041e-01
-8.181183785200119019e-02 -3.076869435608386993e-02
1.061917468905448914e-01 -2.526614628732204437e-02
8.405947685241699219e-02 5.009586364030838013e-02
-1.481070518493652344e-01 1.644271984696388245e-02
-6.007023155689239502e-02 -4.261128976941108704e-02
1.642113775014877319e-01 6.053215824067592621e-03
-1.803577691316604614e-01 5.051358602941036224e-03
-8.393575251102447510e-02 2.005996108055114746e-01
1.466241329908370972e-01 -1.154534444212913513e-01
3.759625554084777832e-02 -1.544332653284072876e-01
1.473054885864257812e-01 -1.908352375030517578e-01
1.125388145446777344e-01 -7.098615169525146484e-02
-9.400925040245056152e-02 -2.072013542056083679e-02
3.637021174654364586e-03 -1.377317775040864944e-02
-1.775412857532501221e-01 8.731207251548767090e-02
7.536803930997848511e-02 -1.182040795683860779e-01
1.251889169216156006e-01 -8.384869992733001709e-02
-4.719517007470130920e-02 2.859737956896424294e-03
-2.638566493988037109e-01 2.078545093536376953e-01
2.267219573259353638e-01 -1.586001515388488770e-01
1.037872433662414551e-01 9.683100134134292603e-02
-1.672392338514328003e-01 2.249632328748703003e-01
2.643031179904937744e-01 -1.860478967428207397e-01
-1.924478113651275635e-01 -1.088045816868543625e-02
-2.112819999456405640e-01 1.247528865933418274e-01
-6.982417404651641846e-02 -8.775036782026290894e-02
1.266195923089981079e-01 -1.788038760423660278e-01
-1.247828528285026550e-01 -2.149617522954940796e-01
-2.179222851991653442e-01 1.459678411483764648e-01
-3.494074195623397827e-02 4.743752628564834595e-02
4.227431863546371460e-02 -7.782090920954942703e-03
-2.762461826205253601e-02 3.127804771065711975e-02
3.189041838049888611e-02 -1.184973791241645813e-01
1.958917230367660522e-01 -1.647786498069763184e-01
1.122238710522651672e-01 -4.043509438633918762e-02
1.455160081386566162e-01 -1.929095759987831116e-02
6.428730487823486328e-02 -1.108938604593276978e-01
8.331609517335891724e-02 -1.784427016973495483e-01
-1.094859391450881958e-01 1.039090827107429504e-01
-2.191281765699386597e-01 -6.462597101926803589e-02
-4.829362779855728149e-02 2.575916647911071777e-01
2.388420514762401581e-02 -1.510141789913177490e-01
9.886177722364664078e-04 7.193717360496520996e-02
9.166950732469558716e-02 1.540147699415683746e-02
-9.909243881702423096e-02 3.616519272327423096e-02
-1.115929260849952698e-01 4.850463196635246277e-02
-1.182077005505561829e-01 -6.807624548673629761e-02
7.003342360258102417e-02 -4.721137881278991699e-02
2.050329446792602539e-01 -1.139649525284767151e-01
-9.922726452350616455e-02 -4.979306086897850037e-02
-1.070341020822525024e-01 1.797195523977279663e-01
3.292595222592353821e-02 -3.525753319263458252e-02
3.085755556821823120e-02 -3.456506878137588501e-02
-2.621807456016540527e-01 1.278187334537506104e-01
-1.291852444410324097e-01 1.448242068290710449e-01
2.034687437117099762e-02 -4.903711006045341492e-02
1.244354397058486938e-01 -1.752912104129791260e-01
1.213492304086685181e-01 8.593066036701202393e-02
2.492727488279342651e-01 1.193640381097793579e-01
4.872366786003112793e-02 -1.707320213317871094e-01
5.517206713557243347e-02 -4.088237881660461426e-02
3.025169484317302704e-02 3.251969441771507263e-02
-1.856488138437271118e-01 8.908966183662414551e-02
-4.864093288779258728e-02 7.645717263221740723e-02
-1.011719405651092529e-01 1.266206353902816772e-01
-2.842585742473602295e-02 1.030005067586898804e-01
-2.005463987588882446e-01 2.635454833507537842e-01
5.950458813458681107e-03 4.791019484400749207e-02
-7.947891019284725189e-03 -6.428025662899017334e-02
6.052854657173156738e-02 -2.798221409320831299e-01
3.581827972084283829e-03 2.111078053712844849e-01
1.024819239974021912e-01 -1.860559582710266113e-01
2.585192918777465820e-01 -2.436465770006179810e-01
-4.154124110937118530e-02 2.770500024780631065e-03
3.206210955977439880e-02 -1.967417448759078979e-01
5.239229649305343628e-02 -1.039790511131286621e-01
-9.978569298982620239e-02 2.134249508380889893e-01
6.833364069461822510e-02 -5.194458365440368652e-02
-1.880178302526473999e-01 -8.923071622848510742e-02
-3.541756793856620789e-02 -1.568695753812789917e-01
1.396224796772003174e-01 -7.156630605459213257e-02
-2.159264497458934784e-02 1.419239938259124756e-01
-2.430949211120605469e-01 1.416013538837432861e-01
1.375176906585693359e-01 -8.665212988853454590e-02
-1.980550587177276611e-01 2.389099448919296265e-01
8.992379903793334961e-02 -1.240484640002250671e-01
2.138167023658752441e-01 -8.577501773834228516e-02
-1.126377135515213013e-01 6.360828131437301636e-02
-1.740015670657157898e-02 9.505103342235088348e-03
1.257875859737396240e-01 -1.774051636457443237e-01
-2.236074209213256836e-02 2.041868567466735840e-01
1.333255469799041748e-01 -2.317096851766109467e-02
-1.354418396949768066e-01 5.467509105801582336e-02
-2.756209373474121094e-01 2.447822503745555878e-02
5.217193439602851868e-02 1.873783916234970093e-01
-2.783620171248912811e-02 2.173842340707778931e-01
1.107817515730857849e-01 4.044013470411300659e-02
-1.570737808942794800e-01 1.609087735414505005e-01
1.204760968685150146e-01 9.892621636390686035e-02
3.180059790611267090e-01 -2.369248121976852417e-01
-1.332656145095825195e-01 1.815646737813949585e-01
-1.729965060949325562e-01 1.561442613601684570e-01
-5.385490134358406067e-03 -2.510651051998138428e-01
2.173624932765960693e-02 -5.301041901111602783e-02
-8.631136268377304077e-02 1.079346165060997009e-01
-2.123247236013412476e-01 1.286561507731676102e-02
-1.673622988164424896e-02 8.016648888587951660e-02
-3.137309569865465164e-03 -9.729448705911636353e-02
2.452269755303859711e-02 -4.071777686476707458e-02
-1.229584589600563049e-02 1.448086351156234741e-01
-3.000404313206672668e-02 6.702583283185958862e-02
-1.630773544311523438e-01 1.181687116622924805e-01
8.320999145507812500e-02 -1.870221197605133057e-01
-2.496886253356933594e-01 2.324180155992507935e-01
3.786632791161537170e-02 -2.801075279712677002e-01
-5.054358020424842834e-02 -1.532700508832931519e-01
1.024157777428627014e-01 -3.644587099552154541e-02
1.167024075984954834e-01 -1.185777112841606140e-01
2.620033919811248779e-01 -6.761705130338668823e-02
2.399415895342826843e-02 6.255925446748733521e-02
1.625006049871444702e-01 -2.307075709104537964e-01
1.119484892114996910e-03 -1.017559990286827087e-01
1.553358733654022217e-01 7.840941660106182098e-03
-1.520002037286758423e-01 1.111393198370933533e-01
-7.825268805027008057e-02 -7.407861948013305664e-02
-6.346267461776733398e-02 1.283368747681379318e-02
6.726144254207611084e-02 -5.774016678333282471e-02
-9.426666796207427979e-02 1.800526380538940430e-01
-1.273971498012542725e-01 -3.121752850711345673e-02
-2.982535958290100098e-02 1.293926686048507690e-01
-7.966593652963638306e-02 1.840890944004058838e-01
-6.495048105716705322e-02 7.222461700439453125e-02
-1.190143451094627380e-01 -8.630068600177764893e-02
1.841079741716384888e-01 -5.393075197935104370e-02
2.680131234228610992e-02 -5.459399893879890442e-03
5.878597125411033630e-02 -2.504034340381622314e-01
1.754491925239562988e-01 2.288412302732467651e-02
-1.196135804057121277e-01 3.587369248270988464e-02
1.824642121791839600e-01 1.446329206228256226e-01
-8.640307933092117310e-03 -1.198525801301002502e-01
-1.764997392892837524e-01 6.102597713470458984e-02
2.274873405694961548e-01 -6.520777195692062378e-02
-2.075628936290740967e-01 2.340123951435089111e-01
-3.982383385300636292e-02 1.320850551128387451e-01
1.283980309963226318e-01 9.751407802104949951e-02
1.164783164858818054e-02 -8.686928451061248779e-02
7.463358342647552490e-04 -1.099101454019546509e-02
1.914235949516296387e-01 -1.117012798786163330e-01
-6.482435762882232666e-02 3.859434276819229126e-02
-3.222062438726425171e-02 -1.163573041558265686e-01
1.146335229277610779e-01 -5.801703035831451416e-02
1.844010315835475922e-02 -4.934526979923248291e-02
-7.832648605108261108e-02 7.206239551305770874e-02
-4.454194009304046631e-02 1.393198072910308838e-01
-3.892614692449569702e-02 -4.788730666041374207e-02
9.186411648988723755e-02 -1.408504098653793335e-01
2.425896376371383667e-02 8.601117134094238281e-02
3.692879900336265564e-02 -3.574243932962417603e-02
-2.394673526287078857e-01 8.219765126705169678e-02
-8.820734918117523193e-02 -8.525151014328002930e-02
3.027235530316829681e-02 -3.468918846920132637e-03
-2.890758030116558075e-02 3.407461568713188171e-03
1.231409385800361633e-01 -4.927916452288627625e-02
1.356619745492935181e-01 4.287524148821830750e-02
-2.708275616168975830e-01 2.029645293951034546e-01
1.657333672046661377e-01 -2.118376791477203369e-01
7.844585925340652466e-03 3.299227729439735413e-02
8.634564466774463654e-03 -1.589501798152923584e-01
1.066926792263984680e-01 -6.712286174297332764e-02
-5.626005679368972778e-02 1.019980907440185547e-01
-7.411728054285049438e-02 8.409388363361358643e-02
1.730523630976676941e-02 1.137135550379753113e-01
3.499391674995422363e-02 -1.393839120864868164e-01
-6.589195877313613892e-02 8.724737912416458130e-02
-2.312931567430496216e-01 6.980247050523757935e-02
-2.392392419278621674e-02 8.765132725238800049e-02
1.784035712480545044e-01 -2.652257867157459259e-02
-1.367889195680618286e-01 1.075355708599090576e-01
1.866677701473236084e-01 -1.313073635101318359e-01
1.032792702317237854e-01 1.126926317811012268e-01
2.506242878735065460e-02 8.235282450914382935e-02
1.933045089244842529e-01 -2.393430024385452271e-01
-4.264506325125694275e-02 -9.033837169408798218e-02
3.520644083619117737e-02 -1.826485395431518555e-01
-7.519941776990890503e-02 4.674000293016433716e-02
-1.843977533280849457e-02 8.973754197359085083e-02
5.560357868671417236e-02 -1.190375089645385742e-01
