3.165890872478485107e-01 -6.188499927520751953e-01
5.350602865219116211e-01 -4.468012154102325439e-01
-5.082550048828125000e-01 3.867201507091522217e-01
-3.172981142997741699e-01 4.974843859672546387e-01
9.375742822885513306e-02 -1.337698400020599365e-01
1.130494549870491028e-01 -7.860799133777618408e-02
-1.611660122871398926e-01 1.112898066639900208e-01
-1.354099661111831665e-01 -1.699655205011367798e-01
4.464943408966064453e-01 -2.582182586193084717e-01
-5.341834574937820435e-02 6.555707752704620361e-02
-1.797164976596832275e-02 8.882452547550201416e-02
-5.462793167680501938e-03 1.095030680298805237e-01
-2.237918376922607422e-01 2.113582938909530640e-01
1.214297562837600708e-01 -3.309959173202514648e-01
2.269511371850967407e-01 -3.555720746517181396e-01
-1.858697086572647095e-01 2.491104751825332642e-01
9.500864893198013306e-02 8.023794740438461304e-02
3.589632511138916016e-01 -2.365862429141998291e-01
-2.785714566707611084e-01 3.645814955234527588e-01
1.081020683050155640e-01 1.368385255336761475e-01
3.281948268413543701e-01 -2.342305928468704224e-01
-1.627009361982345581e-01 1.084495484828948975e-01
4.824114143848419189e-01 -2.637146115303039551e-01
3.238992691040039062e-01 -3.525790572166442871e-01
1.185255795717239380e-01 -4.654741287231445312e-02
7.394704967737197876e-02 -3.250166773796081543e-01
-5.427706241607666016e-01 2.992793321609497070e-01
2.223273813724517822e-01 -2.739115655422210693e-01
-1.328011006116867065e-01 1.834241002798080444e-01
-1.585133187472820282e-02 -5.887975543737411499e-02
3.597098886966705322e-01 -2.259026616811752319e-01
-1.856468766927719116e-01 6.093831732869148254e-02
-1.566860973834991455e-01 3.685058355331420898e-01
-2.145182788372039795e-01 1.039960905909538269e-01
3.647231683135032654e-02 6.801201403141021729e-02
-3.570227921009063721e-01 1.843115389347076416e-01
-1.212627142667770386e-01 1.188811436295509338e-01
-3.511938750743865967e-01 5.157473683357238770e-01
1.479229629039764404e-01 -1.763363033533096313e-01
-1.302673965692520142e-01 6.650874763727188110e-02
-1.025169119238853455e-01 3.017698824405670166e-01
5.190370976924896240e-02 9.446135908365249634e-02
-4.220228493213653564e-01 4.566428959369659424e-01
-3.508847653865814209e-01 1.788596510887145996e-01
-2.486086338758468628e-01 8.140623569488525391e-02
-1.087862551212310791e-01 1.561777293682098389e-01
-4.302315711975097656e-01 3.992564678192138672e-01
-7.018344942480325699e-03 5.679455772042274475e-02
2.041521221399307251e-01 -1.285577416419982910e-01
-9.441375732421875000e-02 1.553331613540649414e-01
8.562444895505905151e-02 -5.213050171732902527e-02
-2.549074217677116394e-02 -7.905372232198715210e-02
1.148574892431497574e-02 6.016308069229125977e-02
-4.705220460891723633e-02 4.282436519861221313e-02
-5.835528299212455750e-02 9.822601824998855591e-02
-7.571773976087570190e-02 1.007333174347877502e-01
-3.490293323993682861e-01 4.883776307106018066e-01
-1.563448756933212280e-01 9.218772873282432556e-03
2.047778517007827759e-01 -2.680413722991943359e-01
-1.670602560043334961e-01 -1.767867710441350937e-03
2.214503288269042969e-01 -1.406337171792984009e-01
1.600293219089508057e-01 -1.004786863923072815e-01
-2.874277532100677490e-01 2.977066338062286377e-01
1.214699596166610718e-01 -1.548956483602523804e-01
1.595305651426315308e-01 -2.589091956615447998e-01
6.383309960365295410e-01 -5.490748286247253418e-01
-2.772740125656127930e-01 2.789930105209350586e-01
5.189726352691650391e-01 -3.639120757579803467e-01
-1.028675511479377747e-01 2.121833264827728271e-01
3.408840298652648926e-01 -2.508362829685211182e-01
-3.762748241424560547e-01 3.014282882213592529e-01
9.513061493635177612e-02 -2.220883667469024658e-01
4.198510944843292236e-01 -4.913129508495330811e-01
-3.858186602592468262e-01 2.291788458824157715e-01
9.722097218036651611e-02 -1.246014386415481567e-01
6.614719331264495850e-02 8.897637575864791870e-02
-1.960690766572952271e-01 1.604065895080566406e-01
3.999789357185363770e-01 -4.284807443618774414e-01
-4.103804007172584534e-02 1.743410676717758179e-01
-7.139773964881896973e-01 5.970832109451293945e-01
5.883044004440307617e-01 -3.533313870429992676e-01
4.610717892646789551e-01 -4.573504030704498291e-01
-2.880625724792480469e-01 3.382238149642944336e-01
3.380576968193054199e-01 -4.019919633865356445e-01
-4.395927116274833679e-02 -1.043550856411457062e-02
1.457367688417434692e-01 -1.851246207952499390e-01
6.353390216827392578e-01 -6.026384830474853516e-01
-8.767396956682205200e-02 -7.988402992486953735e-02
1.723516434431076050e-01 -2.745416760444641113e-01
4.551899433135986328e-01 -3.905539214611053467e-01
1.897188872098922729e-01 6.236066110432147980e-03
3.030277192592620850e-01 -2.686678767204284668e-01
-4.325048923492431641e-01 3.847929239273071289e-01
3.160904347896575928e-01 -3.814651072025299072e-01
3.018302321434020996e-01 -4.665186405181884766e-01
-1.581162810325622559e-01 1.620103791356086731e-02
-1.024437043815851212e-02 -6.305419653654098511e-02
4.772942960262298584e-01 -5.195277333259582520e-01
2.450553514063358307e-02 1.879805624485015869e-01
-1.404263526201248169e-01 4.803484305739402771e-02
-8.412656933069229126e-02 2.376459725201129913e-02
-4.739072322845458984e-01 3.574431538581848145e-01
-1.411759555339813232e-01 7.452518492937088013e-02
1.307595670223236084e-01 -3.640715777873992920e-01
-2.206745892763137817e-01 1.593086123466491699e-01
-3.273380696773529053e-01 2.781192660331726074e-01
-2.006753385066986084e-01 2.088041603565216064e-01
-5.394505858421325684e-01 5.279670357704162598e-01
-2.393761724233627319e-01 2.812985479831695557e-01
-1.201819106936454773e-01 1.308933645486831665e-01
-5.513373613357543945e-01 4.559440910816192627e-01
1.571670360863208771e-02 -1.495503336191177368e-01
-1.016290634870529175e-01 1.987943798303604126e-01
2.259612381458282471e-01 -3.881257176399230957e-01
7.318702060729265213e-03 1.079043298959732056e-01
-1.196972504258155823e-01 1.765089482069015503e-01
4.529103636741638184e-01 -3.280341029167175293e-01
2.724572718143463135e-01 -3.181591928005218506e-01
-1.206695511937141418e-01 2.544163167476654053e-01
1.318411249667406082e-02 -7.936137728393077850e-03
-5.385455489158630371e-01 3.647326231002807617e-01
-1.435068845748901367e-01 1.726539880037307739e-01
3.111810982227325439e-01 -1.994496732950210571e-01
2.845871448516845703e-01 -2.901790440082550049e-01
2.497651800513267517e-02 -2.963969949632883072e-03
3.682310283184051514e-01 -1.686964780092239380e-01
1.087627857923507690e-01 -1.874852776527404785e-01
4.549113214015960693e-01 -4.257429242134094238e-01
-1.012794673442840576e-01 -9.030099958181381226e-02
5.142104625701904297e-01 -4.589896202087402344e-01
-1.275825947523117065e-01 2.979874610900878906e-01
-7.776798009872436523e-01 5.358350872993469238e-01
3.862380683422088623e-01 -3.680745363235473633e-01
-7.751336693763732910e-02 7.455182075500488281e-02
-2.253761142492294312e-01 1.651815921068191528e-01
-7.932605147361755371e-01 8.432866334915161133e-01
4.628449380397796631e-01 -4.349735379219055176e-01
-2.740744054317474365e-01 2.776174545288085938e-01
-3.602464795112609863e-01 4.123248755931854248e-01
4.786942005157470703e-01 -2.295494377613067627e-01
-3.194122016429901123e-01 3.985596299171447754e-01
6.175670623779296875e-01 -6.626109480857849121e-01
2.193133905529975891e-02 -1.734645366668701172e-01
-3.705580532550811768e-01 6.259260773658752441e-01
-3.134390711784362793e-01 -4.995625838637351990e-02
-3.630785644054412842e-01 3.532677888870239258e-01
-6.695210337638854980e-01 5.998822450637817383e-01
3.367843329906463623e-01 -4.356172978878021240e-01
-4.482021331787109375e-01 4.385800063610076904e-01
-9.705599397420883179e-02 6.085821613669395447e-02
1.528408825397491455e-01 -3.998900204896926880e-02
2.989931404590606689e-01 -4.083571434020996094e-01
-5.375733971595764160e-02 1.301560103893280029e-01
7.882477343082427979e-02 3.246269002556800842e-02
-1.714076548814773560e-01 4.657611548900604248e-01
4.062113165855407715e-01 -3.731167912483215332e-01
-1.364346146583557129e-01 -1.911398023366928101e-03
5.375469848513603210e-02 -1.461945176124572754e-01
5.673854947090148926e-01 -5.120341777801513672e-01
-5.804851055145263672e-01 5.097775459289550781e-01
-1.293053478002548218e-02 1.571414321660995483e-01
-6.398016214370727539e-01 6.007376313209533691e-01
4.712255001068115234e-01 -3.353873491287231445e-01
3.616705238819122314e-01 -2.717792689800262451e-01
-3.627270162105560303e-01 2.309095561504364014e-01
3.369006514549255371e-01 -3.099082410335540771e-01
-2.970088124275207520e-01 2.058741897344589233e-01
-2.148776799440383911e-01 3.656575679779052734e-01
3.730107564479112625e-03 -2.250437438488006592e-01
3.422960638999938965e-01 -1.781855672597885132e-01
-4.655943512916564941e-01 5.269461870193481445e-01
2.835695818066596985e-02 1.875753886997699738e-02
-1.717612147331237793e-01 8.742239326238632202e-03
3.490889370441436768e-01 -2.079479992389678955e-01
-2.646862566471099854e-01 1.854241937398910522e-01
-2.593030035495758057e-01 1.638984680175781250e-01
2.076829373836517334e-01 -1.143545657396316528e-01
5.005564093589782715e-01 -4.352521896362304688e-01
3.893205821514129639e-01 -2.767175734043121338e-01
2.707757949829101562e-01 -2.256024777889251709e-01
-3.585840761661529541e-01 3.844251334667205811e-01
-6.800518631935119629e-01 6.214051246643066406e-01
-5.086432099342346191e-01 4.939895868301391602e-01
-3.508425652980804443e-01 5.036223530769348145e-01
3.883934915065765381e-01 -4.046878814697265625e-01
-6.686282753944396973e-01 5.834009647369384766e-01
6.262037754058837891e-01 -4.678544402122497559e-01
9.552280604839324951e-02 -2.241975255310535431e-02
-3.295648396015167236e-01 4.057229757308959961e-01
5.952072143554687500e-01 -6.640570163726806641e-01
-6.448383927345275879e-01 7.103084921836853027e-01
-1.813394278287887573e-01 1.191124320030212402e-01
2.454725503921508789e-01 -1.905951797962188721e-01
4.207792580127716064e-01 -3.002648949623107910e-01
-7.984734326601028442e-02 7.074065506458282471e-02
-4.007425010204315186e-01 2.793214023113250732e-01
5.563601851463317871e-01 -4.882578551769256592e-01
-8.574722707271575928e-02 7.020546495914459229e-02
-1.591335386037826538e-01 3.767578601837158203e-01
-1.929425150156021118e-01 1.031144484877586365e-01
3.227794170379638672e-01 -4.507343471050262451e-01
-9.170765429735183716e-02 1.606732606887817383e-02
1.095524951815605164e-01 -1.335537582635879517e-01
7.047275453805923462e-02 -1.869769245386123657e-01
-8.316893875598907471e-02 2.970463037490844727e-02
1.992380321025848389e-01 -1.071649342775344849e-01
1.607363075017929077e-01 -1.965773999691009521e-01
8.783767372369766235e-02 8.634547144174575806e-02
1.000557746738195419e-02 3.125892719253897667e-03
4.442887008190155029e-02 -6.792370229959487915e-02
-3.048459589481353760e-01 2.723263800144195557e-01
-2.515784464776515961e-02 9.349448606371879578e-03
-4.087768867611885071e-02 1.977026015520095825e-01
-4.292290210723876953e-01 2.300929874181747437e-01
2.707664668560028076e-01 -1.934521794319152832e-01
1.612884700298309326e-01 -1.932675987482070923e-01
-3.424845933914184570e-01 2.423677444458007812e-01
-1.888539642095565796e-02 -5.846661701798439026e-02
-1.551063954830169678e-01 2.794516086578369141e-01
4.738597869873046875e-01 -2.844643294811248779e-01
-8.964673615992069244e-03 2.295193672180175781e-01
-1.698177754878997803e-01 8.587430417537689209e-02
2.748984396457672119e-01 -4.268872439861297607e-01
-1.323397606611251831e-01 2.817029356956481934e-01
-1.814637184143066406e-01 3.034875690937042236e-01
2.010473459959030151e-01 -2.359705269336700439e-01
-2.224887460470199585e-01 1.994276344776153564e-01
-5.079990997910499573e-02 -1.624638400971889496e-02
8.578483015298843384e-02 -3.280934393405914307e-01
2.290366590023040771e-01 -3.267081826925277710e-02
-1.685183644294738770e-01 2.496215999126434326e-01
3.609870746731758118e-02 -1.123116016387939453e-01
-3.366615474224090576e-01 2.172549962997436523e-01
1.311788707971572876e-01 8.175716549158096313e-02
5.790761858224868774e-02 -7.796141505241394043e-02
5.476297065615653992e-02 1.362960338592529297e-01
-6.233065575361251831e-02 6.859131157398223877e-02
4.958207905292510986e-02 -8.010066300630569458e-02
-3.660159409046173096e-01 2.346824705600738525e-01
-3.305203318595886230e-01 2.437342405319213867e-01
6.402994692325592041e-02 -2.444963902235031128e-02
-6.116255372762680054e-02 1.899848878383636475e-01
1.248927339911460876e-01 -3.154986798763275146e-01
-1.675610803067684174e-02 1.875915080308914185e-01
3.037207126617431641e-01 -9.095612913370132446e-02
-1.639394611120223999e-01 1.522697508335113525e-01
-1.352278143167495728e-01 9.740204364061355591e-02
-3.101886510848999023e-01 5.553547739982604980e-01
3.162877634167671204e-02 -1.102069094777107239e-01
-6.250249594449996948e-02 7.947584241628646851e-02
1.705790013074874878e-01 -4.816463589668273926e-02
-1.339387893676757812e-01 2.383651882410049438e-01
8.389854431152343750e-02 -2.086977958679199219e-01
3.705067932605743408e-01 -4.391636252403259277e-01
-1.083638072013854980e-01 2.679652571678161621e-01
1.840204596519470215e-01 -4.102859497070312500e-01
