-3.476194292306900024e-02 7.691323012113571167e-02
5.222640931606292725e-02 -1.241724491119384766e-01
-5.917979031801223755e-02 -4.118314385414123535e-02
-3.006101846694946289e-01 1.124287620186805725e-01
3.174350261688232422e-01 -3.951404988765716553e-01
-7.542487233877182007e-02 6.077886745333671570e-02
1.813947856426239014e-01 -1.547483354806900024e-01
-3.710219562053680420e-01 2.118929624557495117e-01
1.944963485002517700e-01 -1.892518997192382812e-01
1.891729086637496948e-01 -4.639907181262969971e-02
-1.652886271476745605e-01 2.500783205032348633e-01
-3.831085562705993652e-02 2.437060177326202393e-01
6.396804749965667725e-02 1.952100843191146851e-01
-1.759260296821594238e-01 2.405128180980682373e-01
1.156493574380874634e-01 -2.125717699527740479e-01
-7.369082421064376831e-02 7.629714161157608032e-02
-1.109803542494773865e-01 2.693382203578948975e-01
3.202073872089385986e-01 -2.494954019784927368e-01
1.900415271520614624e-01 -2.075522951781749725e-02
1.026691645383834839e-01 -9.785138815641403198e-02
-4.458548426628112793e-01 2.427870184183120728e-01
8.096184581518173218e-02 -7.955698668956756592e-02
-7.796093821525573730e-02 4.638361185789108276e-02
2.683039307594299316e-01 -3.706563413143157959e-01
4.712719004601240158e-03 -2.182427644729614258e-01
2.699740231037139893e-01 -1.739487200975418091e-01
2.010028660297393799e-01 -4.096453636884689331e-02
3.547889590263366699e-01 -3.078899979591369629e-01
2.958801090717315674e-01 -1.748971343040466309e-01
-2.234637588262557983e-01 8.671703189611434937e-02
-5.087933316826820374e-02 -2.052999101579189301e-02
1.207453384995460510e-02 4.965752363204956055e-02
-1.038453355431556702e-02 -6.925874203443527222e-02
-3.020891249179840088e-01 1.863293498754501343e-01
1.453104764223098755e-01 -1.860709302127361298e-02
-7.237708568572998047e-02 4.868254438042640686e-02
1.701072603464126587e-02 -1.113032028079032898e-01
-3.923448175191879272e-02 8.050439879298210144e-03
-1.913731545209884644e-01 1.919145882129669189e-01
-1.233208272606134415e-02 -5.996027961373329163e-03
-3.039176166057586670e-01 4.062675237655639648e-01
-1.784840822219848633e-01 3.740989416837692261e-02
-1.335501670837402344e-01 -4.843335226178169250e-02
-2.831051945686340332e-01 1.879450529813766479e-01
-1.049011200666427612e-01 -6.244514510035514832e-02
-2.685589790344238281e-01 3.211618065834045410e-01
-2.682651579380035400e-01 2.032246738672256470e-01
-2.065191715955734253e-01 1.140510067343711853e-01
-6.480190902948379517e-02 5.927862972021102905e-02
-5.702313408255577087e-02 1.470555812120437622e-01
-3.687478303909301758e-01 2.712914645671844482e-01
1.860133111476898193e-01 -1.497747600078582764e-01
-8.504613488912582397e-02 -1.971704959869384766e-01
-1.265261024236679077e-01 2.855700552463531494e-01
3.979294374585151672e-02 7.329390943050384521e-02
-9.962180256843566895e-02 1.711303889751434326e-01
-3.989049494266510010e-01 3.294725716114044189e-01
1.533672958612442017e-01 -6.426351610571146011e-04
5.325443744659423828e-01 -3.098310232162475586e-01
-1.208653748035430908e-01 2.265802025794982910e-02
3.414368927478790283e-01 -2.840687334537506104e-01
-1.931290030479431152e-01 -1.297998726367950439e-01
-9.964893013238906860e-02 -4.147041589021682739e-02
-2.848608791828155518e-01 5.093406513333320618e-02
-1.763803809881210327e-01 2.741658687591552734e-01
6.172363460063934326e-02 1.430512666702270508e-01
-1.649973839521408081e-01 1.787832081317901611e-01
1.480001211166381836e-01 -2.580741941928863525e-01
-2.027448415756225586e-01 1.864161938428878784e-01
5.796913504600524902e-01 -5.508193969726562500e-01
1.848234087228775024e-01 -9.697924554347991943e-02
-4.983636736869812012e-02 -8.737689256668090820e-02
3.840936422348022461e-01 -3.287127614021301270e-01
-1.112888455390930176e-01 2.418761998414993286e-01
5.241959169507026672e-02 -1.286188960075378418e-01
-1.813506186008453369e-01 1.632351577281951904e-01
-1.248411908745765686e-01 8.426190912723541260e-02
-2.562275528907775879e-01 1.466746479272842407e-01
-2.986118793487548828e-01 3.646036386489868164e-01
-4.956650361418724060e-02 3.440973162651062012e-01
9.109647572040557861e-02 -6.985967513173818588e-03
3.929050266742706299e-01 -2.548342049121856689e-01
-3.761817514896392822e-01 2.789897024631500244e-01
5.512763261795043945e-01 -5.412057638168334961e-01
-2.913975715637207031e-01 5.952076241374015808e-02
4.912455081939697266e-01 -5.136415362358093262e-01
3.259115219116210938e-01 -3.678078353404998779e-01
3.396249413490295410e-01 -1.592194586992263794e-01
2.936151325702667236e-01 -1.475486904382705688e-01
1.376093924045562744e-01 -1.141743510961532593e-01
5.071048140525817871e-01 -4.905579388141632080e-01
2.237686216831207275e-01 -2.563570141792297363e-01
3.156356811523437500e-01 -3.318159282207489014e-01
-3.933397531509399414e-01 3.690520823001861572e-01
1.943903267383575439e-01 -4.161649048328399658e-01
1.564600877463817596e-02 4.207381606101989746e-02
-2.070459909737110138e-02 -4.417826980352401733e-02
2.522352039813995361e-01 -2.268550843000411987e-01
6.964049488306045532e-02 8.464958518743515015e-02
-1.915112584829330444e-01 2.053656578063964844e-01
2.787688076496124268e-01 -4.015092551708221436e-01
-4.240377843379974365e-01 1.612440049648284912e-01
-4.385399222373962402e-01 6.728345751762390137e-01
2.431722730398178101e-01 -3.921481668949127197e-01
-3.306250870227813721e-01 5.299926996231079102e-01
-5.441294908523559570e-01 4.626772701740264893e-01
-2.029309570789337158e-01 1.566393077373504639e-01
-4.251339733600616455e-01 6.465073227882385254e-01
-3.805953562259674072e-01 5.003398656845092773e-01
-8.964756131172180176e-02 -3.593136370182037354e-02
-1.870617419481277466e-01 4.190521538257598877e-01
3.056778609752655029e-01 -8.400574326515197754e-02
-2.921712771058082581e-02 3.345723077654838562e-02
-3.469628989696502686e-01 3.181086778640747070e-01
-2.791081070899963379e-01 3.066410422325134277e-01
2.669007182121276855e-01 -3.161367774009704590e-01
4.490104019641876221e-01 -3.290511667728424072e-01
-2.667377293109893799e-01 3.421095311641693115e-01
-1.349553614854812622e-01 1.168950647115707397e-01
1.608279049396514893e-01 -1.128010898828506470e-01
-4.868431687355041504e-01 1.908264309167861938e-01
4.446835219860076904e-01 -4.027073979377746582e-01
5.404403209686279297e-01 -4.040584266185760498e-01
3.229514360427856445e-01 -2.920590043067932129e-01
2.481219619512557983e-01 -2.811722159385681152e-01
-2.255592048168182373e-01 3.961322903633117676e-01
5.846921727061271667e-02 4.945029504597187042e-03
-1.906905919313430786e-01 8.569629490375518799e-02
2.252606600522994995e-01 -2.615047097206115723e-01
1.637621521949768066e-01 -1.914837062358856201e-01
-3.064359128475189209e-01 1.286193728446960449e-03
-4.534848034381866455e-01 4.322725534439086914e-01
4.069445729255676270e-01 -4.744426608085632324e-01
-1.384703367948532104e-01 4.290746524930000305e-02
7.956488430500030518e-02 -1.991512477397918701e-01
1.831448376178741455e-01 -5.839184671640396118e-02
-1.419242024421691895e-01 2.278241068124771118e-01
3.808917701244354248e-01 -2.655184864997863770e-01
-3.053324818611145020e-01 4.611597955226898193e-01
3.602173030376434326e-01 -3.326956927776336670e-01
-8.458865433931350708e-02 2.881544232368469238e-01
3.265401124954223633e-01 -3.880205452442169189e-01
-2.354570031166076660e-01 2.472903728485107422e-01
-2.673253417015075684e-01 1.695031970739364624e-01
4.378968104720115662e-02 5.436615273356437683e-02
3.104201853275299072e-01 -3.644382357597351074e-01
7.250995934009552002e-02 3.415912017226219177e-02
-1.461631059646606445e-01 -1.057618111371994019e-02
1.223469004034996033e-01 -3.550933301448822021e-02
1.704446375370025635e-01 1.395835820585489273e-02
1.446318179368972778e-01 -1.366743743419647217e-01
1.814834624528884888e-01 -1.994496136903762817e-01
1.469822600483894348e-02 6.092467159032821655e-02
3.380752727389335632e-02 -4.638877511024475098e-02
1.373733133077621460e-01 3.664960339665412903e-02
3.667547553777694702e-02 1.214474439620971680e-01
-6.653393059968948364e-02 2.831407785415649414e-01
2.099915295839309692e-01 6.131339445710182190e-02
4.144845008850097656e-01 -4.900402724742889404e-01
-1.905819475650787354e-01 1.556905210018157959e-01
-4.076739773154258728e-02 1.186806634068489075e-01
-8.030679076910018921e-02 3.457452356815338135e-01
1.864052712917327881e-01 -2.025619596242904663e-01
1.077236607670783997e-02 -7.351150363683700562e-02
-2.198899835348129272e-01 2.237435877323150635e-01
4.134427309036254883e-01 -1.961509585380554199e-01
-4.676251858472824097e-02 2.574730664491653442e-02
-1.506036669015884399e-01 2.293098866939544678e-01
1.006066426634788513e-01 -3.747005015611648560e-02
-3.606438636779785156e-01 2.798914611339569092e-01
1.964501291513442993e-02 1.738009899854660034e-01
-1.353746205568313599e-01 6.878299266099929810e-02
-3.812186717987060547e-01 3.069947957992553711e-01
9.851910918951034546e-02 -1.100801452994346619e-01
-1.077224388718605042e-01 2.795914411544799805e-01
1.638687402009963989e-01 -5.334691330790519714e-02
-1.758592873811721802e-01 6.141081079840660095e-02
2.545759677886962891e-01 -3.627635240554809570e-01
1.917193084955215454e-01 -1.496607214212417603e-01
3.074814379215240479e-01 -4.499940574169158936e-01
-4.154630936682224274e-03 4.312521219253540039e-02
-1.421034429222345352e-02 2.166531831026077271e-01
-7.568723708391189575e-02 2.589298039674758911e-02
-3.234345614910125732e-01 3.364404141902923584e-01
-5.735656246542930603e-02 1.637821197509765625e-01
-2.343271374702453613e-01 3.417530357837677002e-01
-5.686586257070302963e-03 4.419707506895065308e-02
-4.916152656078338623e-01 4.847677946090698242e-01
-1.263010054826736450e-01 1.977877914905548096e-01
5.560649633407592773e-01 -3.384878635406494141e-01
-3.455036133527755737e-02 2.459391057491302490e-01
-2.359654307365417480e-01 1.981381475925445557e-01
2.422407865524291992e-01 -2.213720083236694336e-01
-1.026873961091041565e-01 -1.202210336923599243e-01
-1.349016726016998291e-01 -5.015834793448448181e-02
1.307079195976257324e-01 -2.231994643807411194e-03
3.152242600917816162e-01 -3.980516493320465088e-01
2.015206962823867798e-01 -8.571049571037292480e-02
1.391285508871078491e-01 3.505001962184906006e-02
8.437693119049072266e-02 -1.127347946166992188e-01
-3.086789846420288086e-01 7.601249963045120239e-02
1.280681639909744263e-01 -4.620292410254478455e-02
-1.479503363370895386e-01 1.390787512063980103e-01
7.564115524291992188e-02 -4.748369753360748291e-02
-4.501513019204139709e-02 6.742028146982192993e-02
-7.843304425477981567e-02 7.659668475389480591e-02
1.048363894224166870e-01 -2.865811586380004883e-01
4.418481886386871338e-02 2.758660912513732910e-02
-9.651940315961837769e-03 -1.180424261838197708e-02
-1.188959181308746338e-01 1.050102561712265015e-01
-3.049933314323425293e-01 1.808462291955947876e-01
-1.988638639450073242e-01 5.143005773425102234e-02
-3.065008223056793213e-01 1.031454131007194519e-01
-3.982019722461700439e-01 1.557141244411468506e-01
2.626649141311645508e-01 -2.708897590637207031e-01
5.394452065229415894e-02 -3.934003412723541260e-03
-3.484265506267547607e-02 2.866514325141906738e-01
-9.127213805913925171e-02 -2.384077198803424835e-02
-1.560180634260177612e-01 2.606419920921325684e-01
-1.652255840599536896e-02 1.274780780076980591e-01
-2.752166390419006348e-01 1.398133784532546997e-01
-1.966710686683654785e-01 2.054953724145889282e-01
-3.931767344474792480e-01 2.889371216297149658e-01
1.377102136611938477e-01 -1.967937648296356201e-01
1.678998917341232300e-01 -1.405498981475830078e-01
-2.188450694084167480e-01 1.490798890590667725e-01
-2.795443236827850342e-01 2.192556262016296387e-01
-1.076107770204544067e-01 2.336728200316429138e-02
3.219694197177886963e-01 -1.486791111528873444e-02
5.089548826217651367e-01 -5.850266218185424805e-01
6.006053648889064789e-03 6.015863735228776932e-03
-1.202139705419540405e-01 1.909773349761962891e-01
-1.813828051090240479e-01 2.452088445425033569e-01
-1.936303526163101196e-01 4.922385141253471375e-02
-2.705378830432891846e-01 1.800033003091812134e-01
-8.314123749732971191e-02 1.045737639069557190e-01
-1.182181239128112793e-01 2.190509289503097534e-01
-2.154816389083862305e-01 2.381407022476196289e-01
4.602192342281341553e-02 1.416585892438888550e-01
3.254387378692626953e-01 -2.883779108524322510e-01
3.228667676448822021e-01 -1.486632078886032104e-01
6.016419827938079834e-02 -6.268323864787817001e-03
1.264523267745971680e-01 -1.613189280033111572e-01
5.738137364387512207e-01 -3.953990638256072998e-01
9.747399389743804932e-02 5.100551620125770569e-02
-1.172066032886505127e-01 6.196135655045509338e-02
1.080796048045158386e-01 -3.940407037734985352e-01
-1.148388385772705078e-01 3.029206208884716034e-02
-8.927343040704727173e-02 1.301281452178955078e-01
-1.346443127840757370e-02 -2.209549546241760254e-01
2.188981473445892334e-01 -1.811706870794296265e-01
-8.039116114377975464e-02 2.943435311317443848e-01
3.662645444273948669e-02 1.748946756124496460e-01
-2.011712789535522461e-01 1.722301356494426727e-02
-4.785480350255966187e-02 4.570833593606948853e-02
2.436228096485137939e-01 -3.383371233940124512e-01
