-1.784895956516265869e-01 1.275247056037187576e-02
-3.044438958168029785e-01 1.418971866369247437e-01
2.903163246810436249e-02 -1.103750541806221008e-01
-7.070190459489822388e-02 3.047651052474975586e-02
9.521189332008361816e-02 1.549868285655975342e-01
-1.301754713058471680e-01 2.521075606346130371e-01
-1.714414954185485840e-01 1.474826931953430176e-01
7.034835219383239746e-02 2.679114975035190582e-02
-1.947229057550430298e-01 4.545492306351661682e-02
1.634280011057853699e-02 -6.710013002157211304e-02
-2.157553732395172119e-01 2.120899856090545654e-01
1.069067232310771942e-02 1.580876111984252930e-01
2.626162469387054443e-01 -2.351597696542739868e-01
-9.579682350158691406e-02 3.131852447986602783e-01
4.946706816554069519e-02 -6.725500524044036865e-02
-9.912421554327011108e-02 1.040819585323333740e-01
-6.253170967102050781e-02 2.003158330917358398e-01
-5.048979818820953369e-02 -4.283192753791809082e-02
-1.853468641638755798e-02 3.712533507496118546e-03
-3.441305458545684814e-01 1.021157130599021912e-01
6.346815079450607300e-02 -3.999629244208335876e-02
-4.827808961272239685e-02 4.597795009613037109e-02
-3.299728780984878540e-02 -1.712484359741210938e-01
-2.857635356485843658e-02 7.047272473573684692e-02
-1.548482924699783325e-01 -3.612390905618667603e-02
1.911251619458198547e-02 3.718344494700431824e-02
1.761382222175598145e-01 1.557020694017410278e-01
4.347041994333267212e-02 4.945200309157371521e-02
-9.311418235301971436e-02 5.930095911026000977e-02
-1.015338599681854248e-01 -1.099690794944763184e-01
1.411893218755722046e-01 6.516065448522567749e-02
-1.053852066397666931e-01 5.646085832267999649e-03
-1.622592210769653320e-01 1.980638206005096436e-01
2.583368122577667236e-02 -1.030207574367523193e-01
5.750174820423126221e-02 -1.550104096531867981e-02
2.473171055316925049e-01 -4.668906331062316895e-02
2.915091812610626221e-02 -1.546672284603118896e-01
3.471571207046508789e-01 -1.999929398298263550e-01
1.346312463283538818e-01 -2.634177729487419128e-02
5.022112652659416199e-02 4.230722412467002869e-02
-1.458107978105545044e-01 -2.106205374002456665e-02
1.481027752161026001e-01 -1.482159346342086792e-01
2.276730090379714966e-01 -2.531387507915496826e-01
1.050622165203094482e-01 -1.444220691919326782e-01
-2.736071944236755371e-01 1.808445006608963013e-01
-1.493725329637527466e-01 -1.155873015522956848e-02
-3.126594051718711853e-02 3.223896399140357971e-02
-3.114495426416397095e-02 -2.933329343795776367e-02
8.089073002338409424e-03 -6.647104024887084961e-02
1.277168863452970982e-03 -8.180988579988479614e-02
1.380043625831604004e-01 -7.451153546571731567e-02
-1.062468974851071835e-03 5.386542901396751404e-02
-8.304603397846221924e-02 5.536608025431632996e-02
5.870667099952697754e-02 -2.665520906448364258e-01
6.726618111133575439e-02 -2.445382811129093170e-02
2.636160887777805328e-02 3.523334860801696777e-02
4.616437852382659912e-02 -7.195446640253067017e-02
-2.393488883972167969e-01 2.899329960346221924e-01
1.240135952830314636e-01 -3.280371427536010742e-02
1.303110155276954174e-03 -1.034588739275932312e-01
-3.157129744067788124e-03 -9.264072030782699585e-02
-7.741146534681320190e-02 -1.237252950668334961e-01
-2.254787683486938477e-01 1.487618982791900635e-01
-6.350490450859069824e-02 -2.807497745379805565e-03
-2.645995318889617920e-01 5.674970522522926331e-02
-4.513602256774902344e-01 3.712592422962188721e-01
3.020528554916381836e-01 -3.260315060615539551e-01
-4.824526607990264893e-01 5.486727356910705566e-01
2.073300331830978394e-01 -9.124197810888290405e-02
-1.861845999956130981e-01 -6.883488595485687256e-02
-2.245791256427764893e-01 3.031138181686401367e-01
-3.202603757381439209e-01 3.852033913135528564e-01
-1.984043419361114502e-01 2.946437299251556396e-01
1.404992938041687012e-01 2.274457551538944244e-02
2.346713095903396606e-02 3.522858023643493652e-02
-1.571920067071914673e-01 1.961960941553115845e-01
2.681633234024047852e-01 -3.768379390239715576e-01
-1.896663382649421692e-02 1.391904503107070923e-01
-1.212635710835456848e-01 1.833246946334838867e-01
1.919121146202087402e-01 -1.251031607389450073e-01
-4.626387953758239746e-01 3.513487279415130615e-01
2.007507830858230591e-01 -1.402583122253417969e-01
-1.302670985460281372e-01 6.166783347725868225e-02
-4.373909831047058105e-01 2.486103177070617676e-01
-8.327054977416992188e-02 -1.640548929572105408e-02
-4.345193505287170410e-01 2.842893600463867188e-01
-6.194407492876052856e-02 1.162699833512306213e-01
1.957431808114051819e-02 9.407325997017323971e-04
1.146138366311788559e-02 8.490835130214691162e-02
-2.130194455385208130e-01 2.208207398653030396e-01
1.554294023662805557e-02 -7.259070128202438354e-02
-2.797720767557621002e-02 1.345918476581573486e-01
7.698935270309448242e-02 -1.096796244382858276e-01
1.805139780044555664e-01 -2.144201695919036865e-01
3.133245408535003662e-01 -2.427737861871719360e-01
5.896403789520263672e-01 -5.304209589958190918e-01
-2.471858561038970947e-01 1.613882035017013550e-01
1.171018257737159729e-01 -2.093263119459152222e-01
-5.147190093994140625e-01 7.068729996681213379e-01
6.835857033729553223e-01 -4.453166723251342773e-01
-8.460995554924011230e-02 1.327669918537139893e-01
-4.225919842720031738e-01 3.332073092460632324e-01
-2.336369603872299194e-01 2.389189600944519043e-01
-3.371241986751556396e-01 3.926831483840942383e-01
-7.247506082057952881e-02 4.595699161291122437e-02
7.130028307437896729e-02 -8.673786371946334839e-02
-1.295483410358428955e-01 -5.618890747427940369e-02
-1.892286986112594604e-01 -8.934667706489562988e-02
-3.087423392571508884e-04 -9.563215076923370361e-02
3.182476013898849487e-02 4.382681474089622498e-02
4.125981628894805908e-01 -3.886050581932067871e-01
-1.178560853004455566e-01 -5.068886280059814453e-02
5.024684071540832520e-01 -4.613259434700012207e-01
4.560364186763763428e-01 -5.273396968841552734e-01
-1.007874459028244019e-01 -1.429869094863533974e-03
-3.552740216255187988e-01 4.605641961097717285e-01
4.678396284580230713e-01 -3.475971519947052002e-01
-3.086606562137603760e-01 3.542306423187255859e-01
3.353570774197578430e-02 7.310315221548080444e-02
-2.137979418039321899e-01 1.196394190192222595e-01
5.527952313423156738e-01 -6.120687723159790039e-01
-5.149222016334533691e-01 6.088368892669677734e-01
5.364628136157989502e-02 1.883287429809570312e-01
3.750095963478088379e-01 -3.869669735431671143e-01
6.910540908575057983e-02 1.818805187940597534e-01
1.766684055328369141e-01 -3.187484741210937500e-01
8.845167607069015503e-02 -2.299036383628845215e-01
2.174301147460937500e-01 -3.052674531936645508e-01
-2.162312865257263184e-01 2.521427869796752930e-01
-1.480778813362121582e+00 1.298459053039550781e+00
2.141587138175964355e-01 -1.987414956092834473e-01
-9.876179695129394531e-02 -5.206803232431411743e-02
-1.653525114059448242e+00 1.585439562797546387e+00
-5.892077088356018066e-01 8.111663460731506348e-01
-3.077793717384338379e-01 7.933477312326431274e-02
1.009996160864830017e-01 -6.727206055074930191e-03
-1.219788119196891785e-01 1.276650279760360718e-01
-2.726707421243190765e-02 8.325109630823135376e-02
1.123003065586090088e-01 -7.337196916341781616e-02
-8.543674945831298828e-01 6.816226243972778320e-01
1.507663011550903320e+00 -1.390850543975830078e+00
-9.508744478225708008e-01 9.360773563385009766e-01
2.289579808712005615e-01 -1.676538139581680298e-01
1.225108727812767029e-01 -1.221762150526046753e-01
-8.136633634567260742e-01 8.074802756309509277e-01
-1.436603814363479614e-01 5.577893927693367004e-02
-6.826215982437133789e-01 6.492863893508911133e-01
-2.346291989088058472e-01 3.280684649944305420e-01
7.525151222944259644e-02 -1.644499227404594421e-02
-7.550966143608093262e-01 6.854819059371948242e-01
-7.175543159246444702e-02 7.949013262987136841e-02
-3.084540367126464844e-01 2.523679137229919434e-01
2.464710921049118042e-01 -1.437280327081680298e-01
4.348714649677276611e-01 -3.700661957263946533e-01
4.232777357101440430e-01 -5.251610279083251953e-01
-1.498094107955694199e-02 3.306602686643600464e-02
-1.236997246742248535e-01 2.623382508754730225e-01
9.732825756072998047e-01 -1.022277593612670898e+00
1.706022918224334717e-01 8.995691686868667603e-02
2.815283834934234619e-01 -2.948069870471954346e-01
-1.539558172225952148e+00 1.652006030082702637e+00
-4.534053802490234375e-01 4.208694398403167725e-01
-1.092699766159057617e-01 8.210225403308868408e-02
1.358897089958190918e+00 -1.529552459716796875e+00
2.703889906406402588e-01 -2.930925488471984863e-01
1.013912677764892578e+00 -9.375852346420288086e-01
5.926896929740905762e-01 -5.300852656364440918e-01
-1.928388029336929321e-01 2.217767238616943359e-01
-5.405809283256530762e-01 6.876209974288940430e-01
7.584618926048278809e-01 -6.446130275726318359e-01
3.007135391235351562e-01 -8.726432919502258301e-02
-3.058510124683380127e-01 4.726268649101257324e-01
-9.349477291107177734e-01 7.769118547439575195e-01
-2.009623199701309204e-01 9.401158243417739868e-02
-5.132649838924407959e-02 -2.331881225109100342e-01
6.450920701026916504e-01 -6.063223481178283691e-01
1.345163881778717041e-01 -1.506181210279464722e-01
-1.512691825628280640e-01 6.294797360897064209e-02
4.428816437721252441e-01 -5.126205086708068848e-01
-7.514306306838989258e-01 9.250194430351257324e-01
5.623281598091125488e-01 -5.070705413818359375e-01
3.427101969718933105e-01 -3.687978684902191162e-01
-2.274283319711685181e-01 1.760546714067459106e-01
1.376428455114364624e-01 5.885400250554084778e-02
-2.492340952157974243e-01 1.209474876523017883e-01
-3.668351173400878906e-01 3.753823041915893555e-01
6.961796283721923828e-01 -5.734711885452270508e-01
4.352568984031677246e-01 -3.436830937862396240e-01
1.016289070248603821e-01 -1.239724233746528625e-01
-5.827980488538742065e-02 2.499940246343612671e-02
-5.803377032279968262e-01 7.228333950042724609e-01
8.364051580429077148e-03 1.373433470726013184e-01
-6.714823096990585327e-02 1.252356469631195068e-01
-3.614455163478851318e-01 2.881053686141967773e-01
2.397389113903045654e-01 6.422985345125198364e-02
-1.898090355098247528e-02 -5.855632573366165161e-02
-5.107661485671997070e-01 5.613218545913696289e-01
-2.858428359031677246e-01 2.875995934009552002e-01
-1.073753908276557922e-01 2.558384835720062256e-02
2.132948189973831177e-01 -8.731617778539657593e-02
-7.796376943588256836e-02 -9.649790823459625244e-03
5.526581779122352600e-02 1.324307024478912354e-01
-5.317478999495506287e-02 -4.208214953541755676e-02
-1.371981799602508545e-01 9.619083255529403687e-03
2.793999612331390381e-01 -4.303436875343322754e-01
-2.779766321182250977e-01 3.111447691917419434e-01
-5.297699477523565292e-03 -1.778191924095153809e-01
4.662460833787918091e-02 -6.735412776470184326e-02
-1.679863780736923218e-01 2.204607129096984863e-01
6.788954883813858032e-02 -5.058489739894866943e-02
-1.486487835645675659e-01 1.289142221212387085e-01
-2.570255100727081299e-01 5.689482390880584717e-02
-3.492308035492897034e-02 2.069830745458602905e-01
-1.262318044900894165e-01 8.461891114711761475e-02
-4.264559969305992126e-02 1.384842246770858765e-01
-4.528667777776718140e-02 1.463588923215866089e-01
1.508710905909538269e-03 1.167421638965606689e-01
1.590819358825683594e-01 -5.444254726171493530e-02
4.481003433465957642e-02 5.816771462559700012e-02
-3.250226750969886780e-02 9.138137684203684330e-04
1.392727047204971313e-01 7.363176345825195312e-02
2.255524694919586182e-01 -2.388350963592529297e-01
5.117548629641532898e-02 1.965559571981430054e-01
1.085927411913871765e-01 -7.795483618974685669e-02
-5.722491145133972168e-01 5.283055305480957031e-01
-1.257069408893585205e-01 8.418215066194534302e-02
8.838487416505813599e-02 -4.669534415006637573e-02
4.588429033756256104e-01 -4.859785735607147217e-01
-2.230093628168106079e-02 3.660861402750015259e-02
1.626871824264526367e-01 2.026554755866527557e-02
5.662669986486434937e-02 -1.644281297922134399e-01
-1.697503477334976196e-01 2.061265259981155396e-01
-2.070510983467102051e-01 7.784806936979293823e-02
6.671297550201416016e-02 -1.474768966436386108e-01
3.469543755054473877e-01 -3.301933035254478455e-02
8.335727453231811523e-02 5.371247977018356323e-02
-6.844084709882736206e-02 2.235318720340728760e-01
1.471879780292510986e-01 -9.612672030925750732e-02
8.344466984272003174e-02 -1.191441565752029419e-01
-2.947135083377361298e-02 1.164317782968282700e-02
-1.716187107376754284e-03 1.713022291660308838e-01
-6.290706340223550797e-03 1.529372781515121460e-01
2.885684072971343994e-01 -2.657578885555267334e-01
-1.947814971208572388e-01 3.461802750825881958e-02
-6.860330235213041306e-03 6.575410068035125732e-02
-1.320558935403823853e-01 1.227918937802314758e-01
-1.574193388223648071e-01 -3.422950953245162964e-02
-3.686704486608505249e-02 2.427122592926025391e-01
-1.272782087326049805e-01 1.465987265110015869e-01
-2.146548628807067871e-01 -4.914041236042976379e-02
-6.845564395189285278e-02 -8.986422419548034668e-02
1.006691083312034607e-01 -4.680493101477622986e-02
-2.033948199823498726e-03 7.582782208919525146e-02
1.772058457136154175e-01 -6.952146440744400024e-02
-1.116003282368183136e-02 2.733207345008850098e-01
-7.036481052637100220e-02 7.317709922790527344e-02
