4.583900868892669678e-01 -2.426162660121917725e-01
3.236921429634094238e-01 -1.444766521453857422e-01
-1.405801158398389816e-03 1.815703697502613068e-02
3.702509775757789612e-02 -7.122007012367248535e-02
-1.914106495678424835e-02 -1.853291839361190796e-01
-2.951834499835968018e-01 2.465022951364517212e-01
2.291831672191619873e-01 -1.440427601337432861e-01
8.586543053388595581e-02 -8.534475415945053101e-02
1.726654320955276489e-01 1.287739817053079605e-02
-1.505108773708343506e-01 1.927837133407592773e-01
7.072702795267105103e-02 -6.508772820234298706e-02
4.695633891969919205e-03 4.202753771096467972e-03
1.492677330970764160e-01 -2.649151384830474854e-01
-8.777873218059539795e-02 -6.253802776336669922e-02
-4.667898267507553101e-02 -5.458860099315643311e-02
-5.237181782722473145e-01 3.632701337337493896e-01
-6.437886506319046021e-02 8.342818170785903931e-02
5.209402441978454590e-01 -2.722361087799072266e-01
1.315815001726150513e-01 -6.864534318447113037e-02
1.996140629053115845e-01 -9.450647979974746704e-02
-4.949944093823432922e-02 1.983943879604339600e-01
4.719650745391845703e-02 1.995151787996292114e-01
-2.932372875511646271e-02 -5.839785560965538025e-02
1.481256037950515747e-01 -8.315386623144149780e-02
-1.961362361907958984e-01 2.276126742362976074e-01
1.018625125288963318e-01 -1.434951741248369217e-02
4.035910964012145996e-02 6.331557873636484146e-03
1.125635802745819092e-01 -1.909169852733612061e-01
1.678938269615173340e-01 -1.808100342750549316e-01
-4.663433134555816650e-01 3.180388808250427246e-01
2.556127905845642090e-01 -2.561131119728088379e-01
-8.167388290166854858e-02 3.482295945286750793e-02
5.627359077334403992e-02 -6.982375681400299072e-02
1.960986554622650146e-01 1.223565116524696350e-01
-1.636857688426971436e-01 1.362113505601882935e-01
-5.496625900268554688e-01 5.254440903663635254e-01
7.145210169255733490e-03 -1.121381446719169617e-01
-5.715654417872428894e-02 1.182413995265960693e-01
1.598761528730392456e-01 6.071990728378295898e-02
4.629670977592468262e-01 -3.498217165470123291e-01
1.907854676246643066e-01 -3.099052906036376953e-01
3.135792613029479980e-01 -3.895570039749145508e-01
4.201994240283966064e-01 -3.154066205024719238e-01
-5.274476408958435059e-01 3.012004792690277100e-01
-2.370577007532119751e-01 1.993044912815093994e-01
6.986787915229797363e-02 7.611205428838729858e-02
7.812672108411788940e-02 9.522562474012374878e-02
-2.684461772441864014e-01 1.534417420625686646e-01
3.318777307868003845e-02 1.255676746368408203e-01
-3.777740597724914551e-01 4.383654594421386719e-01
-2.353231608867645264e-01 1.589900851249694824e-01
1.016686633229255676e-01 -3.192890584468841553e-01
2.857505679130554199e-01 -3.152905106544494629e-01
-4.317872226238250732e-02 -1.063397377729415894e-01
4.356426298618316650e-01 -3.145847618579864502e-01
-6.623066216707229614e-02 1.151859909296035767e-01
-3.074605762958526611e-01 2.868014276027679443e-01
2.587334215641021729e-01 -2.608747482299804688e-01
5.663626194000244141e-01 -4.170778989791870117e-01
9.405599534511566162e-02 7.377210259437561035e-02
-1.420633494853973389e-01 5.309781804680824280e-02
1.654453426599502563e-01 5.699993297457695007e-02
-6.737572699785232544e-02 1.488881409168243408e-01
9.158997237682342529e-02 -4.484589397907257080e-02
-6.247195601463317871e-01 4.851983785629272461e-01
-2.552682757377624512e-01 2.401020973920822144e-01
-4.842539429664611816e-01 6.368547677993774414e-01
7.396407127380371094e-01 -8.299301862716674805e-01
-5.812857747077941895e-01 5.417830348014831543e-01
-1.792104691267013550e-01 5.521025657653808594e-01
5.011422038078308105e-01 -6.029015183448791504e-01
-3.091742992401123047e-01 3.164386749267578125e-01
5.817525982856750488e-01 -8.013378381729125977e-01
-2.509464025497436523e-01 4.285750985145568848e-01
-3.665154278278350830e-01 4.528845250606536865e-01
-6.563516855239868164e-01 6.836041212081909180e-01
-1.230094954371452332e-01 2.716675996780395508e-01
-1.128505468368530273e-01 2.173964828252792358e-01
-6.406556367874145508e-01 6.954862475395202637e-01
-2.459824830293655396e-01 2.740298211574554443e-01
-2.905646860599517822e-01 2.342289835214614868e-01
-2.252468466758728027e-01 1.373610645532608032e-01
-1.696575134992599487e-01 1.684208810329437256e-01
5.937948226928710938e-01 -5.731588006019592285e-01
-7.044619917869567871e-01 6.975230574607849121e-01
3.869194090366363525e-01 -3.893324732780456543e-01
2.739560604095458984e-01 -5.463001132011413574e-01
6.734802126884460449e-01 -7.089695334434509277e-01
3.969059288501739502e-01 -4.700851738452911377e-01
7.310841679573059082e-01 -7.015320658683776855e-01
3.327403962612152100e-01 -4.287446737289428711e-01
6.950211524963378906e-01 -8.146976232528686523e-01
-3.502609906718134880e-03 -5.488920584321022034e-02
-2.078398913145065308e-01 8.656544983386993408e-02
3.333255052566528320e-01 -1.636397987604141235e-01
4.035238176584243774e-02 -2.327147126197814941e-01
9.524668008089065552e-02 -5.415410548448562622e-02
3.914568945765495300e-02 -9.534285217523574829e-02
-1.444094721227884293e-02 -3.629499813541769981e-03
-8.873303234577178955e-02 1.706312000751495361e-01
-6.447625346481800079e-03 2.220072895288467407e-01
-3.534888327121734619e-01 3.027919530868530273e-01
1.989724934101104736e-01 1.106018200516700745e-01
4.510237872600555420e-01 -6.626427769660949707e-01
2.218240648508071899e-01 -3.013554513454437256e-01
-5.847401022911071777e-01 4.528476595878601074e-01
-1.470524221658706665e-01 1.567839980125427246e-01
4.000809416174888611e-02 1.455525457859039307e-01
-2.912223637104034424e-01 1.671794503927230835e-01
-4.919939041137695312e-01 3.864707946777343750e-01
-5.549474358558654785e-01 6.831036806106567383e-01
-3.310260176658630371e-01 3.684107065200805664e-01
-1.141889765858650208e-01 2.002696096897125244e-01
3.185763955116271973e-01 -2.378784120082855225e-01
-1.479273885488510132e-01 3.204703330993652344e-01
1.049204729497432709e-02 1.507613360881805420e-01
4.948673546314239502e-01 -6.854529976844787598e-01
8.446452557109296322e-04 5.621240660548210144e-02
3.746255636215209961e-01 -5.131807327270507812e-01
-6.547244787216186523e-01 7.556564807891845703e-01
-7.049698233604431152e-01 6.089320778846740723e-01
-7.632224261760711670e-02 -3.214368596673011780e-02
5.416331291198730469e-01 -6.312451362609863281e-01
5.851124525070190430e-01 -4.255803227424621582e-01
3.641047775745391846e-01 -4.177241921424865723e-01
-1.441324651241302490e-01 4.177990183234214783e-02
4.286670312285423279e-02 -1.084185838699340820e-01
4.844611585140228271e-01 -3.130693435668945312e-01
3.359316289424896240e-01 -2.006523311138153076e-01
1.024647951126098633e-01 -3.480677306652069092e-01
1.864383816719055176e-01 3.474412718787789345e-03
-3.506367504596710205e-01 3.593533337116241455e-01
4.936024844646453857e-01 -6.541023850440979004e-01
-5.107229948043823242e-01 4.878901243209838867e-01
-4.517494738101959229e-01 3.766645789146423340e-01
-3.504703044891357422e-01 3.847667574882507324e-01
-2.461621910333633423e-01 2.769176065921783447e-01
2.728769481182098389e-01 -2.905458211898803711e-01
-5.047872066497802734e-01 4.639558792114257812e-01
3.225245475769042969e-01 -4.440353810787200928e-01
-1.736058592796325684e-01 1.553339660167694092e-01
2.124843448400497437e-01 -3.211630880832672119e-01
-3.492068350315093994e-01 5.201763510704040527e-01
-1.943328827619552612e-01 1.086686402559280396e-01
-1.509635597467422485e-01 -8.990911394357681274e-02
3.209847807884216309e-01 -2.509474754333496094e-01
-4.429362714290618896e-02 1.156869307160377502e-01
1.364359855651855469e-01 -1.704284101724624634e-01
2.638840973377227783e-01 -3.583557605743408203e-01
4.610729217529296875e-02 -2.271597683429718018e-01
-3.335824906826019287e-01 1.589827835559844971e-01
2.571511566638946533e-01 -2.559858858585357666e-01
-3.867193758487701416e-01 3.621941208839416504e-01
1.250438541173934937e-01 -2.104538232088088989e-01
9.484017640352249146e-02 -1.562684774398803711e-01
-2.194470316171646118e-01 1.681744456291198730e-01
-1.976972371339797974e-01 -2.252148650586605072e-02
-5.400810390710830688e-02 -5.676772445440292358e-02
1.199276521801948547e-01 -1.347254402935504913e-02
-1.008704602718353271e-01 9.021072089672088623e-02
-4.322604835033416748e-01 3.913123905658721924e-01
-1.516533829271793365e-02 2.404187023639678955e-01
1.463430374860763550e-01 -1.108818873763084412e-01
-3.465360999107360840e-01 2.247024476528167725e-01
2.118884474039077759e-01 -1.715640351176261902e-02
1.712402701377868652e-01 -1.367898285388946533e-01
5.954416096210479736e-02 -1.614043712615966797e-01
-4.256055057048797607e-01 4.527579247951507568e-01
-1.865573525428771973e-01 3.182698190212249756e-01
-1.934065371751785278e-01 1.373684704303741455e-01
4.646920859813690186e-01 -4.972558915615081787e-01
-2.028039097785949707e-01 1.723387688398361206e-01
-1.297335773706436157e-01 2.334588207304477692e-02
1.803773641586303711e-02 4.692902788519859314e-03
1.720803976058959961e-01 -1.522347517311573029e-02
-3.738711774349212646e-01 7.576037198305130005e-02
-1.383087188005447388e-01 -1.703161597251892090e-01
-4.230172932147979736e-01 3.604569435119628906e-01
-1.699537187814712524e-01 3.484266102313995361e-01
5.855314135551452637e-01 -5.178784132003784180e-01
-9.749323129653930664e-02 5.464932322502136230e-02
2.366447746753692627e-01 -2.082245498895645142e-01
1.364730447530746460e-01 -2.531994283199310303e-01
-3.153384327888488770e-01 3.203162252902984619e-01
1.218345910310745239e-01 -1.528494209051132202e-01
-4.130397439002990723e-01 3.414018750190734863e-01
4.160578362643718719e-03 4.211729019880294800e-02
-1.227569133043289185e-01 9.900192171335220337e-02
-5.703907012939453125e-01 3.692184388637542725e-01
-8.458551764488220215e-02 -2.238027602434158325e-01
-4.974245727062225342e-01 3.415483832359313965e-01
1.446846127510070801e-01 -2.571487426757812500e-01
1.845597624778747559e-01 -2.759945988655090332e-01
3.228036463260650635e-01 -1.581354290246963501e-01
1.664804965257644653e-01 -2.638003826141357422e-01
2.108219414949417114e-01 -2.643785476684570312e-01
1.726261079311370850e-01 -1.181271597743034363e-01
-1.231081560254096985e-01 2.294941991567611694e-01
-1.291123926639556885e-01 3.531499505043029785e-01
-2.230176329612731934e-02 -1.143080443143844604e-01
2.487438172101974487e-01 8.222623728215694427e-03
2.863299548625946045e-01 -2.978321909904479980e-01
5.155814439058303833e-02 2.566373534500598907e-02
-7.553593069314956665e-02 -1.220249105244874954e-02
-4.185272157192230225e-01 3.634127080440521240e-01
1.027811244130134583e-01 -2.998683750629425049e-01
-1.139708012342453003e-01 2.044403851032257080e-01
-3.161105141043663025e-02 2.204639315605163574e-01
-2.633279003202915192e-02 -1.604952067136764526e-01
-3.586185276508331299e-01 2.536651790142059326e-01
-1.014549508690834045e-01 3.067358732223510742e-01
1.614123433828353882e-01 5.951777845621109009e-02
-1.653648167848587036e-01 2.015173584222793579e-01
8.038143068552017212e-02 -1.607626378536224365e-01
-3.115770518779754639e-01 2.232248783111572266e-01
-3.372631669044494629e-01 6.041632220149040222e-02
-2.153752446174621582e-01 4.034520313143730164e-02
-1.781151145696640015e-01 1.482261568307876587e-01
1.351762115955352783e-01 -2.628060579299926758e-01
-1.495591402053833008e-01 6.721120327711105347e-02
2.285974919795989990e-01 -1.424919217824935913e-01
-1.325698494911193848e-01 7.097141444683074951e-02
-1.231634244322776794e-01 4.617670178413391113e-02
-4.108919575810432434e-02 3.574721142649650574e-02
-3.676373064517974854e-01 5.675891041755676270e-01
2.642430365085601807e-01 -2.240788638591766357e-01
2.579130828380584717e-01 -1.364200711250305176e-01
-1.845683529973030090e-02 2.094826847314834595e-01
3.724232614040374756e-01 -2.080495059490203857e-01
-2.126434147357940674e-01 2.281709462404251099e-01
7.292596995830535889e-02 -9.690132923424243927e-03
-1.319628059864044189e-01 -3.505861014127731323e-02
-3.017124235630035400e-01 3.325484991073608398e-01
3.011851944029331207e-02 -1.652446687221527100e-01
4.615871608257293701e-01 -4.432161450386047363e-01
7.227042317390441895e-02 1.144420951604843140e-01
-3.731572926044464111e-01 4.785592555999755859e-01
1.560929417610168457e-02 -6.901714205741882324e-02
-1.542825251817703247e-01 -9.848838299512863159e-02
1.718384027481079102e-01 -1.138973087072372437e-01
2.581750154495239258e-01 -2.439773231744766235e-01
-4.151854813098907471e-01 3.655239641666412354e-01
9.200407564640045166e-02 -2.819152772426605225e-01
1.227304637432098389e-01 -1.189243048429489136e-01
1.156402975320816040e-01 -1.058299019932746887e-01
2.641782462596893311e-01 -2.904602289199829102e-01
1.225529164075851440e-01 1.230501383543014526e-01
1.335158944129943848e-01 -5.209567025303840637e-02
-5.054197460412979126e-02 1.997750252485275269e-01
-3.856405243277549744e-02 -3.275969764217734337e-03
1.318483203649520874e-01 -1.915647462010383606e-02
-1.293755620718002319e-01 3.480942249298095703e-01
-2.754320800304412842e-01 3.988586664199829102e-01
4.339934140443801880e-02 -1.973987556993961334e-02
-1.092277020215988159e-01 1.661196649074554443e-01
-1.406075209379196167e-01 -3.363726660609245300e-02
