6.576334685087203979e-02 5.687074735760688782e-02
-2.441114373505115509e-02 3.508336609229445457e-03
8.322094380855560303e-02 -7.986072450876235962e-03
-3.314207866787910461e-02 -3.800630196928977966e-02
-1.068474352359771729e-01 2.892538905143737793e-01
1.062891185283660889e-01 -2.316245287656784058e-01
-1.985289603471755981e-01 6.129457801580429077e-02
1.682859808206558228e-01 -3.138424754142761230e-01
1.959006339311599731e-01 -2.529228627681732178e-01
-1.609299927949905396e-01 5.663218349218368530e-02
-1.335000339895486832e-02 -2.033764496445655823e-03
9.843204915523529053e-02 -1.033421456813812256e-01
8.525690436363220215e-02 -1.948571801185607910e-01
4.418016970157623291e-02 -8.693298324942588806e-03
2.371488064527511597e-01 -3.791103661060333252e-01
9.670914150774478912e-03 6.941025704145431519e-02
-6.235890090465545654e-02 1.526330709457397461e-01
2.724569737911224365e-01 -1.790484338998794556e-01
1.961251199245452881e-01 -3.320707380771636963e-01
1.843075901269912720e-01 -6.024267897009849548e-02
-8.118298649787902832e-02 1.339430660009384155e-01
1.006031408905982971e-01 -4.615797474980354309e-02
7.151178270578384399e-02 -7.944691181182861328e-02
-1.401329636573791504e-01 -1.078381091356277466e-01
-1.824766248464584351e-01 5.350339785218238831e-02
2.231316268444061279e-01 3.122783638536930084e-02
3.858032822608947754e-01 -3.683414757251739502e-01
-1.543947495520114899e-02 -9.348714351654052734e-02
-1.539671570062637329e-01 -1.203198581933975220e-01
7.090958952903747559e-02 1.593201421201229095e-02
1.045606434345245361e-01 9.344891458749771118e-02
-7.766418159008026123e-02 4.113718494772911072e-02
-4.278879985213279724e-02 -2.712550107389688492e-03
-6.048808991909027100e-02 5.599507316946983337e-02
-1.924858689308166504e-01 -6.223673745989799500e-02
1.492770910263061523e-01 1.086644083261489868e-01
8.781509846448898315e-02 -9.751632064580917358e-02
2.327799983322620392e-02 1.331238728016614914e-02
-9.459006786346435547e-02 9.234046563506126404e-03
2.120146304368972778e-01 -1.986333429813385010e-01
-2.189110405743122101e-02 -1.793850027024745941e-02
-9.575120359659194946e-02 5.556246265769004822e-02
-4.684298858046531677e-02 1.363646239042282104e-01
-5.228057969361543655e-03 3.569460287690162659e-02
1.821019798517227173e-01 -2.313857711851596832e-02
2.987800836563110352e-01 -9.541915357112884521e-02
-1.468697935342788696e-01 4.847645014524459839e-02
-6.704407744109630585e-03 1.306720972061157227e-01
9.286398440599441528e-02 -1.938293874263763428e-01
2.751195132732391357e-01 -2.024292796850204468e-01
1.884983794298022985e-04 -3.334460780024528503e-02
-6.297247111797332764e-02 1.620825082063674927e-01
-3.047048449516296387e-01 6.114410236477851868e-02
-4.850310087203979492e-02 -1.967120915651321411e-02
-7.738388329744338989e-02 -1.689574122428894043e-02
7.073477655649185181e-02 -1.422232091426849365e-01
-1.995353102684020996e-01 1.540845930576324463e-01
-9.031129628419876099e-02 4.570687189698219299e-02
4.594064876437187195e-02 -1.213763877749443054e-01
2.442066222429275513e-01 -2.381494492292404175e-01
5.322886258363723755e-02 9.822161495685577393e-02
-9.915106743574142456e-02 4.808387905359268188e-02
1.549925953149795532e-01 -2.114992290735244751e-01
-2.179628796875476837e-02 -5.369299650192260742e-02
-1.991523057222366333e-01 3.697258830070495605e-01
-2.564748227596282959e-01 1.875757873058319092e-01
-5.771479383111000061e-02 1.738252937793731689e-01
3.323308527469635010e-01 -3.909627795219421387e-01
3.578422963619232178e-01 -5.152474045753479004e-01
5.479539036750793457e-01 -4.654320776462554932e-01
-3.836588561534881592e-01 4.970149099826812744e-01
-1.099201291799545288e-01 -4.676957428455352783e-02
-3.049763739109039307e-01 4.271005094051361084e-01
-3.460628688335418701e-01 3.093678951263427734e-01
-9.225175529718399048e-02 2.228166849818080664e-04
-9.162660688161849976e-02 1.748669147491455078e-01
5.021142363548278809e-01 -7.039664387702941895e-01
-5.102361738681793213e-02 2.091137766838073730e-01
5.180984735488891602e-01 -2.839877605438232422e-01
1.307078748941421509e-01 -2.712332904338836670e-01
-1.076344370841979980e+00 9.835622310638427734e-01
-3.613789975643157959e-01 9.768965840339660645e-02
6.672226786613464355e-01 -7.532228827476501465e-01
-2.995452284812927246e-02 -6.087923422455787659e-02
-3.490641713142395020e-01 3.096254467964172363e-01
4.520448148250579834e-01 -3.467632532119750977e-01
2.963444590568542480e-01 -2.287116199731826782e-01
-6.632171273231506348e-01 6.678349375724792480e-01
-6.938459873199462891e-01 6.856068372726440430e-01
-6.611010432243347168e-01 6.631054878234863281e-01
8.392997384071350098e-01 -1.029988527297973633e+00
-1.134454309940338135e-01 -7.699871063232421875e-02
-1.612272858619689941e-01 -8.414577692747116089e-02
2.256658077239990234e-01 -2.389142811298370361e-01
7.919251918792724609e-03 -2.033927664160728455e-02
1.974962800741195679e-01 -1.784111261367797852e-01
-1.324482858180999756e-01 2.097138166427612305e-01
-4.398018121719360352e-01 3.050715327262878418e-01
5.165876746177673340e-01 -8.186303377151489258e-01
1.581861227750778198e-01 1.655604541301727295e-01
-2.422878146171569824e-01 6.805493682622909546e-02
1.288841366767883301e-01 -2.516830265522003174e-01
2.034800052642822266e-01 -3.575570881366729736e-02
-9.519006311893463135e-02 -1.495617777109146118e-01
2.446138411760330200e-01 -2.542026042938232422e-01
9.189557284116744995e-02 -5.296307057142257690e-02
-3.833940029144287109e-01 4.270135164260864258e-01
4.616001248359680176e-01 -4.011850059032440186e-01
1.662508249282836914e-01 -3.037450909614562988e-01
1.897948831319808960e-01 -8.203399926424026489e-02
-3.925311863422393799e-01 5.439223647117614746e-01
-7.039359956979751587e-02 1.923812925815582275e-01
8.258079290390014648e-01 -7.403156757354736328e-01
2.153018265962600708e-01 -4.309853315353393555e-01
9.560731798410415649e-02 -1.251229643821716309e-01
-1.583428233861923218e-01 2.918568067252635956e-02
-5.613226890563964844e-01 7.179722189903259277e-01
-9.333005547523498535e-02 1.837516874074935913e-01
1.817526668310165405e-01 -3.610907495021820068e-01
2.536062896251678467e-01 -2.445645332336425781e-01
4.746782481670379639e-01 -5.575907230377197266e-01
-6.134376525878906250e-01 5.469779372215270996e-01
2.793579697608947754e-01 -2.446939945220947266e-01
4.088404476642608643e-01 -5.104282498359680176e-01
3.036972880363464355e-01 -1.465708464384078979e-01
3.890143632888793945e-01 -3.426749110221862793e-01
-3.052212484180927277e-02 2.800464928150177002e-01
1.130219846963882446e-01 -2.241614460945129395e-01
4.051134884357452393e-01 -4.893569946289062500e-01
2.352988570928573608e-01 -4.348376989364624023e-01
2.056687772274017334e-01 -1.807365119457244873e-01
3.046790063381195068e-01 -2.320926040410995483e-01
2.862998545169830322e-01 -3.067399561405181885e-01
3.086536824703216553e-01 -3.692454695701599121e-01
-5.405331254005432129e-01 5.143842697143554688e-01
-5.074577406048774719e-02 -1.242183595895767212e-01
-4.224069118499755859e-01 2.515355050563812256e-01
2.685156464576721191e-01 -2.852695584297180176e-01
9.766148328781127930e-01 -8.098735809326171875e-01
2.358916699886322021e-01 -3.348609805107116699e-01
-1.154369115829467773e+00 9.961783289909362793e-01
-4.966905117034912109e-01 5.746338963508605957e-01
-9.062673449516296387e-01 6.623705625534057617e-01
1.193379521369934082e+00 -9.923686385154724121e-01
-3.230983391404151917e-02 8.135393261909484863e-02
-1.926354616880416870e-01 1.381450891494750977e-01
3.080570399761199951e-01 -3.542447984218597412e-01
-2.403336912393569946e-01 -1.427626702934503555e-03
1.131483986973762512e-01 -6.896845251321792603e-02
5.804989933967590332e-01 -4.714867770671844482e-01
2.710653245449066162e-01 -2.698481380939483643e-01
4.121505469083786011e-02 -8.348714560270309448e-02
-8.530220389366149902e-01 1.002028942108154297e+00
-2.671281695365905762e-01 6.298135221004486084e-02
-5.893159508705139160e-01 5.860542058944702148e-01
4.905527830123901367e-01 -3.188201189041137695e-01
-8.662585020065307617e-01 1.029195785522460938e+00
2.412317395210266113e-01 -3.515913486480712891e-01
7.080662250518798828e-02 -1.673033684492111206e-01
7.433175444602966309e-01 -7.937205433845520020e-01
-4.649199545383453369e-01 4.568348526954650879e-01
7.109309434890747070e-01 -7.788300514221191406e-01
-9.426359534263610840e-01 8.430080413818359375e-01
-3.791041076183319092e-01 4.914123415946960449e-01
1.069233894348144531e+00 -9.711141586303710938e-01
-8.610213175415992737e-03 1.847378164529800415e-01
-4.902356564998626709e-01 4.752074480056762695e-01
7.892513275146484375e-02 -5.344920605421066284e-02
-9.533988237380981445e-01 9.547174572944641113e-01
-9.052898883819580078e-01 7.863412499427795410e-01
8.707832694053649902e-01 -6.274557709693908691e-01
-1.400254607200622559e+00 1.317610740661621094e+00
7.449449300765991211e-01 -6.630981564521789551e-01
2.663709819316864014e-01 -1.100913137197494507e-01
1.202486082911491394e-01 -8.263999223709106445e-02
2.674069814383983612e-02 -1.951903551816940308e-01
2.401753365993499756e-01 -3.631070554256439209e-01
-3.470721244812011719e-01 3.394539356231689453e-01
1.310838311910629272e-01 -2.034077495336532593e-01
1.034680128097534180e+00 -7.882936596870422363e-01
-4.923129677772521973e-01 5.142697691917419434e-01
9.712420105934143066e-01 -9.847933650016784668e-01
3.874133229255676270e-01 -5.310328006744384766e-01
1.055167429149150848e-02 -3.468939289450645447e-02
2.123861759901046753e-01 -1.677414774894714355e-01
-3.562621474266052246e-01 2.717100977897644043e-01
4.429592192173004150e-01 -4.768397212028503418e-01
3.078297376632690430e-01 -3.922368288040161133e-01
-4.012619853019714355e-01 2.290391176939010620e-01
-1.396648734807968140e-01 1.492192447185516357e-01
-8.057942986488342285e-02 -7.508483529090881348e-02
1.506100058555603027e+00 -1.233048915863037109e+00
-1.341973617672920227e-02 5.532962083816528320e-02
9.391406923532485962e-02 -2.974210865795612335e-02
3.475598096847534180e-01 -3.648400604724884033e-01
2.800568938255310059e-01 -1.548413187265396118e-01
-3.763046860694885254e-02 -8.414485305547714233e-02
1.888834685087203979e-01 -1.008512973785400391e-01
-2.303553819656372070e-01 1.921688020229339600e-01
2.874794006347656250e-01 -2.715981304645538330e-01
1.064761132001876831e-01 -2.338110804557800293e-01
2.152331173419952393e-01 1.123972386121749878e-01
3.738526403903961182e-01 -3.706450164318084717e-01
-3.316490054130554199e-01 1.354979723691940308e-01
-3.536114096641540527e-02 -1.419061571359634399e-01
-4.531945660710334778e-02 1.298073679208755493e-01
2.141577303409576416e-01 -1.874695345759391785e-02
2.041341513395309448e-01 -3.141417801380157471e-01
5.935573950409889221e-02 -3.257875144481658936e-01
6.105675101280212402e-01 -4.467136561870574951e-01
4.255311489105224609e-01 -2.167009115219116211e-01
-8.142559230327606201e-02 1.312509924173355103e-01
4.334847256541252136e-02 -1.768969297409057617e-01
1.848478913307189941e-01 -1.034192144870758057e-01
1.389711201190948486e-01 -6.256164610385894775e-02
-1.463143676519393921e-01 1.126522496342658997e-01
-1.956660300493240356e-01 3.835447132587432861e-02
5.182942748069763184e-02 -8.639106154441833496e-02
1.195022463798522949e-01 -5.329145491123199463e-02
-1.891744881868362427e-02 2.097724676132202148e-01
-1.109924614429473877e-01 2.801224291324615479e-01
-3.082314729690551758e-01 3.391447067260742188e-01
-5.423233509063720703e-01 4.557188749313354492e-01
3.987576067447662354e-01 -3.843831717967987061e-01
-9.676803648471832275e-02 8.501131832599639893e-02
7.459609508514404297e-01 -4.769258797168731689e-01
-7.873856425285339355e-01 8.527259230613708496e-01
2.156810164451599121e-01 -1.917952904477715492e-03
4.090404808521270752e-01 -4.920675754547119141e-01
-7.699973881244659424e-02 5.987930670380592346e-02
-1.293277889490127563e-01 6.975727528333663940e-02
3.008913397789001465e-01 -3.198335468769073486e-01
-4.918168485164642334e-01 4.436612129211425781e-01
3.808141127228736877e-02 6.587552279233932495e-02
3.893593847751617432e-01 -3.081718981266021729e-01
-1.065980046987533569e-01 1.487655639648437500e-01
1.663953959941864014e-01 -3.513220846652984619e-01
2.695758044719696045e-01 -2.029476165771484375e-01
-1.057789996266365051e-01 7.108572125434875488e-02
-5.084688067436218262e-01 3.053192496299743652e-01
-5.971527472138404846e-02 2.061727792024612427e-01
8.652964979410171509e-02 -1.678059846162796021e-01
-1.601088643074035645e-01 4.695497453212738037e-02
-6.600569188594818115e-02 4.506097361445426941e-02
1.475659310817718506e-01 -7.247439771890640259e-02
3.759647905826568604e-01 -4.559138715267181396e-01
1.614802777767181396e-01 -5.289959907531738281e-02
2.267868816852569580e-02 1.403832882642745972e-01
-6.767834722995758057e-02 3.983343020081520081e-02
-8.514910191297531128e-02 -2.316048443317413330e-01
1.145588085055351257e-01 -9.265246987342834473e-02
9.204094111919403076e-02 -1.460838764905929565e-01
-1.207797080278396606e-01 1.443594601005315781e-02
-2.847158610820770264e-01 3.531382083892822266e-01
6.456553936004638672e-01 -5.938755869865417480e-01
6.016895771026611328e-01 -5.303120613098144531e-01
