-2.774437963962554932e-01 3.493736386299133301e-01
-2.312689572572708130e-01 -8.061519265174865723e-02
1.385829597711563110e-01 -1.271894276142120361e-01
-5.105976462364196777e-01 4.327744841575622559e-01
7.410517930984497070e-01 -6.080899834632873535e-01
2.746482491493225098e-01 -1.679730862379074097e-01
-1.274509727954864502e-01 9.511633962392807007e-02
-6.267955899238586426e-01 6.695622205734252930e-01
-7.992411032319068909e-03 -1.255072653293609619e-01
1.588394790887832642e-01 -2.659361064434051514e-01
-1.106934249401092529e-01 1.874959170818328857e-01
-1.271447837352752686e-01 1.842978298664093018e-01
-9.097713232040405273e-02 2.901067733764648438e-01
5.878614261746406555e-02 -9.663812816143035889e-02
-1.207235231995582581e-01 1.864673793315887451e-01
-4.241740703582763672e-01 4.738621413707733154e-01
2.856242358684539795e-01 -4.727867841720581055e-01
-8.926973342895507812e-01 7.906405329704284668e-01
-3.240868747234344482e-01 4.286997616291046143e-01
-8.344904780387878418e-01 6.826195716857910156e-01
3.266485929489135742e-01 -4.136761128902435303e-01
-1.205334439873695374e-01 3.839809894561767578e-01
-2.294305898249149323e-02 -1.904328465461730957e-01
-2.362744212150573730e-01 3.042620047926902771e-02
-6.524141132831573486e-02 2.624811828136444092e-01
-2.855542898178100586e-01 1.924675703048706055e-01
4.448627531528472900e-01 -4.426043033599853516e-01
-4.511181637644767761e-02 8.626849390566349030e-03
-2.210495471954345703e-01 1.724469363689422607e-01
-1.492011100053787231e-01 6.396933645009994507e-02
1.426082402467727661e-01 -2.832537293434143066e-01
-2.680654525756835938e-01 3.931323587894439697e-01
1.171478852629661560e-01 6.089733913540840149e-02
-9.230051934719085693e-02 2.190550863742828369e-01
-7.073429226875305176e-01 6.617333889007568359e-01
-5.427225306630134583e-02 -2.378440648317337036e-01
-9.753896854817867279e-03 -1.461106818169355392e-02
3.562248647212982178e-01 -5.242776870727539062e-01
-5.635896921157836914e-01 4.098401367664337158e-01
-5.532150268554687500e-01 6.873093843460083008e-01
4.755541086196899414e-01 -5.096812248229980469e-01
7.085238695144653320e-01 -5.854964256286621094e-01
-1.036051660776138306e-01 1.320708543062210083e-01
6.485009789466857910e-01 -4.438134431838989258e-01
5.403730869293212891e-01 -5.000405907630920410e-01
3.562793433666229248e-01 -3.030846714973449707e-01
-2.160157822072505951e-02 -1.509916037321090698e-01
-4.963745549321174622e-02 2.356063276529312134e-01
2.445672601461410522e-01 -3.521841764450073242e-01
-1.719013452529907227e-01 1.738390028476715088e-01
-1.408283412456512451e-01 1.945699006319046021e-01
5.058791041374206543e-01 -5.795333385467529297e-01
-9.670814871788024902e-02 4.776629060506820679e-02
2.627894878387451172e-01 -2.660500109195709229e-01
5.321910977363586426e-01 -4.491433203220367432e-01
3.737159967422485352e-01 -1.872757226228713989e-01
6.455852091312408447e-02 -8.081642538309097290e-02
-3.381302207708358765e-02 1.222118437290191650e-01
-3.426459431648254395e-01 1.514441668987274170e-01
-2.817429900169372559e-01 3.210698962211608887e-01
1.028557717800140381e-01 2.120170369744300842e-02
2.996942214667797089e-02 1.498163212090730667e-02
-7.088417410850524902e-01 7.746617794036865234e-01
1.153653208166360855e-02 -3.400437161326408386e-02
-5.568239688873291016e-01 5.810487270355224609e-01
3.624868094921112061e-01 -3.445056974887847900e-01
-6.417466402053833008e-01 4.172531664371490479e-01
-1.084938287734985352e+00 1.063189744949340820e+00
8.545511960983276367e-01 -1.125511765480041504e+00
4.768532887101173401e-02 2.019390165805816650e-01
-6.320996284484863281e-01 7.132834792137145996e-01
-5.600069165229797363e-01 5.543209314346313477e-01
-7.019218206405639648e-01 7.792779803276062012e-01
1.283886551856994629e+00 -1.291031241416931152e+00
-7.912124991416931152e-01 9.476337432861328125e-01
1.733724474906921387e-01 -2.325500696897506714e-01
-2.579773664474487305e-01 3.527008593082427979e-01
3.014687001705169678e-01 -3.206872344017028809e-01
1.947982758283615112e-01 -6.319174915552139282e-02
6.987925767898559570e-01 -5.893974304199218750e-01
3.537840675562620163e-03 8.586072921752929688e-02
-3.077348768711090088e-01 1.816197782754898071e-01
2.530892565846443176e-02 1.023757234215736389e-01
-8.998340368270874023e-01 1.030184030532836914e+00
-4.351531863212585449e-01 4.861288666725158691e-01
-4.639603197574615479e-01 5.387979149818420410e-01
-7.464065551757812500e-01 7.507615089416503906e-01
-7.677651047706604004e-01 7.410261631011962891e-01
-4.195072352886199951e-01 4.901823401451110840e-01
-1.126571059226989746e+00 1.021117925643920898e+00
-1.745225042104721069e-01 -6.315477937459945679e-02
-3.097724616527557373e-01 1.405821293592453003e-01
2.689573466777801514e-01 -3.483781814575195312e-01
-8.619405627250671387e-01 9.440335035324096680e-01
-4.005126953125000000e-01 4.845378398895263672e-01
1.235747411847114563e-01 -2.260101884603500366e-01
6.346030235290527344e-01 -5.931280851364135742e-01
-1.147870421409606934e+00 1.091217875480651855e+00
-9.195696711540222168e-01 9.373089671134948730e-01
3.990001976490020752e-02 5.500612035393714905e-02
-6.166226863861083984e-01 6.256508827209472656e-01
1.641872882843017578e+00 -1.631622552871704102e+00
-3.287035524845123291e-01 2.756047546863555908e-01
-1.203724265098571777e+00 1.254293680191040039e+00
1.682558774948120117e+00 -1.582183361053466797e+00
8.325248956680297852e-01 -9.155461788177490234e-01
9.881981611251831055e-01 -1.245105862617492676e+00
2.906191349029541016e-01 -8.197693526744842529e-02
3.139346837997436523e-01 -3.347002863883972168e-01
9.286664724349975586e-01 -1.197496771812438965e+00
4.084990024566650391e-01 -5.654840469360351562e-01
1.181905940175056458e-01 -1.145399361848831177e-01
-1.411133557558059692e-01 1.109463796019554138e-01
-6.110013127326965332e-01 5.860191583633422852e-01
-4.460271000862121582e-01 2.930659949779510498e-01
3.606008291244506836e-01 -2.594105899333953857e-01
-1.023322820663452148e+00 1.056154489517211914e+00
-5.098896846175193787e-02 2.145003229379653931e-01
8.256734013557434082e-01 -1.009793996810913086e+00
-2.847548723220825195e-01 3.521360754966735840e-01
5.682039856910705566e-01 -6.600690484046936035e-01
-7.377889752388000488e-01 5.415347218513488770e-01
-4.382067322731018066e-01 4.689751267433166504e-01
-8.468557000160217285e-01 8.354078531265258789e-01
-1.311602473258972168e+00 1.147567987442016602e+00
-6.729778647422790527e-02 1.431287676095962524e-01
-1.457247495651245117e+00 1.465091109275817871e+00
5.947165489196777344e-01 -3.734651505947113037e-01
-4.716665446758270264e-01 5.420153737068176270e-01
-3.691736981272697449e-02 -2.617622613906860352e-01
-8.501780033111572266e-02 8.259743452072143555e-02
-2.422390282154083252e-01 2.586026489734649658e-01
7.852517068386077881e-03 -9.108798578381538391e-03
7.562254369258880615e-02 1.853660866618156433e-02
-9.407293051481246948e-02 1.413357406854629517e-01
-2.995643615722656250e-01 2.914444804191589355e-01
4.961701035499572754e-01 -6.001638770103454590e-01
-1.064630523324012756e-01 3.639318346977233887e-01
4.387896358966827393e-01 -3.844835460186004639e-01
3.112159669399261475e-01 -3.521915674209594727e-01
2.273317426443099976e-01 -1.763081997632980347e-01
-5.431461334228515625e-01 5.207912921905517578e-01
7.278273701667785645e-01 -7.271618247032165527e-01
-8.604248054325580597e-03 -1.294181402772665024e-02
1.254775971174240112e-01 -1.744358688592910767e-01
2.872679829597473145e-01 -2.929047644138336182e-01
1.255924999713897705e-01 -3.589122295379638672e-01
1.551640629768371582e-01 -2.496246546506881714e-01
-1.453313380479812622e-01 7.291758060455322266e-02
2.462943047285079956e-01 -1.169558465480804443e-01
-6.672420501708984375e-01 7.803795933723449707e-01
-7.696006912738084793e-03 1.153616458177566528e-01
3.072676360607147217e-01 -2.106791287660598755e-01
3.363649845123291016e-01 -5.007492303848266602e-01
2.988033294677734375e-01 -2.563607096672058105e-01
1.402910947799682617e-01 -1.794935464859008789e-01
-2.724219113588333130e-02 -2.077194899320602417e-01
3.016432821750640869e-01 -1.740895956754684448e-01
6.538292169570922852e-01 -8.309745192527770996e-01
-9.279349446296691895e-01 1.012134790420532227e+00
1.021710515022277832e+00 -1.101597547531127930e+00
4.435587227344512939e-01 -3.664186596870422363e-01
7.176466584205627441e-01 -8.678321838378906250e-01
3.193477690219879150e-01 -2.961587309837341309e-01
-2.586463093757629395e-01 4.373748600482940674e-01
6.548570394515991211e-01 -5.683437585830688477e-01
-3.789092004299163818e-01 3.859281241893768311e-01
-2.597572505474090576e-01 2.839407324790954590e-01
9.579424262046813965e-01 -9.550166726112365723e-01
2.089862823486328125e-01 -3.164177834987640381e-01
-1.835945695638656616e-01 2.415600717067718506e-01
7.977385520935058594e-01 -8.091050386428833008e-01
-1.933964192867279053e-01 7.915993779897689819e-02
1.554675996303558350e-01 8.508221060037612915e-02
-3.227766603231430054e-02 1.712673902511596680e-01
3.086297512054443359e-01 -3.649988770484924316e-01
6.929322481155395508e-01 -7.024169564247131348e-01
-6.350947916507720947e-02 5.364437028765678406e-02
-9.821248054504394531e-02 -1.332449615001678467e-01
-7.764917612075805664e-01 6.591740846633911133e-01
-9.828045964241027832e-01 8.601467013359069824e-01
-7.951126098632812500e-01 8.896180987358093262e-01
-1.558890938758850098e-01 2.121916711330413818e-01
-4.021677747368812561e-02 3.274860978126525879e-02
2.902574241161346436e-01 -5.143746733665466309e-01
4.251332581043243408e-01 -5.287426114082336426e-01
2.323979586362838745e-01 -2.244525104761123657e-01
3.470688462257385254e-01 -1.142417639493942261e-01
6.293143630027770996e-01 -6.663975715637207031e-01
-4.729923903942108154e-01 3.299641609191894531e-01
-3.565302789211273193e-01 2.073125988245010376e-01
-1.675979606807231903e-02 2.425306662917137146e-02
-1.976180970668792725e-01 4.395841434597969055e-02
-2.268346995115280151e-01 2.532489001750946045e-01
-3.675162326544523239e-03 -8.216661959886550903e-02
1.113772019743919373e-01 -1.648174785077571869e-02
-3.743913471698760986e-01 4.847886562347412109e-01
1.131717637181282043e-01 -1.310687810182571411e-01
-2.651651799678802490e-01 4.022869169712066650e-01
-5.939406156539916992e-01 6.269394159317016602e-01
1.998913884162902832e-01 -2.137123197317123413e-01
-1.177220344543457031e-01 1.006740331649780273e-01
-1.272430829703807831e-02 -8.907631784677505493e-02
1.051092296838760376e-01 -6.590692698955535889e-02
1.093687023967504501e-02 -1.239028573036193848e-01
-3.592137396335601807e-01 3.277514576911926270e-01
2.216123342514038086e-01 -9.376626461744308472e-02
6.876305490732192993e-02 -2.682426385581493378e-02
-4.983354359865188599e-03 -2.591675845906138420e-03
3.260356187820434570e-02 2.701578140258789062e-01
3.462670743465423584e-01 -3.774612843990325928e-01
-1.030021347105503082e-03 1.150851100683212280e-01
-3.588174581527709961e-01 2.234466671943664551e-01
-1.225593909621238708e-01 3.801757097244262695e-02
-3.866858780384063721e-01 3.880814611911773682e-01
-1.481380760669708252e-01 1.234352514147758484e-01
-7.452753931283950806e-02 -7.346540689468383789e-02
1.373287588357925415e-01 -1.674309223890304565e-01
-3.859711065888404846e-02 1.004848480224609375e-01
-4.067584574222564697e-01 5.164027810096740723e-01
2.079507857561111450e-01 -1.982299685478210449e-01
-4.790073335170745850e-01 4.178456962108612061e-01
1.969006806612014771e-01 -2.062222212553024292e-01
-7.157554626464843750e-01 5.764353871345520020e-01
-2.921456992626190186e-01 2.877453863620758057e-01
1.398008316755294800e-01 -4.123881459236145020e-02
5.390714406967163086e-01 -2.450195550918579102e-01
1.669655926525592804e-02 1.370537467300891876e-02
6.068646535277366638e-02 1.022975370287895203e-01
6.990450620651245117e-02 -2.447126507759094238e-01
-7.059325575828552246e-01 6.149192452430725098e-01
-1.895082741975784302e-01 4.389140307903289795e-01
5.719794631004333496e-01 -4.974058270454406738e-01
8.868558332324028015e-03 -1.889501139521598816e-02
-7.128974795341491699e-01 7.652251720428466797e-01
5.375853180885314941e-01 -4.553485512733459473e-01
-1.279833763837814331e-01 5.178401246666908264e-02
-2.504189014434814453e-01 1.989754587411880493e-01
-8.834069967269897461e-02 8.828700333833694458e-02
5.003281235694885254e-01 -6.572499871253967285e-01
9.274463355541229248e-02 -2.649061083793640137e-01
2.275476008653640747e-01 -1.297529339790344238e-01
-1.092687845230102539e-01 -1.422213613986968994e-01
-2.576237618923187256e-01 9.346430003643035889e-02
-5.960546806454658508e-02 1.808009594678878784e-01
-1.861079335212707520e-01 1.159688904881477356e-01
-3.286074399948120117e-01 2.983867824077606201e-01
1.758565306663513184e-01 -1.057983860373497009e-01
8.105827122926712036e-02 -1.367980837821960449e-01
8.707702904939651489e-02 5.427230522036552429e-02
2.375343814492225647e-03 -1.078042313456535339e-01
3.338364064693450928e-01 -4.380080997943878174e-01
5.286824330687522888e-02 7.943195290863513947e-03
6.531141996383666992e-01 -7.044818401336669922e-01
-3.523341417312622070e-01 4.687388539314270020e-01
2.688953876495361328e-01 -1.578980088233947754e-01
