-1.261699050664901733e-01 1.797198057174682617e-01
-1.001339852809906006e-01 1.282510310411453247e-01
4.383218288421630859e-02 1.093171387910842896e-01
-5.169038102030754089e-02 1.306184679269790649e-01
-2.498418241739273071e-01 4.555046930909156799e-02
-6.261205673217773438e-02 1.515410840511322021e-01
-9.533840417861938477e-02 -1.074980273842811584e-01
3.485289514064788818e-01 -4.920403659343719482e-01
-2.508181147277355194e-02 -1.137187108397483826e-01
3.507856279611587524e-02 2.347715049982070923e-01
-1.488701999187469482e-02 1.491563022136688232e-01
7.502514868974685669e-02 2.009664848446846008e-02
-2.219169735908508301e-01 2.303984016180038452e-01
2.074464038014411926e-02 -1.891461014747619629e-01
-9.520754963159561157e-02 -1.124405637383460999e-01
9.722534567117691040e-03 1.363464593887329102e-01
-8.475089073181152344e-02 -5.729805678129196167e-02
3.106854856014251709e-02 6.303919013589620590e-03
2.490590810775756836e-01 -5.435705184936523438e-01
-2.515626549720764160e-01 2.815480828285217285e-01
-3.656272217631340027e-02 1.434583123773336411e-02
-5.387889742851257324e-01 4.288689196109771729e-01
-1.179728433489799500e-01 1.567579954862594604e-01
-1.637008041143417358e-01 2.164064198732376099e-01
8.358967024832963943e-04 -3.135725483298301697e-02
1.180501282215118408e-01 -4.734927043318748474e-02
-3.101090667769312859e-03 8.829154074192047119e-02
-7.773392368108034134e-03 -7.322835270315408707e-03
-1.257432252168655396e-01 1.074433624744415283e-01
-1.191062629222869873e-01 6.913878023624420166e-02
5.002320930361747742e-02 -4.168394953012466431e-03
2.358986884355545044e-01 -1.395397633314132690e-01
-7.324893772602081299e-02 -1.258208602666854858e-01
6.073206663131713867e-02 -1.722429990768432617e-01
1.255183517932891846e-01 -1.931029707193374634e-01
1.448723077774047852e-01 -2.908638119697570801e-01
3.954033851623535156e-01 -3.645653724670410156e-01
-2.029670029878616333e-02 -4.806090891361236572e-02
1.338783204555511475e-01 -1.152245774865150452e-01
2.591704130172729492e-01 -1.429309844970703125e-01
2.259907126426696777e-01 -2.738715708255767822e-01
-1.204363852739334106e-01 6.207668036222457886e-02
5.664067342877388000e-02 -1.449883580207824707e-01
-1.356940250843763351e-02 4.354957491159439087e-02
1.184941008687019348e-01 -1.477339565753936768e-01
-1.663425005972385406e-02 9.909708797931671143e-02
-3.187994360923767090e-01 3.679485917091369629e-01
5.934365093708038330e-02 4.446092247962951660e-02
-2.945765554904937744e-01 1.389687787741422653e-02
1.403744332492351532e-03 -1.114726662635803223e-01
9.217645972967147827e-02 -1.619555056095123291e-01
-7.611428946256637573e-02 -6.918977200984954834e-02
-1.352617982774972916e-02 4.169759154319763184e-02
-5.988071486353874207e-02 5.406297743320465088e-02
-2.027590274810791016e-01 7.290718704462051392e-02
-2.450987100601196289e-01 1.974045038223266602e-01
2.159635722637176514e-02 1.722089387476444244e-02
8.249287307262420654e-02 -9.498119354248046875e-02
-4.225634038448333740e-01 2.758977115154266357e-01
-1.979449093341827393e-01 2.612402439117431641e-01
3.604365978389978409e-03 2.035994781181216240e-03
-7.437772303819656372e-02 -9.155956096947193146e-03
2.506162822246551514e-01 -1.944211125373840332e-01
-2.020207792520523071e-01 5.747897922992706299e-02
7.432278245687484741e-02 2.264296710491180420e-01
-2.773978114128112793e-01 1.583172753453254700e-02
1.395757347345352173e-01 -7.164129614830017090e-02
-7.206560969352722168e-01 7.727773189544677734e-01
-1.296716183423995972e-01 1.013794615864753723e-01
-2.572067677974700928e-01 3.560482859611511230e-01
3.143270015716552734e-01 -3.815238177776336670e-01
1.420733809471130371e+00 -1.286124110221862793e+00
2.651119232177734375e-01 -2.890580296516418457e-01
-2.831136882305145264e-01 3.861063122749328613e-01
3.779112696647644043e-01 -2.596057057380676270e-01
-3.969232141971588135e-01 4.106137156486511230e-01
-2.081542760133743286e-01 1.248159036040306091e-01
-3.804865106940269470e-02 5.523015931248664856e-02
-3.020415082573890686e-02 4.791852831840515137e-02
-2.945764362812042236e-01 1.320647001266479492e-01
5.490625277161598206e-02 -5.141943693161010742e-02
-1.979382187128067017e-01 1.492186933755874634e-01
1.688708811998367310e-01 -1.848786473274230957e-01
-1.351699382066726685e-01 2.311889380216598511e-01
2.917416580021381378e-02 -2.907586395740509033e-01
-8.460637331008911133e-01 7.175261378288269043e-01
-6.471419930458068848e-01 6.077741980552673340e-01
-2.056189328432083130e-01 2.142046540975570679e-01
2.249852009117603302e-02 1.241278052330017090e-01
-3.335455656051635742e-01 2.793661355972290039e-01
-1.988691389560699463e-01 2.717418968677520752e-01
-2.292706221342086792e-01 9.679451584815979004e-02
1.177886724472045898e-01 -6.987313926219940186e-02
-3.043558597564697266e-01 2.031836360692977905e-01
4.940398335456848145e-01 -5.084716081619262695e-01
3.444264233112335205e-01 -2.699382305145263672e-01
7.057914733886718750e-01 -5.916306376457214355e-01
-1.134684309363365173e-01 2.687754929065704346e-01
3.207166492938995361e-01 -1.708673834800720215e-01
7.800055742263793945e-01 -7.124583721160888672e-01
6.891504526138305664e-01 -8.028824925422668457e-01
-1.429455578327178955e-01 1.362446397542953491e-01
4.671854078769683838e-01 -4.566826522350311279e-01
6.116339564323425293e-01 -7.674053311347961426e-01
9.981442689895629883e-01 -9.467326402664184570e-01
-1.220314204692840576e-01 -1.575498282909393311e-02
-4.400247037410736084e-01 2.736009657382965088e-01
3.592115938663482666e-01 -3.711223900318145752e-01
-5.791201591491699219e-01 5.882147550582885742e-01
1.341382414102554321e-01 1.375128235667943954e-02
-6.422564387321472168e-01 3.905651271343231201e-01
-4.716069996356964111e-02 1.068558990955352783e-01
-1.598517298698425293e-01 1.475496888160705566e-01
-1.426887363195419312e-01 5.820293724536895752e-02
-6.961200237274169922e-01 5.486028790473937988e-01
-1.882876269519329071e-02 -2.751221880316734314e-02
-2.792560495436191559e-02 1.900265663862228394e-01
-5.714038014411926270e-01 4.848393797874450684e-01
1.039977371692657471e-01 -5.031750723719596863e-02
-2.070565670728683472e-01 2.544668614864349365e-01
5.920995771884918213e-02 -8.308608084917068481e-02
-1.204477529972791672e-02 3.727255761623382568e-02
-2.972255460917949677e-02 1.976990997791290283e-01
-3.099400103092193604e-01 1.790029853582382202e-01
-2.493707388639450073e-01 3.458276987075805664e-01
4.740553498268127441e-01 -4.513830244541168213e-01
2.312451303005218506e-01 -3.721408247947692871e-01
-1.772132962942123413e-01 1.521766036748886108e-01
2.826307415962219238e-01 -2.519505321979522705e-01
-1.788433641195297241e-01 2.218008190393447876e-01
-1.262556165456771851e-01 -1.084605604410171509e-01
-8.765199184417724609e-01 9.749844670295715332e-01
-6.924861073493957520e-01 6.897340416908264160e-01
-6.984370201826095581e-02 4.564476013183593750e-02
-4.689491093158721924e-01 4.832278788089752197e-01
3.504579663276672363e-01 -2.401215434074401855e-01
-6.444473266601562500e-01 7.685822248458862305e-01
9.929071664810180664e-01 -1.150837779045104980e+00
1.057918906211853027e+00 -1.153284668922424316e+00
2.667162120342254639e-01 -1.229689046740531921e-01
-3.593629300594329834e-01 1.440474838018417358e-01
-6.187768578529357910e-01 7.168132662773132324e-01
-2.958413660526275635e-01 4.689849019050598145e-01
2.580503821372985840e-01 -3.278772532939910889e-01
7.411890625953674316e-01 -6.142172813415527344e-01
8.841334283351898193e-02 -1.865058243274688721e-01
-2.375985831022262573e-01 2.232118993997573853e-01
-6.437808275222778320e-01 7.866725325584411621e-01
4.700542986392974854e-01 -2.485909759998321533e-01
-3.448354303836822510e-01 4.890846908092498779e-01
-2.157407104969024658e-01 3.054941594600677490e-01
8.816637843847274780e-02 -2.201903425157070160e-02
2.744272649288177490e-01 -2.489001154899597168e-01
-1.609439849853515625e-01 1.183624342083930969e-01
1.821824759244918823e-01 -1.278297007083892822e-01
-8.143373727798461914e-01 1.015278220176696777e+00
-7.400842905044555664e-01 6.598426103591918945e-01
-1.953794956207275391e-01 3.313857018947601318e-01
4.092313647270202637e-01 -3.133794963359832764e-01
8.320201635360717773e-01 -8.313794732093811035e-01
-1.299063563346862793e-01 2.728577852249145508e-01
4.711447954177856445e-01 -5.549811720848083496e-01
-2.366695702075958252e-01 5.070406198501586914e-01
-1.325120776891708374e-01 9.975688904523849487e-02
7.927078008651733398e-01 -7.746173143386840820e-01
1.034198887646198273e-02 6.577588617801666260e-02
4.931093379855155945e-02 1.136415079236030579e-01
-1.298734173178672791e-02 -5.298791453242301941e-02
1.142610013484954834e-01 -1.573449671268463135e-01
-7.648664712905883789e-01 7.285117506980895996e-01
9.711736440658569336e-01 -9.275795817375183105e-01
-1.298771023750305176e+00 1.465238451957702637e+00
-1.027676276862621307e-02 1.033111438155174255e-01
8.555630594491958618e-02 -3.727153241634368896e-01
-2.352202236652374268e-01 4.557431638240814209e-01
3.472067117691040039e-01 -4.214662611484527588e-01
-2.739659547805786133e-01 4.293196499347686768e-01
-1.225588917732238770e+00 1.110247969627380371e+00
1.532420963048934937e-01 -1.667354404926300049e-01
-1.843731701374053955e-01 9.473093599081039429e-02
-4.496040046215057373e-01 7.421566247940063477e-01
-7.739533483982086182e-02 2.143727838993072510e-01
4.774822890758514404e-01 -5.013872385025024414e-01
-3.233395889401435852e-02 -1.548997908830642700e-01
-3.770884498953819275e-02 3.046818673610687256e-01
6.069867014884948730e-01 -6.655479073524475098e-01
-4.137861728668212891e-02 -4.927916452288627625e-03
-1.060270816087722778e-01 -1.147954389452934265e-01
-4.109492599964141846e-01 4.218114316463470459e-01
-3.472390770912170410e-01 1.796728521585464478e-01
9.507255554199218750e-01 -1.183477759361267090e+00
-1.975815296173095703e-01 1.182535663247108459e-01
-1.414130181074142456e-01 -5.801650881767272949e-02
-8.250963687896728516e-02 2.229898422956466675e-01
5.828948020935058594e-01 -4.483191967010498047e-01
2.765507809817790985e-02 -2.663773484528064728e-02
-3.617386519908905029e-01 4.372781813144683838e-01
6.866434216499328613e-02 1.794419735670089722e-01
-9.620400518178939819e-02 5.069118365645408630e-02
5.448739230632781982e-02 -6.584463268518447876e-02
1.349687669426202774e-02 2.381011992692947388e-01
2.173794955015182495e-01 -2.590868156403303146e-03
-9.760138578712940216e-03 5.538189038634300232e-02
-6.818855181336402893e-03 1.837723329663276672e-02
-1.911155730485916138e-01 7.969210296869277954e-02
4.429197683930397034e-02 1.064471378922462463e-01
-5.255485177040100098e-01 3.794918358325958252e-01
3.259583190083503723e-02 1.703033968806266785e-02
6.290035322308540344e-03 -1.622738689184188843e-02
-1.099336668848991394e-01 1.167255863547325134e-01
-2.129262536764144897e-01 -4.592414945363998413e-02
-1.318409293889999390e-01 1.897120773792266846e-01
-1.604888215661048889e-02 1.136326603591442108e-02
-5.008423700928688049e-02 2.529122829437255859e-01
-1.510461866855621338e-01 2.719706892967224121e-01
-6.668316572904586792e-02 2.003430575132369995e-01
-1.504905372858047485e-01 7.499395310878753662e-02
-2.362874150276184082e-01 2.013558447360992432e-01
-8.700402826070785522e-02 -3.885807842016220093e-02
-3.360259234905242920e-01 4.126859605312347412e-01
-3.600403964519500732e-01 2.346436083316802979e-01
-4.443807154893875122e-02 1.264637857675552368e-01
-3.920211195945739746e-01 2.103843390941619873e-01
1.348496973514556885e-01 -1.363379955291748047e-01
3.441846370697021484e-01 -1.970102936029434204e-01
-7.383503019809722900e-02 2.018238902091979980e-01
-6.858237981796264648e-01 5.181695222854614258e-01
-2.570776939392089844e-01 1.291088610887527466e-01
1.354706287384033203e-01 -3.205581381916999817e-02
1.560513395816087723e-02 -1.212957594543695450e-02
-1.466123312711715698e-01 1.725468933582305908e-01
2.776270173490047455e-02 4.106056317687034607e-02
-3.958268463611602783e-02 -1.144420281052589417e-01
-3.774647414684295654e-01 3.218919038772583008e-01
3.426634669303894043e-01 -2.287416160106658936e-01
-4.521371796727180481e-02 -8.231548964977264404e-02
1.758498251438140869e-01 -7.212415337562561035e-02
-7.494022697210311890e-02 6.433412432670593262e-02
-3.286711573600769043e-01 5.436865091323852539e-01
-4.490811750292778015e-02 1.016802266240119934e-01
1.288082301616668701e-01 -1.160505861043930054e-01
-2.222909629344940186e-01 8.504170924425125122e-02
-4.491349309682846069e-02 1.315459161996841431e-01
1.326877623796463013e-01 -5.715470761060714722e-03
-1.487645506858825684e-01 3.043934404850006104e-01
-9.177918732166290283e-02 3.641161695122718811e-02
-1.075443159788846970e-02 1.433724015951156616e-01
1.671682298183441162e-01 -5.626582354307174683e-02
5.444553215056657791e-03 3.318519145250320435e-02
1.921511888504028320e-01 -9.212461858987808228e-02
4.733254760503768921e-02 1.016831099987030029e-01
-1.826090812683105469e-01 2.355086803436279297e-02
-3.049171268939971924e-01 3.301334381103515625e-01
-1.647344976663589478e-01 3.172662854194641113e-01
3.753584623336791992e-01 -2.804827392101287842e-01
4.395433664321899414e-01 -2.368998527526855469e-01
