1.458182781934738159e-01 -1.303812116384506226e-01
-9.650277346372604370e-02 1.014608815312385559e-01
1.494944095611572266e-01 -1.684732884168624878e-01
5.239860713481903076e-02 -5.027454718947410583e-02
1.723049953579902649e-02 9.594293311238288879e-03
-3.215884566307067871e-01 3.307675570249557495e-02
1.500339619815349579e-02 -2.311909571290016174e-02
5.392901226878166199e-02 -7.589427381753921509e-02
-1.671215593814849854e-01 3.299193978309631348e-01
-4.042352363467216492e-02 9.539145231246948242e-02
-9.732278436422348022e-02 -2.086676210165023804e-01
-1.339286416769027710e-01 1.268410384654998779e-01
-1.095025464892387390e-01 -3.922547772526741028e-02
-1.718366518616676331e-02 -8.175783604383468628e-02
4.698374122381210327e-02 -1.034408211708068848e-01
2.112256586551666260e-01 -1.441754996776580811e-01
9.782759100198745728e-02 -5.658348649740219116e-02
-1.921516507863998413e-01 5.542761832475662231e-02
-9.726376831531524658e-02 4.617602750658988953e-02
2.083157449960708618e-01 -1.634279340505599976e-01
4.807703569531440735e-02 -3.913193568587303162e-02
1.618145555257797241e-01 -2.976431548595428467e-01
1.798339188098907471e-01 -3.115926086902618408e-01
-1.498293429613113403e-01 1.276324242353439331e-01
2.528903260827064514e-02 -2.791035175323486328e-01
-2.101713716983795166e-01 2.571002244949340820e-01
1.935774683952331543e-01 3.696736320853233337e-02
3.528390526771545410e-01 -1.175301596522331238e-01
-3.069374561309814453e-01 1.395134329795837402e-01
1.037005931138992310e-01 -7.764892280101776123e-02
-2.010175287723541260e-01 5.859041586518287659e-02
-1.831667125225067139e-01 -6.542530655860900879e-02
-1.158995032310485840e-01 8.816112577915191650e-02
6.465140730142593384e-02 -1.061085760593414307e-01
-3.131834790110588074e-02 1.704614460468292236e-01
-8.024656027555465698e-02 -6.748034060001373291e-02
-8.248393982648849487e-02 1.391560733318328857e-01
-1.453398615121841431e-01 -2.659627608954906464e-02
6.597580015659332275e-02 -1.901986896991729736e-01
2.428870461881160736e-02 9.870600188151001930e-04
8.927262574434280396e-02 -3.279523551464080811e-01
2.076159119606018066e-01 -1.155224144458770752e-01
6.227732822299003601e-02 -1.909199804067611694e-01
6.370429694652557373e-02 -3.140737116336822510e-02
2.446800656616687775e-02 7.692282646894454956e-02
-1.094763576984405518e-01 2.444225177168846130e-02
1.468558609485626221e-01 8.124223910272121429e-03
-4.552289471030235291e-02 1.162063628435134888e-01
4.570968821644783020e-02 -7.058409601449966431e-02
-8.397300541400909424e-02 -1.861122320406138897e-03
1.282746158540248871e-02 -7.446857169270515442e-03
-4.479876661207526922e-04 1.839697733521461487e-02
3.506224136799573898e-03 4.756508395075798035e-02
2.037320584058761597e-01 -2.190460562705993652e-01
-4.345851391553878784e-02 1.163330599665641785e-01
3.380206599831581116e-02 -1.871490776538848877e-01
5.279012024402618408e-02 -6.935722380876541138e-02
3.776490390300750732e-01 -1.626305580139160156e-01
-1.826351732015609741e-01 1.194334104657173157e-01
3.589995503425598145e-01 -1.285670101642608643e-01
-5.023594200611114502e-02 2.709329128265380859e-01
-6.158228497952222824e-03 7.154514640569686890e-02
4.242220520973205566e-02 6.198587827384471893e-03
1.200047060847282410e-01 -2.121776789426803589e-01
1.576302573084831238e-02 -2.085895389318466187e-01
-5.711470544338226318e-02 -8.858168125152587891e-02
2.550005614757537842e-01 -2.068085074424743652e-01
-1.035713329911231995e-01 9.182712994515895844e-03
-1.193970069289207458e-01 -4.938377067446708679e-02
-2.160039693117141724e-01 2.643248140811920166e-01
-1.401815414428710938e-01 1.085472330451011658e-01
4.876790195703506470e-02 -1.825303137302398682e-01
-4.553987458348274231e-02 2.078153491020202637e-01
-1.204605549573898315e-01 3.612561151385307312e-02
-8.114926517009735107e-02 -6.510870158672332764e-02
2.301898151636123657e-01 -1.312758326530456543e-01
-4.350574314594268799e-02 9.100099653005599976e-02
1.905221939086914062e-01 -2.492729127407073975e-01
9.431129693984985352e-02 -1.492108851671218872e-01
-1.209253892302513123e-01 -9.310358762741088867e-02
1.092383489012718201e-01 -1.291096806526184082e-01
-1.056150794029235840e-01 1.011197194457054138e-01
1.866842061281204224e-01 -2.480900436639785767e-01
5.125470459461212158e-02 -2.425013929605484009e-01
1.261795908212661743e-01 -2.212748229503631592e-01
5.997370555996894836e-02 -8.464321494102478027e-02
1.037643998861312866e-01 -1.754427254199981689e-01
-1.486633569002151489e-01 4.537960514426231384e-02
-3.253354132175445557e-02 3.049496561288833618e-03
-1.069136559963226318e-01 2.238889187574386597e-01
-1.128299999982118607e-02 -4.304754734039306641e-02
-3.150627613067626953e-01 1.488555967807769775e-01
-1.210070848464965820e-01 1.764532774686813354e-01
-2.658109925687313080e-02 1.243962049484252930e-01
1.709056198596954346e-01 -7.688450813293457031e-02
-5.211895331740379333e-02 -3.135417774319648743e-02
2.163326144218444824e-01 -5.575021356344223022e-02
6.855859607458114624e-02 -2.469179332256317139e-01
-2.276566475629806519e-01 2.676111161708831787e-01
4.947734996676445007e-03 1.404987927526235580e-02
-6.186082493513822556e-03 6.385724246501922607e-02
-1.011036559939384460e-01 1.710283756256103516e-01
2.912494242191314697e-01 -2.909944653511047363e-01
2.863062620162963867e-01 -3.656601607799530029e-01
1.513915956020355225e-01 -2.404163479804992676e-01
1.630625687539577484e-03 -1.731900870800018311e-01
3.167520761489868164e-01 -6.032845750451087952e-02
-1.492223590612411499e-01 -8.518603444099426270e-02
2.233629524707794189e-01 -7.116103172302246094e-02
-1.677324175834655762e-01 1.600423604249954224e-01
2.275164723396301270e-01 -8.041752129793167114e-02
-4.339775536209344864e-03 2.356890887022018433e-01
-1.437545418739318848e-01 3.091739490628242493e-02
2.191415056586265564e-02 -6.743172556161880493e-02
8.081336319446563721e-02 3.582362458109855652e-02
-1.712761819362640381e-01 9.065093845129013062e-02
1.753307729959487915e-01 5.050989985466003418e-02
1.451231837272644043e-01 -2.969956099987030029e-01
-1.025766506791114807e-01 7.177655398845672607e-02
1.093556433916091919e-01 -1.056719422340393066e-01
-1.177254319190979004e-01 1.323534846305847168e-01
1.644625514745712280e-01 -1.035571396350860596e-01
-7.196358591318130493e-02 1.014532297849655151e-01
1.621309369802474976e-01 -1.397796422243118286e-01
-1.760104000568389893e-01 4.017294198274612427e-02
-6.346977502107620239e-02 1.549317389726638794e-01
-1.518792957067489624e-01 2.524989545345306396e-01
1.774449944496154785e-01 -1.876732409000396729e-01
3.011471331119537354e-01 -1.150752753019332886e-01
-9.244436770677566528e-02 -1.144936978816986084e-01
-2.639223635196685791e-01 1.068547070026397705e-01
-1.867223083972930908e-01 1.875176429748535156e-01
-1.502689421176910400e-01 1.202071234583854675e-01
2.519076168537139893e-01 9.017272293567657471e-02
-1.256187558174133301e-01 1.396192610263824463e-01
-1.731702387332916260e-01 2.662504650652408600e-02
-2.047087699174880981e-01 1.582269221544265747e-01
2.243323773145675659e-01 6.990985572338104248e-02
-1.167398467659950256e-01 -1.563317887485027313e-02
1.728096008300781250e-01 -1.982899904251098633e-01
1.299084424972534180e-01 -8.704507350921630859e-02
5.279418081045150757e-02 6.257279217243194580e-02
-1.665079742670059204e-01 1.934184432029724121e-01
-1.641825400292873383e-02 8.601917326450347900e-02
1.614635437726974487e-01 -2.589119672775268555e-01
1.018266454339027405e-01 -1.424763649702072144e-01
-9.427987039089202881e-02 9.898741543292999268e-02
1.441442058421671391e-03 2.054008990526199341e-01
1.588732562959194183e-02 -1.186218559741973877e-01
-1.722752004861831665e-01 5.656315386295318604e-02
-1.249213144183158875e-01 1.522417366504669189e-01
9.355398267507553101e-02 -2.182064056396484375e-01
1.979911327362060547e-01 -2.169426530599594116e-01
1.001383960247039795e-01 -1.183992698788642883e-01
-7.312247157096862793e-02 -4.814926534891128540e-02
3.200186491012573242e-01 -1.558265686035156250e-01
-3.255634009838104248e-01 5.849410966038703918e-02
2.057351917028427124e-01 -3.029417395591735840e-01
7.804653048515319824e-02 4.714482277631759644e-02
-1.834319531917572021e-01 1.671343445777893066e-01
-4.036229848861694336e-02 4.931571707129478455e-02
-1.294665336608886719e-01 2.214206010103225708e-01
-2.238527834415435791e-01 4.191748332232236862e-03
6.354241818189620972e-02 -2.689052186906337738e-02
1.999454945325851440e-01 -2.623273730278015137e-01
-8.533745259046554565e-02 -2.367484122514724731e-01
2.402739226818084717e-01 -1.554283797740936279e-01
-4.133715853095054626e-02 1.371608674526214600e-01
5.161604657769203186e-02 -7.193003594875335693e-02
6.186500191688537598e-02 2.052640020847320557e-01
1.671345829963684082e-01 -8.732166141271591187e-02
-1.196562275290489197e-01 1.475039124488830566e-01
1.679669171571731567e-01 -1.223288998007774353e-01
-3.710737824440002441e-01 1.263336278498172760e-02
5.780274048447608948e-02 6.991407275199890137e-02
-2.709463834762573242e-01 3.455846309661865234e-01
1.234150454401969910e-01 -2.162943482398986816e-01
-1.884486973285675049e-01 1.841163039207458496e-01
-8.244862407445907593e-02 7.278987020254135132e-02
1.288915276527404785e-01 -1.173940375447273254e-01
1.276731044054031372e-01 -1.825976967811584473e-01
-1.992660909891128540e-01 -2.327599376440048218e-02
6.571308523416519165e-02 3.119678981602191925e-02
-1.416519135236740112e-01 1.825143396854400635e-02
-6.801839172840118408e-02 2.004171460866928101e-01
-2.465304434299468994e-01 3.366922214627265930e-02
2.072678506374359131e-02 -5.029722303152084351e-02
5.815941467881202698e-02 -1.234275400638580322e-01
-2.743906974792480469e-01 7.833018153905868530e-02
-2.364783138036727905e-01 1.866225451231002808e-01
-8.154211193323135376e-02 2.045504897832870483e-01
5.441166460514068604e-02 1.101712435483932495e-01
6.709859520196914673e-02 -1.508238017559051514e-01
7.900702953338623047e-02 1.896293759346008301e-01
3.575080633163452148e-02 2.618196420371532440e-02
1.539589315652847290e-01 -6.630717217922210693e-02
2.099181860685348511e-01 1.208692509680986404e-02
-1.780688646249473095e-03 1.467949599027633667e-01
-4.492221772670745850e-02 8.964585140347480774e-03
-1.697621541097760201e-03 -6.629154831171035767e-02
-2.933949232101440430e-01 1.978987604379653931e-01
1.913666874170303345e-01 -2.864308953285217285e-01
-1.194274947047233582e-01 3.749261423945426941e-02
1.258946806192398071e-01 -5.576509609818458557e-02
-1.401004940271377563e-01 1.594161428511142731e-02
-9.980217367410659790e-02 1.650954633951187134e-01
-8.660046011209487915e-02 -4.344872012734413147e-02
1.181486994028091431e-02 -2.579501830041408539e-02
-1.249228715896606445e-01 1.238502338528633118e-01
-1.058283075690269470e-01 6.527382135391235352e-02
5.018244683742523193e-02 -6.291500478982925415e-02
-1.971661485731601715e-02 -2.996375858783721924e-01
9.171448647975921631e-03 1.585736274719238281e-01
2.791093289852142334e-02 -2.712807431817054749e-02
3.609862877056002617e-03 3.390739858150482178e-02
-2.801789939403533936e-01 9.960914403200149536e-02
1.316343396902084351e-01 -8.338569104671478271e-02
-1.427120566368103027e-01 1.485749781131744385e-01
1.416236907243728638e-01 -3.006061166524887085e-02
6.966309994459152222e-02 -1.007236093282699585e-01
1.323980242013931274e-01 1.718043982982635498e-01
7.707677036523818970e-02 1.021840795874595642e-01
9.521908313035964966e-02 2.304295636713504791e-02
1.121692210435867310e-01 -3.034952655434608459e-02
3.364868834614753723e-02 -3.673654422163963318e-02
1.157155260443687439e-01 -1.478289812803268433e-01
-1.459916681051254272e-01 1.617472171783447266e-01
3.256143927574157715e-01 -1.886832267045974731e-01
7.394176721572875977e-02 -1.438726931810379028e-01
1.284140944480895996e-01 -9.034109860658645630e-02
1.464853882789611816e-01 -1.162481084465980530e-01
1.229176074266433716e-01 -1.639452129602432251e-01
3.115071170032024384e-02 -6.304927915334701538e-02
1.171906739473342896e-01 -2.567361854016780853e-02
2.051326930522918701e-01 -5.976031720638275146e-02
-1.593153327703475952e-01 6.789334118366241455e-02
-2.653820253908634186e-02 6.084191147238016129e-03
-1.909885182976722717e-02 -3.714175522327423096e-02
6.087898090481758118e-02 2.611423730850219727e-01
1.485917866230010986e-01 7.655481807887554169e-03
-1.628904230892658234e-02 -3.673018887639045715e-02
1.419783383607864380e-01 1.238192021846771240e-01
8.439110964536666870e-02 5.839583650231361389e-02
4.571738839149475098e-02 -2.669452726840972900e-01
-3.959668055176734924e-02 3.068185225129127502e-02
1.554471552371978760e-01 -2.080855071544647217e-01
-1.430753991007804871e-02 1.169283688068389893e-01
-8.773716166615486145e-03 -1.595393568277359009e-02
1.477920264005661011e-01 -4.626701772212982178e-02
2.119807898998260498e-01 -1.034185960888862610e-01
-2.395480126142501831e-02 1.091813668608665466e-01
-1.624894514679908752e-02 1.080255731940269470e-01
-7.228392362594604492e-02 6.457390636205673218e-02
-5.329779535531997681e-02 -1.460912986658513546e-03
-7.181909680366516113e-02 -1.617063730955123901e-01
9.203457832336425781e-02 -1.801414191722869873e-01
