9.951397776603698730e-02 -9.341593831777572632e-02
2.256572991609573364e-01 -2.388774901628494263e-01
1.607746928930282593e-01 -2.053248509764671326e-02
1.013654284179210663e-03 1.989894807338714600e-01
-1.431466341018676758e-01 2.669912576675415039e-01
-3.374138101935386658e-02 -5.061990022659301758e-02
-9.001757949590682983e-02 -2.037321962416172028e-02
6.780228018760681152e-02 -1.077029034495353699e-01
-2.629420161247253418e-01 1.069161444902420044e-01
-3.708452731370925903e-02 9.028434008359909058e-02
-1.931659877300262451e-03 -2.839267440140247345e-02
-1.298033893108367920e-01 1.764855533838272095e-01
-1.688320934772491455e-01 4.112797677516937256e-01
-3.141439557075500488e-01 2.844648659229278564e-01
-2.758215367794036865e-01 4.003845155239105225e-01
-5.517522618174552917e-02 -9.213127940893173218e-02
3.701066672801971436e-01 -3.522674739360809326e-01
-5.512177944183349609e-01 3.458423018455505371e-01
1.905702352523803711e-01 -2.556033134460449219e-01
-1.320467144250869751e-01 -7.199005037546157837e-02
-5.132901668548583984e-01 5.299479961395263672e-01
-1.364854425191879272e-01 1.216290742158889771e-01
4.772201180458068848e-02 -1.335939019918441772e-01
-9.236813336610794067e-02 6.109346821904182434e-02
-6.905149668455123901e-02 3.769775852560997009e-02
-4.405428469181060791e-01 4.952463209629058838e-01
2.214954793453216553e-01 -1.973534375429153442e-01
5.341405980288982391e-03 8.823408186435699463e-02
-1.853378415107727051e-01 3.112328946590423584e-01
1.036725491285324097e-01 -1.745851188898086548e-01
1.150902137160301208e-01 -2.197036147117614746e-02
-2.996011376380920410e-01 2.303548753261566162e-01
2.718133628368377686e-01 -4.216547906398773193e-01
-1.014010980725288391e-01 3.374393656849861145e-02
7.994665950536727905e-02 -9.772381931543350220e-02
-3.224882781505584717e-01 4.050581455230712891e-01
-1.593445688486099243e-01 2.828889191150665283e-01
-3.931834697723388672e-01 3.166334927082061768e-01
-2.802290916442871094e-01 4.436481595039367676e-01
2.247598767280578613e-01 -2.149971872568130493e-01
-6.003615632653236389e-02 -7.475046440958976746e-03
-5.206342041492462158e-02 -4.596571996808052063e-02
1.068283319473266602e-01 2.787062153220176697e-02
-2.405274212360382080e-01 9.745610505342483521e-02
2.200908400118350983e-02 -5.745700374245643616e-02
1.391335111111402512e-02 6.111019477248191833e-02
-2.173545062541961670e-01 5.868579149246215820e-01
-4.518599063158035278e-02 2.053691595792770386e-01
2.827914059162139893e-01 -3.800130486488342285e-01
-1.186706591397523880e-03 -3.847716376185417175e-02
-2.603997290134429932e-01 1.081854254007339478e-01
-3.497982025146484375e-01 1.367200314998626709e-01
4.891813918948173523e-02 -1.948447227478027344e-01
-5.894549190998077393e-02 2.217372357845306396e-01
-3.098262660205364227e-02 -7.452701777219772339e-02
8.524031192064285278e-02 -1.847212314605712891e-01
3.230871856212615967e-01 -2.622137665748596191e-01
3.462332189083099365e-01 -2.471910715103149414e-01
-4.102887213230133057e-02 7.052535563707351685e-02
4.083295539021492004e-02 5.833382159471511841e-02
-1.581183373928070068e-01 4.341632872819900513e-02
-8.214519917964935303e-02 1.307618990540504456e-02
-1.654673665761947632e-01 1.450181454420089722e-01
-4.762277901172637939e-01 4.376834332942962646e-01
3.092554509639739990e-01 -2.270520627498626709e-01
4.122431278228759766e-01 -3.525305092334747314e-01
7.063410244882106781e-03 -2.464763671159744263e-01
-3.497655987739562988e-01 4.072960913181304932e-01
4.806608259677886963e-01 -3.306497335433959961e-01
-7.954196631908416748e-02 7.316238433122634888e-02
-2.269058227539062500e-01 3.007097542285919189e-01
4.038561880588531494e-01 -3.116499483585357666e-01
-5.134204626083374023e-01 4.297608733177185059e-01
1.313784420490264893e-01 -2.895861268043518066e-01
-1.174814254045486450e-01 5.567466467618942261e-02
3.313308954238891602e-01 -5.027779936790466309e-01
-3.075407743453979492e-01 3.790490031242370605e-01
-2.017455846071243286e-01 2.291700839996337891e-01
-6.226342916488647461e-01 4.406042098999023438e-01
5.371651053428649902e-01 -4.460805058479309082e-01
-4.153535887598991394e-02 7.525040209293365479e-02
-1.575381904840469360e-01 2.208794280886650085e-02
4.650615155696868896e-01 -4.110350012779235840e-01
2.396412193775177002e-01 -3.341022729873657227e-01
-3.648491799831390381e-01 2.385250926017761230e-01
4.683258235454559326e-01 -3.713120818138122559e-01
2.610444128513336182e-01 -1.840281635522842407e-01
-3.148199021816253662e-01 3.016840815544128418e-01
-3.270237743854522705e-01 1.132455542683601379e-01
-5.328869447112083435e-02 -1.314719170331954956e-01
-8.898624777793884277e-02 -2.093124240636825562e-01
1.729918420314788818e-01 -1.655824035406112671e-01
2.280966639518737793e-01 -2.624645531177520752e-01
-6.768057495355606079e-02 -7.871646434068679810e-02
-3.451965153217315674e-01 1.836411058902740479e-01
-3.825268745422363281e-01 2.590610384941101074e-01
2.827388346195220947e-01 -3.671712875366210938e-01
-2.927702069282531738e-01 4.662013053894042969e-01
1.202920079231262207e-01 -3.541021645069122314e-01
-1.849600225687026978e-01 3.586042821407318115e-01
6.200043484568595886e-02 -2.603446692228317261e-02
-2.430016547441482544e-01 3.080998659133911133e-01
-3.644024729728698730e-01 4.562742114067077637e-01
1.630399525165557861e-01 -2.437589913606643677e-01
-3.246508911252021790e-02 -3.977522253990173340e-02
-1.475349515676498413e-01 -9.313091635704040527e-02
1.689344197511672974e-01 -5.007893592119216919e-02
2.077680528163909912e-01 4.622460156679153442e-02
3.642863035202026367e-01 -4.479732215404510498e-01
-3.782977461814880371e-01 3.600331842899322510e-01
5.049794912338256836e-01 -5.172228813171386719e-01
3.587808459997177124e-02 4.774564132094383240e-02
2.930184900760650635e-01 -2.306789904832839966e-01
3.103442490100860596e-01 -3.507514894008636475e-01
-1.210065856575965881e-01 1.667451411485671997e-01
-2.119450718164443970e-01 1.677996516227722168e-01
-4.258240759372711182e-02 2.791433781385421753e-02
-3.017139732837677002e-01 4.650514721870422363e-01
-1.683439910411834717e-01 1.920011639595031738e-01
4.665980935096740723e-01 -3.350293636322021484e-01
-9.983685612678527832e-02 -1.833788901567459106e-01
1.397052258253097534e-01 -6.229111552238464355e-02
-2.526309490203857422e-01 2.548627257347106934e-01
-8.288911194540560246e-04 -3.582141175866127014e-02
-3.048573732376098633e-01 2.824966907501220703e-01
-9.555941447615623474e-03 4.363454505801200867e-02
-1.754287779331207275e-01 6.930860877037048340e-02
-1.772140413522720337e-01 1.526058018207550049e-01
-3.995288610458374023e-01 1.770384609699249268e-01
5.299177765846252441e-01 -4.415797889232635498e-01
5.956318601965904236e-02 -2.586311101913452148e-02
-2.099260985851287842e-01 3.530572652816772461e-01
-2.938748598098754883e-01 2.081547677516937256e-01
1.821263879537582397e-02 1.362962573766708374e-01
4.041530489921569824e-01 -3.092561364173889160e-01
4.284778237342834473e-01 -3.742974996566772461e-01
-2.353216558694839478e-01 3.746145367622375488e-01
-3.640245199203491211e-01 2.415573149919509888e-01
-2.329001277685165405e-01 1.406467556953430176e-01
3.351850807666778564e-01 -3.290913403034210205e-01
-4.882727563381195068e-02 7.387940585613250732e-02
-4.383583366870880127e-01 3.420120179653167725e-01
-2.494980394840240479e-01 4.545521438121795654e-01
1.477719694375991821e-01 7.874286919832229614e-02
1.891617327928543091e-01 -4.492439031600952148e-01
2.865739762783050537e-01 -2.140218317508697510e-01
-4.257891774177551270e-01 4.105578958988189697e-01
1.698173880577087402e-01 -1.386996954679489136e-01
-4.100071787834167480e-01 4.627971947193145752e-01
1.243348494172096252e-01 -1.636426299810409546e-01
-8.698618412017822266e-02 5.727211013436317444e-02
3.076903223991394043e-01 -2.091086506843566895e-01
-6.897175312042236328e-01 5.166923403739929199e-01
1.665739119052886963e-01 7.526392582803964615e-03
-1.356439888477325439e-01 1.353021860122680664e-01
3.075234778225421906e-02 -9.088278561830520630e-02
-3.161148428916931152e-01 4.148793220520019531e-01
-4.412789642810821533e-01 3.214819729328155518e-01
-2.157128304243087769e-01 1.783175617456436157e-01
-2.083752304315567017e-02 5.267366766929626465e-02
-2.254900336265563965e-01 3.107841014862060547e-01
1.103416550904512405e-02 4.913521185517311096e-02
4.764516353607177734e-01 -3.677416145801544189e-01
2.360704243183135986e-01 -6.782186776399612427e-02
-3.751795887947082520e-01 3.063638806343078613e-01
1.490373015403747559e-01 -1.833138912916183472e-01
2.031790614128112793e-01 -2.811650037765502930e-01
2.282167971134185791e-02 -7.375846058130264282e-02
1.343150287866592407e-01 -3.232643306255340576e-01
3.040252625942230225e-01 -2.458998113870620728e-01
2.757668793201446533e-01 -3.388349711894989014e-01
8.113554865121841431e-02 8.191850781440734863e-02
-1.243658140301704407e-01 4.458625912666320801e-01
-1.585481613874435425e-01 2.344441115856170654e-01
-1.328042149543762207e-01 2.833220064640045166e-01
-2.009533494710922241e-01 1.642214953899383545e-01
-7.837554067373275757e-02 -1.065767407417297363e-01
-2.840662300586700439e-01 3.041126430034637451e-01
-1.606093794107437134e-01 4.701468944549560547e-01
5.165062546730041504e-01 -3.957964181900024414e-01
-4.334098100662231445e-02 1.351289153099060059e-01
-8.720310777425765991e-02 1.973148584365844727e-01
3.837359845638275146e-01 -4.707720577716827393e-01
2.922553122043609619e-01 -2.242263406515121460e-01
-7.783178240060806274e-02 -1.899139210581779480e-02
9.030590951442718506e-02 -1.258384883403778076e-01
-3.512929379940032959e-01 4.736653566360473633e-01
-1.302158683538436890e-01 6.432630121707916260e-02
-5.931496620178222656e-01 5.688536763191223145e-01
4.648005366325378418e-01 -2.529217302799224854e-01
3.274522423744201660e-01 -4.962660968303680420e-01
-3.802558779716491699e-01 3.648590743541717529e-01
1.591839343309402466e-01 6.963860988616943359e-02
-1.156704202294349670e-01 9.538958966732025146e-02
1.269984841346740723e-01 1.244703494012355804e-02
1.040316149592399597e-01 -8.931322395801544189e-02
-1.747650466859340668e-02 2.235024869441986084e-01
-2.940017282962799072e-01 2.148902863264083862e-01
3.073179721832275391e-01 -3.061634600162506104e-01
6.833595782518386841e-02 -1.608532369136810303e-01
-1.405582875013351440e-01 2.188187688589096069e-01
-3.003109991550445557e-02 -1.613086462020874023e-01
-1.158907860517501831e-01 -1.746507547795772552e-02
-3.732665255665779114e-02 2.473492026329040527e-01
2.078030407428741455e-01 -1.707399338483810425e-01
-2.476629763841629028e-01 1.383725255727767944e-01
1.337777972221374512e-01 9.289510548114776611e-02
2.656874358654022217e-01 -2.739390432834625244e-01
-4.098843783140182495e-02 2.159730345010757446e-02
1.644746959209442139e-01 -3.153599500656127930e-01
-8.756323903799057007e-02 -6.194084882736206055e-02
2.386315912008285522e-02 -8.300354331731796265e-02
3.342717885971069336e-01 -2.966479063034057617e-01
2.487157583236694336e-01 -2.041776478290557861e-01
1.638310253620147705e-01 -1.974818110466003418e-01
-3.128932788968086243e-02 1.751143038272857666e-01
-2.718353271484375000e-01 3.392722904682159424e-01
1.222484037280082703e-01 4.036460071802139282e-03
3.442303836345672607e-02 -2.731366083025932312e-02
1.915137171745300293e-01 -2.071959376335144043e-01
-1.205178070813417435e-02 3.292356804013252258e-02
-2.900559902191162109e-01 1.838215142488479614e-01
-7.809738814830780029e-02 4.150635749101638794e-02
3.305625915527343750e-02 3.845842182636260986e-02
-2.873565815389156342e-02 4.487874358892440796e-02
-7.841926813125610352e-02 4.404858499765396118e-02
1.257880926132202148e-01 -1.892045438289642334e-01
-2.632550708949565887e-02 1.463450584560632706e-02
2.952126264572143555e-01 -5.581349134445190430e-02
-1.636830121278762817e-01 2.639811933040618896e-01
-1.397973597049713135e-01 1.390647441148757935e-01
-1.311758067458868027e-02 4.808539524674415588e-02
-2.662688493728637695e-02 1.769255846738815308e-02
-1.815327405929565430e-01 7.707630097866058350e-02
-7.718667387962341309e-03 -1.078787222504615784e-01
8.587017655372619629e-02 7.139917463064193726e-02
5.713202059268951416e-02 -1.932646185159683228e-01
2.710979315452277660e-04 8.970599621534347534e-02
7.762837409973144531e-02 -1.471851319074630737e-01
3.862504288554191589e-02 6.658995151519775391e-02
1.141887083649635315e-01 3.448309004306793213e-02
-1.588172465562820435e-01 2.769718766212463379e-01
-3.565242886543273926e-02 1.390960663557052612e-01
1.536265313625335693e-01 -1.006207242608070374e-01
-1.038887575268745422e-01 8.807752281427383423e-02
-1.885535717010498047e-01 3.124237619340419769e-02
-9.140945971012115479e-02 1.015160232782363892e-01
-5.652504414319992065e-02 1.011625155806541443e-01
1.475915312767028809e-01 -1.012735217809677124e-01
1.987919211387634277e-02 1.004799380898475647e-01
-1.122937947511672974e-01 8.371137082576751709e-02
-1.050061509013175964e-01 1.174352541565895081e-01
-2.118159383535385132e-01 5.090522021055221558e-02
-3.356577828526496887e-02 -2.528620883822441101e-02
-6.072639487683773041e-03 8.063400536775588989e-02
-9.710764139890670776e-02 -9.929832071065902710e-03
