-1.169615238904953003e-01 4.299730360507965088e-01
-2.536125779151916504e-01 6.151689291000366211e-01
1.781311780214309692e-01 -2.482892721891403198e-01
-3.079313412308692932e-02 -2.894381619989871979e-02
-7.248905301094055176e-02 -4.305201768875122070e-02
8.134492486715316772e-02 3.166018426418304443e-02
-2.776726782321929932e-01 1.509137004613876343e-01
1.667527407407760620e-01 5.928254220634698868e-03
-2.934076488018035889e-01 2.481383085250854492e-01
2.448483407497406006e-01 -1.800736784934997559e-01
1.398780047893524170e-01 -4.157038778066635132e-02
-8.383340202271938324e-03 8.404623717069625854e-02
-3.341501057147979736e-01 3.180749416351318359e-01
2.926951050758361816e-01 -1.343310326337814331e-01
2.141446173191070557e-01 -2.228883504867553711e-01
-8.239804953336715698e-02 -9.597326070070266724e-02
-8.040819317102432251e-02 6.940559297800064087e-02
-3.156682252883911133e-01 5.154484510421752930e-01
3.991716802120208740e-01 -2.656991183757781982e-01
1.758078932762145996e-01 8.405058085918426514e-02
7.461611181497573853e-03 6.475821137428283691e-02
-6.665273755788803101e-02 1.746648699045181274e-01
-1.351955682039260864e-01 2.106078416109085083e-01
-1.967578381299972534e-01 1.035604253411293030e-01
-2.487373501062393188e-01 1.922718249261379242e-02
-3.573984205722808838e-01 4.403238296508789062e-01
-2.195985056459903717e-02 -1.373214274644851685e-01
-2.220390588045120239e-01 1.829103082418441772e-01
-2.055573761463165283e-01 3.641820847988128662e-01
2.283812314271926880e-01 -1.844170391559600830e-01
1.155496574938297272e-03 -1.226082295179367065e-01
7.832674309611320496e-03 -1.633734256029129028e-02
1.864229589700698853e-01 -1.386941075325012207e-01
-2.347439527511596680e-01 2.894515693187713623e-01
5.844754725694656372e-02 -1.800770163536071777e-01
4.636640548706054688e-01 -3.020978569984436035e-01
-1.914409250020980835e-01 1.777220666408538818e-01
3.033304214477539062e-01 -2.013135850429534912e-01
3.807387053966522217e-01 -4.450143873691558838e-01
-2.460961788892745972e-01 2.642674148082733154e-01
-2.019249945878982544e-01 -2.137456648051738739e-02
2.098098397254943848e-01 4.782935604453086853e-02
-1.737869903445243835e-02 3.338447213172912598e-02
3.805959522724151611e-01 -3.697506487369537354e-01
1.102043837308883667e-01 -9.237780235707759857e-03
-7.293588016182184219e-03 -2.572918236255645752e-01
-1.182784885168075562e-01 -7.301551103591918945e-02
1.598450094461441040e-01 1.062969267368316650e-01
1.388801820576190948e-02 -3.736837953329086304e-02
5.302792787551879883e-02 -3.719203174114227295e-02
-8.321825414896011353e-02 5.793675780296325684e-02
1.486943662166595459e-01 -2.442734837532043457e-01
-1.311814188957214355e-01 1.001946032047271729e-01
-4.682972282171249390e-02 1.916251778602600098e-01
2.562466077506542206e-02 -4.706143960356712341e-02
-6.307595968246459961e-02 2.494385242462158203e-01
5.812445655465126038e-02 -3.321666643023490906e-02
-8.416043221950531006e-02 1.564099937677383423e-01
-4.471671581268310547e-01 2.932797670364379883e-01
2.531823702156543732e-02 -9.847642481327056885e-02
6.489735841751098633e-02 -4.196499660611152649e-02
-2.148256599903106689e-01 3.591924607753753662e-01
-2.996989525854587555e-02 -2.848551049828529358e-02
4.714282974600791931e-02 1.704821735620498657e-01
-1.973454654216766357e-01 9.078364074230194092e-02
7.550074905157089233e-02 -1.534129977226257324e-01
3.885518014430999756e-01 -2.751508951187133789e-01
-2.603878378868103027e-01 2.517077028751373291e-01
1.822578161954879761e-01 -4.764229431748390198e-02
-8.461479097604751587e-02 -1.503765583038330078e-03
-2.763493955135345459e-01 2.386562377214431763e-01
-4.424786269664764404e-01 6.023289561271667480e-01
-4.444356560707092285e-01 4.904333949089050293e-01
3.624442219734191895e-01 -5.011593103408813477e-01
-2.978557050228118896e-01 4.344461858272552490e-02
-1.246201321482658386e-01 1.481907963752746582e-01
-1.419616639614105225e-01 1.043080016970634460e-01
-8.772516623139381409e-03 1.426507346332073212e-02
-1.475390344858169556e-01 1.288138478994369507e-01
2.044189274311065674e-01 -2.932107746601104736e-01
1.949608325958251953e-01 -2.850261628627777100e-01
-4.361513257026672363e-01 3.495990335941314697e-01
3.240267336368560791e-01 -2.947946488857269287e-01
-1.235543042421340942e-01 1.886960715055465698e-01
1.490955054759979248e-01 -1.345907151699066162e-01
5.067542940378189087e-02 -1.900236010551452637e-01
-1.331228613853454590e-01 1.654880940914154053e-01
-1.909116655588150024e-01 -5.114714056253433228e-02
-3.302008658647537231e-02 1.067199036478996277e-01
-5.849534273147583008e-01 6.313970685005187988e-01
-3.852296173572540283e-01 1.324173212051391602e-01
4.297205507755279541e-01 -1.913441121578216553e-01
1.919439136981964111e-01 -1.713522374629974365e-01
-1.691372245550155640e-01 1.375565081834793091e-01
-4.739686846733093262e-01 3.700015544891357422e-01
1.068778559565544128e-01 -1.871289014816284180e-01
-5.032689869403839111e-02 -2.876521460711956024e-02
-4.821793138980865479e-01 4.408251643180847168e-01
-3.730973973870277405e-02 -4.399751126766204834e-02
-2.315668016672134399e-02 6.069900095462799072e-02
-1.355748176574707031e-01 7.228749245405197144e-02
2.867773175239562988e-01 -3.167806565761566162e-01
-3.337073922157287598e-01 7.905982434749603271e-02
-3.645482659339904785e-01 3.214572072029113770e-01
2.572453916072845459e-01 6.481007486581802368e-02
2.436479032039642334e-01 -3.881586492061614990e-01
-5.121282860636711121e-02 1.221102755516767502e-02
2.676371932029724121e-01 -2.031472176313400269e-01
5.421555638313293457e-01 -5.063918828964233398e-01
5.002078786492347717e-02 -9.815379232168197632e-02
1.819806843996047974e-01 -1.650168746709823608e-01
-1.959052532911300659e-01 4.548282921314239502e-01
2.090909890830516815e-02 -1.605725288391113281e-01
-2.069562971591949463e-01 2.732591629028320312e-01
2.784266471862792969e-01 -1.756600439548492432e-01
-1.848918795585632324e-01 1.957459598779678345e-01
-3.107935488224029541e-01 2.861472964286804199e-01
2.859046459197998047e-01 -3.150662183761596680e-01
1.699375454336404800e-03 -1.595318317413330078e-01
2.732562273740768433e-02 -5.399585515260696411e-02
3.081522881984710693e-01 -5.788196921348571777e-01
2.729599475860595703e-01 -3.451837301254272461e-01
-5.002597570419311523e-01 3.889972269535064697e-01
-1.695509701967239380e-01 1.217183656990528107e-02
-4.913933873176574707e-01 4.495716989040374756e-01
-2.410590499639511108e-01 1.358670890331268311e-01
-2.390427887439727783e-01 4.487711936235427856e-02
7.795577496290206909e-02 -1.877574473619461060e-01
9.023459628224372864e-03 2.413952536880970001e-02
-2.288186252117156982e-01 2.049620151519775391e-01
2.350631952285766602e-01 -2.056003063917160034e-01
2.567568421363830566e-01 -5.144835114479064941e-01
-1.589480191469192505e-01 6.395547837018966675e-02
-2.154430896043777466e-01 1.901407986879348755e-01
1.759066805243492126e-02 -1.163718998432159424e-01
2.723075151443481445e-01 -2.019154131412506104e-01
1.453936249017715454e-01 -9.987021237611770630e-02
-2.988835573196411133e-01 1.247832998633384705e-01
2.131572067737579346e-01 -3.437277376651763916e-01
-3.012462556362152100e-01 4.071435034275054932e-01
-4.283428192138671875e-01 4.183553755283355713e-01
-2.168951630592346191e-01 2.050590366125106812e-01
2.217946201562881470e-01 -2.163923531770706177e-01
2.354476302862167358e-01 -1.644363850355148315e-01
-8.018141239881515503e-02 1.997889727354049683e-01
-1.743153482675552368e-01 1.124237775802612305e-01
3.184159398078918457e-01 -4.924847483634948730e-01
-2.203959226608276367e-01 1.586138010025024414e-01
-8.766361325979232788e-02 -3.184034675359725952e-02
3.967040181159973145e-01 -4.045276939868927002e-01
-1.251615434885025024e-01 1.942461133003234863e-01
-4.524402022361755371e-01 3.614021241664886475e-01
-2.825368642807006836e-01 3.898105323314666748e-01
-2.451557815074920654e-01 3.237089812755584717e-01
-2.049734257161617279e-02 3.050732016563415527e-01
-4.012648165225982666e-01 4.016907811164855957e-01
1.734261065721511841e-01 -3.246246874332427979e-01
-3.665426671504974365e-01 3.691529035568237305e-01
-3.428517580032348633e-01 2.425874769687652588e-01
3.247008472681045532e-02 1.224688440561294556e-01
-1.224503219127655029e-01 2.538912929594516754e-02
3.374515101313591003e-02 6.727261841297149658e-02
3.756861686706542969e-01 -1.747710406780242920e-01
4.190138280391693115e-01 -4.871298670768737793e-01
-1.090663447976112366e-01 5.874744802713394165e-02
-1.999967545270919800e-01 2.620627880096435547e-01
-3.368008434772491455e-01 1.744824945926666260e-01
1.390158236026763916e-01 -2.290689796209335327e-01
-2.745543420314788818e-01 1.553613599389791489e-02
1.523884832859039307e-01 -2.186289429664611816e-01
-6.100056692957878113e-03 -5.644479766488075256e-03
-5.885398387908935547e-02 9.630674123764038086e-02
2.087006270885467529e-01 -1.873762011528015137e-01
4.248221814632415771e-01 -4.720822572708129883e-01
-4.361467659473419189e-01 2.219669669866561890e-01
1.208820492029190063e-01 -4.490348976105451584e-03
8.585812896490097046e-02 -1.209442913532257080e-01
1.894747316837310791e-01 -3.183024823665618896e-01
9.733127057552337646e-02 1.830161781981587410e-03
-2.578328549861907959e-01 -1.834391802549362183e-02
-1.036578491330146790e-01 1.906596869230270386e-01
1.787228286266326904e-01 -1.115715652704238892e-01
1.686861962080001831e-01 -7.109075784683227539e-02
2.251214981079101562e-01 -1.609684377908706665e-01
4.041929543018341064e-02 -8.544639497995376587e-02
5.513166785240173340e-01 -3.354216516017913818e-01
-3.276296854019165039e-01 3.484674990177154541e-01
3.087309300899505615e-01 -2.935163378715515137e-01
2.515377998352050781e-01 -2.424600124359130859e-01
-2.326862365007400513e-01 3.511218428611755371e-01
2.661428153514862061e-01 -1.697370857000350952e-01
-2.430124208331108093e-02 -6.159918382763862610e-02
-2.714159786701202393e-01 1.195483654737472534e-01
-4.434814304113388062e-02 1.312294602394104004e-01
7.363025099039077759e-02 1.460436731576919556e-01
1.437677294015884399e-01 -2.270379215478897095e-01
-7.628092169761657715e-02 1.567440479993820190e-01
1.675068587064743042e-01 -7.603656966239213943e-03
1.095558479428291321e-01 -3.527274727821350098e-02
1.197556108236312866e-01 -4.078852385282516479e-02
-1.520003676414489746e-01 1.583049297332763672e-01
-2.361301928758621216e-01 3.389955759048461914e-01
-5.437061935663223267e-02 -1.040224730968475342e-01
2.407603338360786438e-02 1.111277714371681213e-01
-1.705317348241806030e-01 3.765386343002319336e-01
2.341929376125335693e-01 -2.183622121810913086e-01
8.036271482706069946e-02 2.143154852092266083e-02
7.531487196683883667e-02 1.136780716478824615e-02
2.306477576494216919e-01 -3.541840314865112305e-01
-1.998587846755981445e-01 1.121193319559097290e-01
1.827424168586730957e-01 -1.709219515323638916e-01
-1.666695624589920044e-01 2.658837139606475830e-01
3.487249612808227539e-01 -4.596613049507141113e-01
-1.644732952117919922e-01 3.106143139302730560e-02
-7.254557311534881592e-02 -2.172900140285491943e-01
-1.432109177112579346e-01 1.368440389633178711e-01
2.873219847679138184e-01 -2.097938209772109985e-01
-1.484089195728302002e-01 -9.358915686607360840e-02
-1.105967536568641663e-01 -2.110788971185684204e-02
-1.248021870851516724e-01 5.103844404220581055e-02
5.919220671057701111e-02 -3.553968667984008789e-02
8.138966560363769531e-02 9.957969188690185547e-02
-3.206621110439300537e-02 7.008532434701919556e-02
-7.322614639997482300e-02 1.375020146369934082e-01
-5.225031450390815735e-02 3.519956767559051514e-02
1.888035386800765991e-01 -1.690944135189056396e-01
3.607422485947608948e-02 -1.210573539137840271e-01
1.307557225227355957e-01 -2.258586287498474121e-01
-1.615240573883056641e-01 2.952716648578643799e-01
2.030344009399414062e-01 -1.436944901943206787e-01
-6.436774134635925293e-02 2.910172045230865479e-01
3.067164421081542969e-01 -1.135864630341529846e-01
-1.473130881786346436e-01 9.854246675968170166e-02
-1.287507414817810059e-01 1.202865038067102432e-03
7.180516421794891357e-02 2.129891067743301392e-01
2.133298367261886597e-01 -2.740496098995208740e-01
5.500698462128639221e-02 -2.629591524600982666e-02
2.036985903978347778e-01 -1.328380405902862549e-01
-1.266479045152664185e-01 1.680680364370346069e-01
-6.644751876592636108e-02 -8.223760873079299927e-03
-1.163896024227142334e-01 2.185962200164794922e-01
-4.296382889151573181e-02 -1.898915618658065796e-01
1.230246666818857193e-02 6.476109474897384644e-02
-1.081634312868118286e-01 1.174746006727218628e-01
-6.218482181429862976e-02 1.375631988048553467e-01
1.693887859582901001e-01 -5.228704214096069336e-02
1.957427412271499634e-01 2.843875251710414886e-02
5.006219446659088135e-02 -1.846888065338134766e-01
-1.494115144014358521e-01 2.993032634258270264e-01
1.148402541875839233e-01 -8.359254151582717896e-02
-2.110002338886260986e-01 1.730429083108901978e-01
1.790182441473007202e-01 -2.929627001285552979e-01
3.302018344402313232e-01 -1.302770078182220459e-01
5.594753101468086243e-02 -9.914383292198181152e-02
-2.940763533115386963e-02 2.410614117980003357e-02
-2.471487373113632202e-01 8.496357500553131104e-02
