4.478124976158142090e-01 -3.714895844459533691e-01
4.238172769546508789e-01 -3.192706704139709473e-01
-7.560836672782897949e-01 6.643180251121520996e-01
2.617102861404418945e-01 -3.405902087688446045e-01
-1.113248765468597412e-01 6.657171249389648438e-02
-3.080601096153259277e-01 3.777788281440734863e-01
2.479713112115859985e-01 -3.398666903376579285e-02
-1.601554751396179199e-01 -6.353937834501266479e-02
2.297573834657669067e-01 -2.681636512279510498e-01
-8.737091720104217529e-02 -2.047056891024112701e-02
4.049236699938774109e-02 2.585474252700805664e-01
-5.870901942253112793e-01 4.955682158470153809e-01
-4.956311732530593872e-02 -2.190597355365753174e-01
3.315713703632354736e-01 -2.952610850334167480e-01
2.307491004467010498e-02 1.180109381675720215e-01
-4.463788866996765137e-01 3.147164285182952881e-01
1.223809599876403809e+00 -1.242081522941589355e+00
-2.128387242555618286e-01 1.507874429225921631e-01
-2.353484034538269043e-01 2.869755923748016357e-01
1.471072733402252197e-01 -2.531332075595855713e-01
1.376712322235107422e-02 -4.695795103907585144e-02
3.519669771194458008e-01 -2.567905783653259277e-01
4.973963499069213867e-01 -4.542473256587982178e-01
2.021063566207885742e-01 -2.982672154903411865e-01
6.833112239837646484e-02 3.676742687821388245e-02
1.033939495682716370e-01 -4.461690783500671387e-01
1.988805644214153290e-02 -8.291506767272949219e-02
4.527667164802551270e-01 -3.808313608169555664e-01
-2.727150619029998779e-01 2.519754469394683838e-01
-2.711146175861358643e-01 6.718198210000991821e-02
-9.107095748186111450e-02 -4.812493547797203064e-02
2.804222144186496735e-02 -1.999522373080253601e-02
-1.462594568729400635e-01 4.025336205959320068e-01
-6.205511093139648438e-01 6.534161567687988281e-01
-5.852158069610595703e-01 6.077099442481994629e-01
-1.440764963626861572e-01 -1.187682673335075378e-01
2.065331041812896729e-01 -4.631429910659790039e-02
-6.669262051582336426e-01 5.432384014129638672e-01
-1.976770609617233276e-01 3.339947164058685303e-01
1.129361867904663086e+00 -1.053283095359802246e+00
-1.370585858821868896e-01 2.792072668671607971e-02
7.193510234355926514e-02 -1.023706793785095215e-01
8.335404396057128906e-01 -7.024758458137512207e-01
-7.475778460502624512e-01 7.037544846534729004e-01
2.039456665515899658e-01 -1.628734022378921509e-01
2.028232067823410034e-01 -2.337912023067474365e-01
-4.470795691013336182e-01 4.548804461956024170e-01
-4.374207258224487305e-01 4.936209619045257568e-01
3.880920708179473877e-01 -5.616157054901123047e-01
-3.352880775928497314e-01 1.788455694913864136e-01
5.601085424423217773e-01 -5.057821273803710938e-01
5.593577027320861816e-01 -3.193175494670867920e-01
-8.015593513846397400e-03 7.334715873003005981e-02
-1.934489905834197998e-01 2.891556620597839355e-01
-1.355686485767364502e-01 3.183203190565109253e-02
-3.492997288703918457e-01 4.947176873683929443e-01
-2.314633131027221680e-02 2.195901125669479370e-01
3.452670872211456299e-01 -2.742651998996734619e-01
5.351318120956420898e-01 -4.906967282295227051e-01
-4.342882931232452393e-01 4.443844258785247803e-01
1.171705961227416992e+00 -8.682126998901367188e-01
-1.904513984918594360e-01 1.862729489803314209e-01
-7.540611624717712402e-01 6.737137436866760254e-01
-7.161194831132888794e-02 1.613240838050842285e-01
5.638010501861572266e-01 -5.400303602218627930e-01
9.675482511520385742e-01 -9.715088605880737305e-01
-6.931393742561340332e-01 7.255107164382934570e-01
-1.121626973152160645e+00 9.346353411674499512e-01
-1.419698596000671387e-01 2.158516347408294678e-01
5.062514543533325195e-02 5.638464167714118958e-02
-4.585790932178497314e-01 3.662084937095642090e-01
-3.077436983585357666e-01 3.995555937290191650e-01
-3.819935396313667297e-02 -1.282554492354393005e-02
-1.210260540246963501e-01 1.826756894588470459e-01
1.885343313217163086e+00 -1.638158798217773438e+00
1.679377406835556030e-01 -3.249770402908325195e-01
4.979702532291412354e-01 -4.338284432888031006e-01
-3.690443187952041626e-02 -4.246187210083007812e-02
1.438072603195905685e-02 -5.163283203728497028e-04
-6.833143234252929688e-01 7.289414405822753906e-01
6.181709766387939453e-01 -6.398389935493469238e-01
1.228856891393661499e-01 -1.350281834602355957e-01
8.269107341766357422e-02 4.249257966876029968e-02
3.509002551436424255e-02 -6.390398740768432617e-02
4.408005252480506897e-02 -9.068273007869720459e-02
8.398433029651641846e-02 -2.305475026369094849e-01
1.291132092475891113e+00 -1.346383810043334961e+00
-1.032358407974243164e+00 1.163983583450317383e+00
4.182915985584259033e-01 -5.664986371994018555e-01
-1.009418845176696777e+00 9.119239449501037598e-01
3.933993875980377197e-01 -4.131500422954559326e-01
3.635045373812317848e-03 1.719997078180313110e-01
2.373977452516555786e-01 -1.868186295032501221e-01
4.123742282390594482e-01 -4.891777336597442627e-01
-4.901425540447235107e-01 6.151543259620666504e-01
3.993563354015350342e-01 -3.876225948333740234e-01
-4.264841377735137939e-01 5.158296227455139160e-01
9.499317407608032227e-01 -9.222810268402099609e-01
-1.005817770957946777e+00 1.019725203514099121e+00
-1.970726251602172852e-01 5.167569592595100403e-02
3.291051685810089111e-01 -3.295713663101196289e-01
4.655488431453704834e-01 -2.393712103366851807e-01
5.570122003555297852e-01 -6.868464946746826172e-01
-2.031002491712570190e-01 1.431384235620498657e-01
-3.336826264858245850e-01 4.493519067764282227e-01
6.357167959213256836e-01 -3.745189011096954346e-01
-9.381450712680816650e-02 1.288178563117980957e-01
-7.719817161560058594e-01 8.586858510971069336e-01
1.549903154373168945e-01 -2.383034229278564453e-01
6.236929297447204590e-01 -5.185725688934326172e-01
-1.050356149673461914e+00 9.905373454093933105e-01
-1.264673113822937012e+00 1.449349045753479004e+00
2.698165774345397949e-01 -2.635278403759002686e-01
-9.867682456970214844e-01 9.189547896385192871e-01
-6.998907923698425293e-01 4.802058637142181396e-01
-1.064784169197082520e+00 1.218472838401794434e+00
-1.392116904258728027e+00 1.414622187614440918e+00
1.824533194303512573e-02 1.566877365112304688e-01
-9.894077479839324951e-02 4.391135275363922119e-02
-5.249019265174865723e-01 3.341594934463500977e-01
1.485856473445892334e-01 1.081611067056655884e-01
9.381123185157775879e-01 -7.394472360610961914e-01
5.936486721038818359e-01 -6.077108383178710938e-01
-2.333741635084152222e-01 4.581425786018371582e-01
4.526993930339813232e-01 -4.917424619197845459e-01
2.398184090852737427e-01 -2.342018783092498779e-01
-5.101847052574157715e-01 6.999486088752746582e-01
9.066659808158874512e-01 -8.623347878456115723e-01
8.412821888923645020e-01 -6.697358489036560059e-01
7.912638783454895020e-01 -5.109670758247375488e-01
-4.126887917518615723e-01 5.404916405677795410e-01
3.927297294139862061e-01 -4.363397359848022461e-01
-8.863957226276397705e-02 2.555858492851257324e-01
-3.913733363151550293e-01 2.876833379268646240e-01
4.044126868247985840e-01 -4.048904776573181152e-01
6.084804534912109375e-01 -4.562588334083557129e-01
5.191081166267395020e-01 -5.277506709098815918e-01
5.358581244945526123e-02 -2.665071189403533936e-01
6.109104305505752563e-02 4.180715605616569519e-02
-5.842099711298942566e-02 -2.259764820337295532e-01
-4.862574934959411621e-01 2.610740959644317627e-01
3.388344347476959229e-01 -3.754910826683044434e-01
4.938957095146179199e-02 -5.112805217504501343e-02
-9.960883110761642456e-02 3.151722550392150879e-01
1.816585361957550049e-01 -2.568376958370208740e-01
4.186475276947021484e-01 -4.731772541999816895e-01
-3.572271764278411865e-01 3.548880815505981445e-01
2.456959895789623260e-02 3.852887451648712158e-02
1.430400758981704712e-01 3.419781848788261414e-02
2.444649636745452881e-01 -9.380542486906051636e-02
-5.152300596237182617e-01 5.825313925743103027e-01
-1.894325166940689087e-01 1.432487964630126953e-01
2.350101768970489502e-01 -3.704867139458656311e-02
-2.626352012157440186e-01 1.293955594301223755e-01
7.688714563846588135e-02 -1.051248461008071899e-01
1.332313865423202515e-01 1.040267292410135269e-02
-5.775964856147766113e-01 5.491343140602111816e-01
-7.155718631111085415e-04 1.958986371755599976e-01
-2.025980688631534576e-02 4.257645457983016968e-02
-3.510397970676422119e-01 3.531360328197479248e-01
-6.001855134963989258e-01 5.948370099067687988e-01
2.126751393079757690e-01 -6.996122747659683228e-02
3.505401685833930969e-02 1.443864554166793823e-01
-5.719143897294998169e-03 3.780595213174819946e-02
-1.048308908939361572e-01 3.308738172054290771e-01
2.405343577265739441e-02 1.688002422451972961e-02
-8.867394179105758667e-02 1.834645122289657593e-01
-1.515172421932220459e-01 1.466993689537048340e-01
-1.563266962766647339e-01 4.513790905475616455e-01
-1.119384542107582092e-01 1.004274114966392517e-01
4.727360233664512634e-02 -2.963363528251647949e-01
1.041199415922164917e-01 -1.202359050512313843e-01
-1.836292147636413574e-01 2.535720169544219971e-01
6.203061714768409729e-02 -7.528021186590194702e-02
-3.404065966606140137e-01 6.413825750350952148e-01
-5.855801105499267578e-01 5.942460298538208008e-01
-2.500009536743164062e-01 7.040812820196151733e-02
6.008729338645935059e-01 -6.026279330253601074e-01
2.193875610828399658e-02 -2.395915053784847260e-02
2.544430494308471680e-01 -2.233961075544357300e-01
-5.182778835296630859e-01 5.815519094467163086e-01
2.057755142450332642e-01 -1.746673583984375000e-01
6.204126030206680298e-02 -1.772529482841491699e-01
3.996329009532928467e-01 -4.449523091316223145e-01
-1.525444984436035156e-01 2.908141016960144043e-01
-3.026584386825561523e-01 4.488129019737243652e-01
-2.023286931216716766e-02 1.462190002202987671e-01
-4.188953340053558350e-02 -3.346170485019683838e-02
-6.220532581210136414e-02 -6.116333603858947754e-02
1.257153153419494629e-01 -2.062874436378479004e-01
-4.389761686325073242e-01 6.735611557960510254e-01
3.517483472824096680e-01 -2.838843762874603271e-01
6.071352958679199219e-01 -6.684466004371643066e-01
7.196746468544006348e-01 -7.510799765586853027e-01
-1.177694126963615417e-01 3.877426683902740479e-02
-2.467355318367481232e-02 -1.832258105278015137e-01
1.466611474752426147e-01 -9.090100973844528198e-02
4.733556210994720459e-01 -3.345646262168884277e-01
-4.280882328748703003e-02 -1.395553499460220337e-01
-5.799809098243713379e-02 -8.307487517595291138e-02
3.394680321216583252e-01 -3.678369522094726562e-01
3.392665684223175049e-01 -3.627836406230926514e-01
9.514189511537551880e-02 6.774678081274032593e-02
-4.217467904090881348e-01 1.644724607467651367e-01
-1.158615052700042725e-01 -1.598009839653968811e-02
1.423347443342208862e-01 -1.415582895278930664e-01
8.365201205015182495e-02 -3.199979364871978760e-01
1.913735866546630859e-01 -1.773240119218826294e-01
6.249610185623168945e-01 -5.438391566276550293e-01
-9.239540435373783112e-03 -5.617512390017509460e-02
-4.587412178516387939e-01 2.769153714179992676e-01
4.036781787872314453e-01 -2.012697011232376099e-01
2.958395779132843018e-01 -1.731762140989303589e-01
1.874947994947433472e-01 -2.570060789585113525e-01
-1.177679374814033508e-02 -6.165209785103797913e-02
-3.803188204765319824e-01 4.268298745155334473e-01
1.023465767502784729e-01 2.316709309816360474e-01
-7.165902256965637207e-01 5.611795186996459961e-01
2.866919040679931641e-01 -2.408441305160522461e-01
-3.357095271348953247e-02 5.068998411297798157e-02
4.766516387462615967e-01 -4.946006238460540771e-01
-3.266303837299346924e-01 2.428023219108581543e-01
4.279727041721343994e-01 -3.903029859066009521e-01
1.721552759408950806e-01 6.056912988424301147e-02
-1.281420737504959106e-01 2.636930942535400391e-01
-1.801502704620361328e-01 1.100714653730392456e-01
-5.004688501358032227e-01 6.138414144515991211e-01
4.094220325350761414e-02 -2.128573060035705566e-01
-2.494109328836202621e-03 7.124155014753341675e-02
-1.964684277772903442e-01 2.157402038574218750e-01
1.621877253055572510e-01 9.480372816324234009e-02
-8.436984568834304810e-02 1.737735122442245483e-01
-4.184579253196716309e-01 3.988026678562164307e-01
-1.388922613114118576e-02 -9.344560652971267700e-02
4.478040933609008789e-01 -2.668834626674652100e-01
-7.241209149360656738e-01 6.631313562393188477e-01
1.693971306085586548e-01 -1.298331618309020996e-01
-9.583649784326553345e-02 7.050952315330505371e-02
7.656769454479217529e-02 -1.863855123519897461e-01
-5.174605920910835266e-02 -4.051832854747772217e-02
5.600816011428833008e-01 -4.279823005199432373e-01
-1.589749902486801147e-01 2.598642706871032715e-01
-1.179109886288642883e-02 4.710907861590385437e-02
2.567969858646392822e-01 -2.515539824962615967e-01
8.746982365846633911e-02 -2.130394577980041504e-01
-3.843730986118316650e-01 4.561433792114257812e-01
-2.198783308267593384e-01 2.701834738254547119e-01
-5.931010842323303223e-02 9.870811551809310913e-02
3.480758368968963623e-01 -3.148619830608367920e-01
-3.617015182971954346e-01 1.499252617359161377e-01
1.880900375545024872e-02 9.274641424417495728e-02
-6.191548705101013184e-01 8.002103567123413086e-01
8.948440551757812500e-01 -8.618525862693786621e-01
-4.503180086612701416e-02 -2.739948034286499023e-01
-5.367294549942016602e-01 6.081334948539733887e-01
1.790840327739715576e-01 -9.807662665843963623e-02
