-2.405875548720359802e-02 3.726940229535102844e-02
-4.278881475329399109e-02 -8.511348813772201538e-02
-8.116689324378967285e-02 -8.048244565725326538e-02
1.420573145151138306e-01 -1.540828049182891846e-01
-2.735426127910614014e-01 1.766388304531574249e-02
1.620071828365325928e-01 -1.874603033065795898e-01
1.924285888671875000e-01 -4.483951255679130554e-02
-1.798844486474990845e-01 -4.641608148813247681e-02
1.507011801004409790e-01 -1.767983883619308472e-01
-4.592029005289077759e-02 8.662690222263336182e-02
-1.031264811754226685e-01 6.681942939758300781e-02
1.676322072744369507e-01 -2.465475350618362427e-01
7.125973235815763474e-03 1.599433124065399170e-01
1.251009702682495117e-01 -3.330052793025970459e-01
1.700458228588104248e-01 -3.031144663691520691e-02
1.037243083119392395e-01 -1.917927563190460205e-01
-2.770942635834217072e-02 2.146503180265426636e-01
9.827732294797897339e-02 4.718176275491714478e-02
-7.306520640850067139e-02 2.024512141942977905e-01
2.399538606405258179e-01 -2.431210875511169434e-01
1.524844951927661896e-02 -1.467137318104505539e-02
-1.583842486143112183e-01 1.782859414815902710e-01
-1.858330331742763519e-02 -2.740669064223766327e-02
-1.210868880152702332e-01 1.095048896968364716e-02
1.719657927751541138e-01 -2.480740845203399658e-01
1.995071470737457275e-01 -1.269668340682983398e-01
-2.456317692995071411e-01 -8.489033579826354980e-02
-6.837338209152221680e-02 2.423951476812362671e-01
1.882004141807556152e-01 -2.123064734041690826e-02
1.287927180528640747e-01 -6.629318743944168091e-02
5.615614727139472961e-02 -1.621512025594711304e-01
1.396711319684982300e-01 -1.441853940486907959e-01
4.648280888795852661e-02 3.122128732502460480e-02
1.186979115009307861e-01 -6.216285377740859985e-02
-2.521140575408935547e-01 1.266555339097976685e-01
2.167601734399795532e-01 4.223925247788429260e-02
9.188891947269439697e-02 -1.290255635976791382e-01
-1.606198996305465698e-01 6.151014938950538635e-02
-1.926386803388595581e-01 7.431095838546752930e-02
1.357845664024353027e-01 -9.361018985509872437e-02
-1.593308895826339722e-01 1.226933673024177551e-01
-1.972915790975093842e-02 5.489861592650413513e-02
-1.116577759385108948e-01 1.132396310567855835e-01
1.942201703786849976e-01 -5.527751892805099487e-02
-1.250546574592590332e-01 2.567406594753265381e-01
-6.586713343858718872e-02 4.085804149508476257e-02
-4.914976656436920166e-02 -7.269407808780670166e-02
-5.762217566370964050e-02 -3.235848853364586830e-03
-6.881095468997955322e-02 1.234083026647567749e-01
-5.055271089076995850e-02 1.177468225359916687e-01
-8.872131258249282837e-02 9.157089889049530029e-02
1.382056176662445068e-01 6.331820040941238403e-02
-2.723656967282295227e-02 8.344533294439315796e-02
1.354591697454452515e-01 -3.007778897881507874e-02
-9.598264843225479126e-02 -1.085477396845817566e-01
2.121730148792266846e-01 1.756449230015277863e-02
6.440945900976657867e-03 1.830232888460159302e-01
2.344442605972290039e-01 -1.993592977523803711e-01
1.524425446987152100e-01 -1.371375471353530884e-01
-1.331254243850708008e-01 -1.650637574493885040e-02
-2.488308213651180267e-02 2.540655434131622314e-02
-7.728818058967590332e-02 1.874565780162811279e-01
2.218117117881774902e-01 4.260616376996040344e-02
1.284149587154388428e-01 4.526485502719879150e-02
1.330760680139064789e-02 1.626325026154518127e-02
6.775055080652236938e-02 -2.076222151517868042e-01
2.355358302593231201e-01 -2.309723347425460815e-01
2.262777984142303467e-01 -2.091352492570877075e-01
-9.875034540891647339e-02 2.223676592111587524e-01
2.834366559982299805e-01 -1.295234560966491699e-01
-8.408366143703460693e-02 -1.404730789363384247e-02
1.784526556730270386e-01 -1.230598315596580505e-01
1.666880957782268524e-02 1.631409525871276855e-01
-6.869024038314819336e-02 1.263436526060104370e-01
1.097641661763191223e-01 -2.465725541114807129e-01
7.722923904657363892e-02 -7.383941113948822021e-02
-2.469269931316375732e-01 2.605294287204742432e-01
1.008891612291336060e-01 -1.211178228259086609e-01
2.030344307422637939e-01 -1.464439034461975098e-01
-7.840105146169662476e-02 1.094899624586105347e-01
-9.642829746007919312e-02 3.391845896840095520e-02
2.414333075284957886e-01 -1.913835704326629639e-01
-3.030680306255817413e-02 2.401590347290039062e-01
2.476764172315597534e-01 -6.707742065191268921e-02
-2.038358002901077271e-01 -5.383321642875671387e-02
4.048723727464675903e-03 -1.325118690729141235e-01
1.467035617679357529e-02 -5.579822510480880737e-02
-6.502747535705566406e-02 -9.839843958616256714e-03
2.104792557656764984e-02 -1.325435191392898560e-02
2.757052192464470863e-03 -1.284265965223312378e-01
3.838796401396393776e-03 -7.419353723526000977e-02
-1.954386681318283081e-01 1.520790159702301025e-01
1.362362951040267944e-01 6.084455177187919617e-03
1.613050699234008789e-01 -9.963168948888778687e-02
-3.271353989839553833e-02 5.312422662973403931e-02
-9.566304832696914673e-02 -3.539758175611495972e-02
3.042072057723999023e-02 -1.614333391189575195e-01
1.956187486648559570e-01 -2.724096179008483887e-01
-5.681922659277915955e-02 2.342821359634399414e-01
-6.240225583314895630e-02 -3.591167926788330078e-02
1.501006782054901123e-01 -1.091040223836898804e-01
-1.817868947982788086e-01 3.558026254177093506e-02
9.720788896083831787e-02 -1.339600682258605957e-01
-3.610714524984359741e-02 -1.822044849395751953e-01
-2.015568912029266357e-01 1.863005757331848145e-01
-2.156998962163925171e-01 2.480627894401550293e-01
-9.587617218494415283e-02 1.541753262281417847e-01
-1.762922406196594238e-01 2.997177243232727051e-01
-2.451115697622299194e-01 2.919099032878875732e-01
-5.477078631520271301e-02 1.145870611071586609e-01
6.499673426151275635e-02 -1.549634039402008057e-01
1.219338923692703247e-01 -1.055701076984405518e-01
-1.273277252912521362e-01 2.349477261304855347e-02
-2.508329749107360840e-01 9.135355800390243530e-02
3.692800551652908325e-02 3.207133850082755089e-03
2.595431543886661530e-02 1.911184340715408325e-01
-1.085001230239868164e-01 -3.293871134519577026e-02
7.633972913026809692e-02 -1.475835144519805908e-01
-1.652482599020004272e-01 1.354671865701675415e-01
1.691778898239135742e-01 -2.782423496246337891e-01
-1.744099408388137817e-01 3.215015828609466553e-01
-7.943472266197204590e-02 8.686904609203338623e-02
1.561116576194763184e-01 -9.406371414661407471e-02
1.706810891628265381e-01 -1.696180105209350586e-01
2.738136947154998779e-01 -1.315783411264419556e-01
6.568307057023048401e-03 -1.008197069168090820e-01
6.929103285074234009e-02 -1.453078240156173706e-01
-1.770181506872177124e-01 5.430365726351737976e-02
1.763117760419845581e-01 -1.866774410009384155e-01
1.073938608169555664e-01 2.001420408487319946e-01
-5.128847435116767883e-02 3.472464159131050110e-02
-2.337411642074584961e-01 1.738088726997375488e-01
6.274766474962234497e-02 7.150601595640182495e-02
2.881586253643035889e-01 -7.181578129529953003e-02
3.132598847150802612e-02 -7.349112536758184433e-03
1.665852069854736328e-01 -1.797250509262084961e-01
-5.418707802891731262e-02 1.712099462747573853e-01
-1.218672990798950195e-01 -9.166716784238815308e-02
-1.147745549678802490e-01 1.521434187889099121e-01
2.577172219753265381e-01 -9.649331122636795044e-02
2.205496430397033691e-01 -3.095581829547882080e-01
-3.136022388935089111e-02 -5.276858806610107422e-02
-1.448965072631835938e-01 2.657202184200286865e-01
-6.781996041536331177e-02 -1.380195170640945435e-01
-6.951791048049926758e-02 1.342468410730361938e-01
2.541687786579132080e-01 -6.659355759620666504e-02
-2.869536578655242920e-01 2.810974717140197754e-01
-1.022999733686447144e-01 1.650383919477462769e-01
-5.697216838598251343e-02 1.097571197897195816e-02
1.804470866918563843e-01 -5.968017037957906723e-03
-2.671514451503753662e-01 -4.276332631707191467e-02
2.557532787322998047e-01 -2.083411812782287598e-01
-1.088078320026397705e-01 1.868952065706253052e-01
1.883984655141830444e-01 -1.060569137334823608e-01
-2.612668834626674652e-02 1.626685410737991333e-01
6.494411826133728027e-02 -1.406332850456237793e-01
-1.354715526103973389e-01 2.135194092988967896e-02
4.566543921828269958e-02 -9.858436882495880127e-02
3.095721602439880371e-01 -2.067477703094482422e-01
-1.711510121822357178e-01 3.076720610260963440e-02
-1.282088458538055420e-01 8.546882867813110352e-02
-1.374983787536621094e-01 1.759616099298000336e-02
-3.835668414831161499e-02 1.138056144118309021e-01
1.437878161668777466e-01 -2.388572245836257935e-01
-1.132658794522285461e-01 -8.765812963247299194e-02
1.541519910097122192e-01 -9.092625975608825684e-02
1.044680550694465637e-01 -2.948980629444122314e-01
1.344855427742004395e-01 -8.430207520723342896e-02
1.331283897161483765e-01 -1.788319647312164307e-01
-1.822095960378646851e-01 3.374191522598266602e-01
-1.452351212501525879e-01 3.218282759189605713e-02
-1.667228043079376221e-01 2.656326629221439362e-02
-1.802095472812652588e-01 7.879969477653503418e-02
-2.033665478229522705e-01 1.192229092121124268e-01
1.502133905887603760e-02 3.922322392463684082e-02
-8.348154276609420776e-02 1.366920173168182373e-01
9.641486406326293945e-02 -1.517584472894668579e-01
-2.605309486389160156e-01 1.190205514430999756e-01
-5.984062328934669495e-02 5.612605065107345581e-02
7.780788000673055649e-03 -1.594985090196132660e-02
-1.443838048726320267e-02 -8.556911349296569824e-02
-1.217743232846260071e-01 5.425003543496131897e-02
-9.075824171304702759e-03 -6.155519746243953705e-03
-6.481709331274032593e-02 1.029085069894790649e-01
2.623231522738933563e-02 -1.390197277069091797e-01
2.828349173069000244e-02 5.838639289140701294e-02
-2.060844004154205322e-01 -2.554065547883510590e-03
-3.507394194602966309e-01 -3.674214333295822144e-02
-6.798718124628067017e-02 3.291943669319152832e-01
2.049560695886611938e-01 -2.046577185392379761e-01
1.299777030944824219e-01 3.742428869009017944e-02
-2.127507925033569336e-01 2.750125527381896973e-01
7.503514736890792847e-02 -1.886322945356369019e-01
7.979496568441390991e-02 1.658768206834793091e-01
5.463371053338050842e-03 -7.232071459293365479e-02
-9.352089464664459229e-02 -1.300939619541168213e-01
-6.251286715269088745e-02 5.286183580756187439e-02
-7.231815904378890991e-02 6.328359991312026978e-02
-1.070127934217453003e-01 1.022714674472808838e-01
3.449299558997154236e-02 -1.755626499652862549e-02
-1.180524006485939026e-01 1.391272246837615967e-01
-6.956952065229415894e-02 1.590134352445602417e-01
3.424170985817909241e-02 1.160861551761627197e-01
2.586219608783721924e-01 -1.475366950035095215e-01
2.637397050857543945e-01 -1.822478175163269043e-01
1.947264932096004486e-02 -3.579381108283996582e-02
-2.501895092427730560e-02 3.842819109559059143e-02
-5.616186559200286865e-02 1.247222349047660828e-01
-1.784808188676834106e-01 2.273941338062286377e-01
9.479939937591552734e-02 -5.450824648141860962e-02
-2.077795714139938354e-01 6.782959401607513428e-02
-3.878830373287200928e-02 -2.163339704275131226e-01
-1.073652580380439758e-01 1.388929039239883423e-01
3.469488397240638733e-02 -1.373930424451828003e-01
-1.169464513659477234e-01 4.313286393880844116e-02
2.828355319797992706e-02 -3.801444778218865395e-03
-2.300674021244049072e-01 8.522083610296249390e-02
-9.978457354009151459e-03 -2.704378068447113037e-01
4.317577183246612549e-02 8.240324258804321289e-02
-1.513687055557966232e-02 -9.471296798437833786e-04
1.467421203851699829e-01 -3.882370889186859131e-02
1.508834064006805420e-01 -7.245676964521408081e-02
3.702764958143234253e-02 -1.182072609663009644e-01
-9.326867759227752686e-02 4.691622778773307800e-02
-9.377161413431167603e-02 5.667073186486959457e-03
-6.430711597204208374e-02 -3.202994540333747864e-02
-1.510634422302246094e-01 -4.125093668699264526e-02
8.262614719569683075e-04 -1.038336157798767090e-01
6.069164723157882690e-03 -1.300370693206787109e-01
6.521984934806823730e-02 -3.080890886485576630e-02
2.728844992816448212e-02 -4.840722307562828064e-03
8.728059008717536926e-03 -4.902273416519165039e-02
-2.639824524521827698e-02 2.286602258682250977e-01
-4.288171418011188507e-03 -9.816899150609970093e-02
-6.521901488304138184e-02 9.099540859460830688e-02
-1.804739832878112793e-01 1.264617890119552612e-01
-2.839737758040428162e-02 -1.127737164497375488e-01
8.347991108894348145e-02 1.466392725706100464e-01
9.030474722385406494e-02 -1.231467500329017639e-01
-1.057093730196356773e-03 -1.875912249088287354e-01
4.642165265977382660e-03 -1.038171648979187012e-01
-8.643128909170627594e-03 -1.068323403596878052e-01
-9.732384979724884033e-02 1.139581128954887390e-01
-1.296577900648117065e-01 7.467918843030929565e-02
-1.462684720754623413e-01 1.268064379692077637e-01
2.383439987897872925e-01 -1.079786270856857300e-01
1.733813136816024780e-01 -1.437522172927856445e-01
1.573183981236070395e-04 -1.053460538387298584e-01
6.996607780456542969e-02 -1.049681305885314941e-01
6.204494833946228027e-02 -6.545972079038619995e-02
-1.053308844566345215e-01 4.991692304611206055e-02
8.397765457630157471e-02 -2.974081039428710938e-02
-4.783907905220985413e-02 3.199331462383270264e-02
-2.721393108367919922e-02 1.101064309477806091e-01
8.040909655392169952e-03 -5.328352004289627075e-02
9.381658583879470825e-02 -1.388674378395080566e-01
