1.249861270189285278e-01 -8.118343353271484375e-02
-2.403316795825958252e-01 3.232705593109130859e-01
5.390887707471847534e-02 -1.166349127888679504e-01
-1.308128088712692261e-01 3.287095427513122559e-01
1.439195275306701660e-01 -2.207230925559997559e-01
-7.930498570203781128e-02 2.310508042573928833e-01
-1.834658160805702209e-02 -5.153091996908187866e-02
-5.688291192054748535e-01 4.684946835041046143e-01
-1.200777888298034668e-01 2.603549659252166748e-01
1.745621263980865479e-01 -1.617939621210098267e-01
-2.703144960105419159e-02 2.357840985059738159e-01
-1.987703293561935425e-01 2.381811738014221191e-01
-1.610913276672363281e-01 3.312310874462127686e-01
-4.323760569095611572e-01 5.054451823234558105e-01
-2.813591659069061279e-01 3.197005987167358398e-01
1.865359544754028320e-01 -2.526506781578063965e-01
1.008583828806877136e-01 9.870216250419616699e-02
-5.491512417793273926e-01 4.627726376056671143e-01
4.349505305290222168e-01 -2.713381052017211914e-01
-7.729043066501617432e-02 -2.278443425893783569e-02
-8.289996534585952759e-02 9.737438522279262543e-03
2.144088596105575562e-01 -7.435039430856704712e-02
-1.712971627712249756e-01 2.489115446805953979e-01
4.772917330265045166e-01 -4.857340753078460693e-01
-2.709259092807769775e-01 3.838879764080047607e-01
-4.955010861158370972e-02 1.138308867812156677e-01
-1.176746785640716553e-01 2.013550400733947754e-01
-4.075134173035621643e-02 -3.847737610340118408e-02
-1.477079242467880249e-01 9.701091796159744263e-02
3.488441407680511475e-01 -3.136282265186309814e-01
1.661013960838317871e-01 -1.651955693960189819e-01
-2.436262518167495728e-01 2.207916229963302612e-01
5.912738665938377380e-02 3.912835568189620972e-02
-4.996293485164642334e-01 2.949253320693969727e-01
-2.859766595065593719e-02 1.384891718626022339e-01
1.691670417785644531e-01 -1.541962027549743652e-01
-2.233226150274276733e-01 3.189355432987213135e-01
-1.990372389554977417e-01 2.108137905597686768e-01
2.637259364128112793e-01 -2.916190028190612793e-01
-3.611133098602294922e-01 4.175788760185241699e-01
5.752905607223510742e-01 -5.696043968200683594e-01
3.389446735382080078e-01 -3.070268034934997559e-01
-1.607347130775451660e-01 5.431320890784263611e-02
1.360728740692138672e-01 -1.768754869699478149e-01
2.120281010866165161e-01 -1.606474071741104126e-01
4.909079987555742264e-03 1.721895486116409302e-01
2.243717312812805176e-01 -1.793676763772964478e-01
-6.275525689125061035e-02 -1.238820552825927734e-01
2.430182099342346191e-01 -9.562847018241882324e-02
1.574490964412689209e-01 -1.766570061445236206e-01
-1.047696098685264587e-01 8.525734394788742065e-02
-1.295932531356811523e-01 3.592353761196136475e-01
-1.103065311908721924e-01 1.384751033037900925e-02
1.689082384109497070e-01 -4.657353833317756653e-02
-7.596372067928314209e-02 2.078385502099990845e-01
1.329260170459747314e-01 1.420878767967224121e-01
3.300032019615173340e-01 -4.127891957759857178e-01
1.228568181395530701e-01 -1.518611162900924683e-01
-1.163140907883644104e-01 -6.082828715443611145e-02
-2.016831934452056885e-01 2.059275209903717041e-01
-3.156688213348388672e-01 2.947727143764495850e-01
4.112058579921722412e-01 -3.575005829334259033e-01
-1.674959063529968262e-01 1.456012129783630371e-01
-3.426810204982757568e-01 2.169721424579620361e-01
4.492205381393432617e-01 -5.310418605804443359e-01
3.512992262840270996e-01 -2.594892084598541260e-01
-3.997677862644195557e-01 4.181473255157470703e-01
-6.054554134607315063e-03 4.962208331562578678e-04
1.477971207350492477e-02 8.117365837097167969e-02
2.681855857372283936e-01 -4.390568733215332031e-01
-2.401888519525527954e-01 4.240423738956451416e-01
-3.769254982471466064e-01 4.611514210700988770e-01
7.689601276069879532e-03 1.410176604986190796e-01
5.827600359916687012e-01 -3.621871769428253174e-01
-6.533586978912353516e-02 -2.765344455838203430e-03
-1.194513216614723206e-01 3.470822796225547791e-02
-1.819483339786529541e-01 2.240809984505176544e-02
-5.222411155700683594e-01 5.918887257575988770e-01
-2.303504049777984619e-01 3.081192076206207275e-01
4.522689282894134521e-01 -2.763747572898864746e-01
2.910799384117126465e-01 -1.660508662462234497e-01
-5.141619443893432617e-01 5.342963337898254395e-01
-6.402834653854370117e-01 7.007095813751220703e-01
-3.482264578342437744e-01 3.665658831596374512e-01
5.188402906060218811e-02 -1.105324551463127136e-01
-2.179425060749053955e-01 1.016434878110885620e-01
-5.977377891540527344e-01 3.458677530288696289e-01
5.731196403503417969e-01 -5.541168451309204102e-01
-4.132956862449645996e-01 3.104012906551361084e-01
2.250218093395233154e-01 -2.962360382080078125e-01
-2.340962588787078857e-01 2.446316480636596680e-01
7.312941551208496094e-01 -7.697766423225402832e-01
-6.282911300659179688e-01 8.180275559425354004e-01
-2.275220900774002075e-01 1.316090673208236694e-01
5.382294654846191406e-01 -3.870521485805511475e-01
-2.621511220932006836e-01 3.235655725002288818e-01
2.196044474840164185e-01 -2.097265124320983887e-01
-2.682004868984222412e-01 1.018124967813491821e-01
-2.579820454120635986e-01 8.557390421628952026e-02
6.519175320863723755e-02 -3.228547573089599609e-01
-5.502097606658935547e-01 4.370061755180358887e-01
2.127094715833663940e-01 -8.679158985614776611e-03
-4.209563136100769043e-01 4.548766911029815674e-01
-1.506908684968948364e-01 7.364319264888763428e-02
3.376947045326232910e-01 -5.067057609558105469e-01
-3.573746979236602783e-01 2.889660894870758057e-01
-6.384306587278842926e-03 -3.246487975120544434e-01
-3.748776316642761230e-01 5.159595608711242676e-01
1.046974733471870422e-01 7.322608493268489838e-03
-4.145871400833129883e-01 4.517650604248046875e-01
2.841545641422271729e-01 -4.857842028141021729e-01
-2.332431823015213013e-01 1.986659616231918335e-01
4.489553272724151611e-01 -1.957956105470657349e-01
-3.745622038841247559e-01 2.680993080139160156e-01
-3.196232020854949951e-01 3.405797779560089111e-01
4.263331294059753418e-01 -7.336832284927368164e-01
7.995510101318359375e-02 -1.395883411169052124e-01
5.183650925755500793e-02 -2.629379034042358398e-01
2.349589020013809204e-01 -2.484357655048370361e-01
2.094817347824573517e-02 1.538482755422592163e-01
-3.097735643386840820e-01 3.376424014568328857e-01
-2.796830534934997559e-01 4.116845726966857910e-01
-3.329182863235473633e-01 2.388274520635604858e-01
-2.545455992221832275e-01 2.723779678344726562e-01
-8.089320659637451172e-01 6.399899125099182129e-01
6.152517199516296387e-01 -4.886073470115661621e-01
-4.576960206031799316e-01 3.475944101810455322e-01
-3.030593693256378174e-01 2.331137210130691528e-01
-7.875145971775054932e-02 2.297336608171463013e-01
-2.784024775028228760e-01 2.820258736610412598e-01
2.540467977523803711e-01 -3.852647840976715088e-01
3.010312914848327637e-01 -2.488616704940795898e-01
3.747481703758239746e-01 -3.995840251445770264e-01
-3.710139989852905273e-01 6.117505431175231934e-01
2.075476013123989105e-02 -2.277746945619583130e-01
5.310253426432609558e-02 -1.832920499145984650e-02
3.141820430755615234e-01 -3.434525430202484131e-01
-1.873821914196014404e-01 3.975585401058197021e-01
-4.437884688377380371e-01 3.537091612815856934e-01
-4.651411473751068115e-01 6.245368123054504395e-01
-3.751543350517749786e-03 1.217994615435600281e-01
2.983317375183105469e-01 -3.787115514278411865e-01
1.705248802900314331e-01 -3.635600209236145020e-01
1.972509175539016724e-01 -2.096090465784072876e-01
1.063574105501174927e-01 -1.279671490192413330e-01
-4.075809717178344727e-01 4.926199913024902344e-01
-1.507719755172729492e-01 -7.092557102441787720e-02
3.157404065132141113e-01 -5.452885031700134277e-01
-6.249572634696960449e-01 4.320007264614105225e-01
1.501921117305755615e-01 8.506137132644653320e-02
3.702348768711090088e-01 -4.532311558723449707e-01
2.318020761013031006e-01 -2.439619600772857666e-01
2.766653336584568024e-02 -6.739637255668640137e-02
-3.169620931148529053e-01 3.025906980037689209e-01
-1.975384950637817383e-01 1.084293350577354431e-01
1.693741232156753540e-01 -1.853384971618652344e-01
2.404683679342269897e-01 -1.073716133832931519e-01
-4.686700999736785889e-01 4.878742992877960205e-01
6.952158212661743164e-01 -6.385179758071899414e-01
2.154708951711654663e-01 -1.744134873151779175e-01
1.521338969469070435e-01 -2.045770436525344849e-01
-1.120810136198997498e-01 1.174687817692756653e-01
4.534614980220794678e-01 -6.856588721275329590e-01
-1.053912043571472168e-01 1.122682541608810425e-01
-5.841270089149475098e-01 3.689371943473815918e-01
-2.670302093029022217e-01 4.108352959156036377e-01
5.939105153083801270e-01 -3.804883956909179688e-01
-2.149294316768646240e-01 2.356638908386230469e-01
4.695868790149688721e-01 -5.802947282791137695e-01
-2.372498437762260437e-02 -5.005631223320960999e-02
-5.333988666534423828e-01 3.301583230495452881e-01
7.749619483947753906e-01 -7.439250946044921875e-01
1.662279665470123291e-01 -1.520418077707290649e-01
-1.251324266195297241e-01 1.686100363731384277e-01
2.202915847301483154e-01 -8.185479044914245605e-02
-2.259794324636459351e-01 7.007934153079986572e-02
-2.937844991683959961e-01 3.574219048023223877e-01
2.258080840110778809e-01 -3.350021839141845703e-01
-1.856327950954437256e-01 5.037095397710800171e-02
-5.369454622268676758e-01 6.164526343345642090e-01
6.005530357360839844e-01 -2.784384191036224365e-01
-5.607098340988159180e-02 3.921644762158393860e-02
1.369770318269729614e-01 -1.595572680234909058e-01
-3.628533184528350830e-01 3.023067712783813477e-01
-4.416900128126144409e-02 -4.106786102056503296e-02
1.840624511241912842e-01 -9.452205151319503784e-02
-1.668255627155303955e-01 1.689047552645206451e-02
3.627865016460418701e-01 -2.498412877321243286e-01
3.566421866416931152e-01 -3.580029010772705078e-01
1.675612628459930420e-01 -1.068575158715248108e-01
9.826704859733581543e-02 3.450310602784156799e-02
-2.635814845561981201e-01 2.167530655860900879e-01
7.484538108110427856e-02 1.260021626949310303e-01
-1.063632369041442871e-01 -7.580350339412689209e-02
8.064438402652740479e-02 1.698564924299716949e-02
-1.323601603507995605e-01 3.133449256420135498e-01
-2.142260223627090454e-01 8.667424321174621582e-02
1.233646348118782043e-01 -2.133105397224426270e-01
1.039150133728981018e-01 2.229340672492980957e-01
-4.530260339379310608e-02 -6.299112737178802490e-02
9.165483713150024414e-02 9.802575409412384033e-02
1.005446463823318481e-01 -4.311072081327438354e-02
-2.342043817043304443e-01 1.259149461984634399e-01
-1.521817445755004883e-01 2.339292764663696289e-01
3.605213761329650879e-02 -2.466128170490264893e-01
3.033560216426849365e-01 -2.637740671634674072e-01
2.501583695411682129e-01 -1.517958492040634155e-01
2.044465243816375732e-01 -2.631779015064239502e-01
-5.487148091197013855e-02 -6.073429249227046967e-03
-4.085017740726470947e-01 4.358805119991302490e-01
3.734765201807022095e-02 3.443726897239685059e-02
3.118101060390472412e-01 -2.263026684522628784e-01
6.507689977297559381e-05 -3.368906676769256592e-02
2.086542546749114990e-01 -9.276629984378814697e-02
2.379165440797805786e-01 -3.593393564224243164e-01
1.694243848323822021e-01 -2.829683423042297363e-01
4.502708464860916138e-02 -1.948231607675552368e-01
-2.131214737892150879e-01 4.391926527023315430e-02
-8.518324047327041626e-02 2.029124200344085693e-01
-6.134744733572006226e-02 8.637832850217819214e-02
-9.742582589387893677e-02 1.579057797789573669e-02
2.203210294246673584e-01 -6.584707647562026978e-02
2.681029140949249268e-01 -3.134704381227493286e-02
-5.413360521197319031e-02 2.650667428970336914e-01
2.256619632244110107e-01 -1.594917178153991699e-01
1.599656492471694946e-01 -9.665262699127197266e-02
5.721764639019966125e-02 -1.509328186511993408e-02
-5.467477068305015564e-02 1.072713807225227356e-01
-3.138324022293090820e-01 4.182920455932617188e-01
5.715423077344894409e-02 -2.045848369598388672e-01
5.446023121476173401e-02 -1.534657180309295654e-01
-8.837296813726425171e-02 3.421303257346153259e-02
2.756928801536560059e-01 -2.933733761310577393e-01
-4.547522589564323425e-02 1.398833245038986206e-01
-2.128654569387435913e-01 1.201417446136474609e-01
-1.884722560644149780e-01 1.021900563500821590e-03
1.744960099458694458e-01 -1.110700294375419617e-01
-9.335224330425262451e-02 2.231889665126800537e-01
-6.441940367221832275e-02 -1.620939970016479492e-01
-1.099922880530357361e-01 9.033038280904293060e-03
-1.002949252724647522e-01 1.463890671730041504e-01
8.792979270219802856e-02 6.138053908944129944e-02
-1.902345567941665649e-01 1.924955099821090698e-01
1.707658544182777405e-02 3.295673429965972900e-02
-3.254031762480735779e-02 -7.123468071222305298e-02
-1.878206580877304077e-01 9.204690903425216675e-02
2.223039120435714722e-01 -3.063869774341583252e-01
-8.749346435070037842e-02 1.569344401359558105e-01
-3.643191978335380554e-02 -9.757619351148605347e-02
-2.025741040706634521e-01 1.703523397445678711e-01
2.152834534645080566e-01 -2.205615043640136719e-01
2.805168628692626953e-01 -3.244432210922241211e-01
-2.167395800352096558e-01 3.321840465068817139e-01
2.374551892280578613e-01 -4.106339216232299805e-01
-1.910089403390884399e-01 5.997081473469734192e-02
-2.617428898811340332e-01 2.045382708311080933e-01
