-8.665826916694641113e-02 2.652077563107013702e-02
1.061522141098976135e-01 -9.052050113677978516e-02
-1.042795330286026001e-01 -9.782370179891586304e-02
-2.717601656913757324e-01 7.520064711570739746e-02
3.217408955097198486e-01 -3.291187286376953125e-01
2.958004474639892578e-01 -4.417835474014282227e-01
2.194461226463317871e-01 4.199659451842308044e-02
-1.105687320232391357e-01 -9.618517011404037476e-02
2.623831331729888916e-01 -2.632846832275390625e-01
-2.101965248584747314e-01 3.512157797813415527e-01
-1.695705801248550415e-01 1.673914045095443726e-01
2.695906758308410645e-01 -3.404915332794189453e-01
-4.573779106140136719e-01 3.179838359355926514e-01
-1.098626628518104553e-01 9.631397575139999390e-02
-1.723462194204330444e-01 3.513036668300628662e-01
8.013173937797546387e-02 3.570646792650222778e-02
1.918586157262325287e-02 -1.417984515428543091e-01
2.954209223389625549e-02 1.090967729687690735e-01
-1.765009015798568726e-01 -3.200598806142807007e-02
4.298920631408691406e-01 -4.247785210609436035e-01
-5.402108430862426758e-01 5.716459751129150391e-01
1.140580177307128906e-01 8.760546147823333740e-02
-1.532927602529525757e-01 3.052341938018798828e-01
-7.268844544887542725e-02 1.432899385690689087e-01
5.511408671736717224e-02 -9.955078363418579102e-02
2.388520389795303345e-01 -1.740116998553276062e-02
-3.783731758594512939e-01 2.703469991683959961e-01
-1.078519523143768311e-01 1.127115823328495026e-02
-3.287889361381530762e-01 1.543768644332885742e-01
-1.190861500799655914e-02 -1.165557354688644409e-01
-3.315194696187973022e-02 -1.168498843908309937e-01
1.686284840106964111e-01 3.651871159672737122e-02
-7.808255404233932495e-02 1.370303779840469360e-01
2.257222533226013184e-01 -1.246913298964500427e-01
1.099162474274635315e-01 -3.684976696968078613e-02
3.884800896048545837e-02 -2.000259459018707275e-01
2.413249015808105469e-02 4.891534522175788879e-02
-3.336208686232566833e-02 -1.275343000888824463e-01
-4.698124155402183533e-02 8.358258008956909180e-02
-4.473531246185302734e-02 3.072265163064002991e-02
2.610722929239273071e-02 2.717022784054279327e-02
1.433392763137817383e-01 4.037111252546310425e-02
1.125799939036369324e-01 -1.219671145081520081e-01
-6.075363978743553162e-02 -9.873299300670623779e-02
7.641126215457916260e-02 6.895475834608078003e-02
-3.544119596481323242e-01 4.211309552192687988e-01
4.904313012957572937e-02 -1.096983328461647034e-01
-5.419823154807090759e-02 -3.539504483342170715e-02
1.482433872297406197e-03 -8.694547414779663086e-02
-3.741476237773895264e-01 3.351131081581115723e-01
-8.129321038722991943e-02 2.399618029594421387e-01
-1.631729304790496826e-01 1.543330103158950806e-01
-3.903781995177268982e-02 1.021775677800178528e-01
1.524394452571868896e-01 -1.216197907924652100e-01
3.884731978178024292e-02 -1.846595853567123413e-01
1.174731254577636719e-01 3.428868483752012253e-03
-2.770971357822418213e-01 1.781584322452545166e-01
1.075293943285942078e-01 1.063337326049804688e-01
7.897553592920303345e-02 -3.479154407978057861e-02
1.004683747887611389e-01 -6.503253430128097534e-02
-1.166789755225181580e-01 2.581676244735717773e-01
8.559904992580413818e-02 1.656212843954563141e-02
3.223715424537658691e-01 -2.340064942836761475e-01
-1.591739207506179810e-01 8.671948313713073730e-02
2.952198497951030731e-02 5.852837115526199341e-02
-1.880787312984466553e-01 1.979378163814544678e-01
-4.325353801250457764e-01 4.838773012161254883e-01
-2.941150963306427002e-02 2.129385620355606079e-01
2.205969393253326416e-01 -1.518598347902297974e-01
7.500810623168945312e-01 -7.277381420135498047e-01
-1.686704456806182861e-01 -5.961392447352409363e-02
-4.322499334812164307e-01 2.791165113449096680e-01
-3.007158935070037842e-01 1.984603255987167358e-01
-5.582572817802429199e-01 6.130954027175903320e-01
1.071209684014320374e-01 -9.801084175705909729e-03
8.897514343261718750e-01 -8.166476488113403320e-01
4.553126171231269836e-03 1.776175647974014282e-01
-6.781931519508361816e-01 5.436604619026184082e-01
-2.977489829063415527e-01 2.525965571403503418e-01
3.706998005509376526e-02 -2.495758384466171265e-01
4.469344019889831543e-01 -3.079700767993927002e-01
-4.285273551940917969e-01 2.759617567062377930e-01
6.619643419981002808e-02 -1.834450811147689819e-01
1.245795011520385742e+00 -1.141931653022766113e+00
-3.434551358222961426e-01 4.427728056907653809e-01
5.435215234756469727e-01 -6.954544186592102051e-01
-7.048047184944152832e-01 6.692530512809753418e-01
-2.232820093631744385e-01 6.963732093572616577e-02
-4.546549171209335327e-02 8.176663517951965332e-02
5.011282563209533691e-01 -3.592993021011352539e-01
-3.647482395172119141e-01 2.190351486206054688e-01
1.753497719764709473e-01 -2.761443555355072021e-01
-1.805317401885986328e-01 2.504756748676300049e-01
1.448722779750823975e-01 -8.465874940156936646e-02
1.275944411754608154e-01 -4.919954016804695129e-02
2.983030676841735840e-01 -3.758979439735412598e-01
-1.287719160318374634e-01 2.272964417934417725e-01
1.000022739171981812e-01 8.940350264310836792e-02
-1.554853618144989014e-01 2.535203397274017334e-01
-2.463621050119400024e-01 2.190805673599243164e-01
-1.106026917695999146e-01 5.123912170529365540e-02
3.103911876678466797e-01 -2.338191419839859009e-01
2.888273298740386963e-01 -1.194779351353645325e-01
4.466401636600494385e-01 -4.787254035472869873e-01
-5.695078521966934204e-02 5.421317741274833679e-02
-4.066354036331176758e-01 2.915845215320587158e-01
5.575288534164428711e-01 -5.597930550575256348e-01
-5.902452468872070312e-01 6.286612153053283691e-01
-1.751199811697006226e-01 -6.077025458216667175e-02
-9.769503474235534668e-01 1.097030878067016602e+00
-1.264953166246414185e-01 9.509494900703430176e-02
6.369570493698120117e-01 -5.871883630752563477e-01
-3.876810669898986816e-01 2.147077918052673340e-01
-5.564168691635131836e-01 5.078466534614562988e-01
-5.950858071446418762e-02 1.088071390986442566e-01
-3.755488395690917969e-01 1.976699233055114746e-01
-3.847793936729431152e-01 2.086467891931533813e-01
4.193489551544189453e-01 -5.521267056465148926e-01
1.505250036716461182e-01 -1.854910999536514282e-01
1.159870922565460205e-01 -1.599707901477813721e-01
1.251526027917861938e-01 -9.364605695009231567e-02
-2.403959333896636963e-01 1.553436368703842163e-01
3.502803444862365723e-01 -2.513665258884429932e-01
-1.254369467496871948e-01 9.907626360654830933e-02
-4.288852810859680176e-01 4.867396950721740723e-01
6.958516836166381836e-01 -7.113683223724365234e-01
-6.050443276762962341e-02 1.394786238670349121e-01
-9.805585443973541260e-02 -6.919255852699279785e-02
-4.650432467460632324e-01 3.987596929073333740e-01
-7.375171780586242676e-01 8.107417821884155273e-01
-2.249032855033874512e-01 8.538468927145004272e-02
-3.181951642036437988e-01 2.528916597366333008e-01
2.784625589847564697e-01 -2.658751308917999268e-01
2.267848998308181763e-01 -5.663897991180419922e-01
3.049820661544799805e-01 -2.885847091674804688e-01
-4.076517224311828613e-01 3.911018967628479004e-01
-2.594516277313232422e-01 2.212485373020172119e-01
1.013212651014328003e-01 -1.711034327745437622e-01
2.509044110774993896e-01 -2.516678869724273682e-01
5.648541450500488281e-01 -3.994596302509307861e-01
1.632607877254486084e-01 -1.060592848807573318e-02
-3.233558535575866699e-01 2.150942683219909668e-01
5.302556157112121582e-01 -5.880209207534790039e-01
-7.502325624227523804e-02 -3.803782165050506592e-02
-6.336376070976257324e-02 1.061740294098854065e-01
-5.073260664939880371e-01 5.170944929122924805e-01
-3.106965720653533936e-01 3.181752860546112061e-01
1.230268359184265137e+00 -1.370035290718078613e+00
-2.010188102722167969e-01 2.353007942438125610e-01
2.035188525915145874e-01 -1.373582333326339722e-01
-2.846218049526214600e-01 2.764064669609069824e-01
-1.530671566724777222e-01 1.891981214284896851e-01
-2.954418659210205078e-01 1.757284402847290039e-01
-2.589729726314544678e-01 3.628005087375640869e-01
4.639818668365478516e-01 -3.686034381389617920e-01
-1.342539489269256592e-01 -3.813330782577395439e-03
9.159874320030212402e-01 -8.924863338470458984e-01
1.347340792417526245e-01 1.038543432950973511e-01
-9.862412512302398682e-02 2.542803436517715454e-02
-2.445139177143573761e-02 1.799120604991912842e-01
9.701855480670928955e-02 -1.144255176186561584e-01
-4.971161484718322754e-01 5.949251651763916016e-01
9.141134470701217651e-02 -1.468170434236526489e-01
1.511017531156539917e-01 -1.906065493822097778e-01
-2.344740182161331177e-01 1.366843879222869873e-01
6.249853968620300293e-01 -7.784466743469238281e-01
-4.515447318553924561e-01 5.241131782531738281e-01
-9.040145203471183777e-03 -3.262515366077423096e-02
2.163203507661819458e-01 -2.331748455762863159e-01
1.088418662548065186e-01 -3.101139068603515625e-01
2.809526622295379639e-01 -2.674357593059539795e-01
2.046903222799301147e-01 -7.882686704397201538e-02
-2.109633982181549072e-01 -1.039452627301216125e-01
-5.828567743301391602e-01 4.245657622814178467e-01
-5.053721070289611816e-01 3.036667704582214355e-01
1.930719763040542603e-01 1.741769351065158844e-02
1.487372368574142456e-01 1.462180167436599731e-01
2.245635092258453369e-01 -4.162947237491607666e-01
-1.516427397727966309e-01 2.489296942949295044e-01
-5.165131688117980957e-01 5.076662302017211914e-01
-3.034227490425109863e-01 3.796508014202117920e-01
-2.598864138126373291e-01 2.711906135082244873e-01
-2.496412694454193115e-01 8.071437478065490723e-02
9.514837712049484253e-02 -3.709225356578826904e-02
9.249138236045837402e-01 -8.009122014045715332e-01
6.254367828369140625e-01 -4.666453897953033447e-01
-1.680063307285308838e-01 2.448353022336959839e-01
-2.216714322566986084e-01 1.722831279039382935e-01
2.052082680165767670e-02 -1.156377512961626053e-02
-5.032120738178491592e-03 1.926499009132385254e-01
-1.821027509868144989e-02 7.323381304740905762e-02
1.013467982411384583e-01 -8.542321622371673584e-02
2.346728555858135223e-02 5.658877268433570862e-02
-2.517365217208862305e-01 2.847752571105957031e-01
4.221931472420692444e-02 -2.050092518329620361e-01
-1.303752213716506958e-01 2.043033093214035034e-01
2.839357256889343262e-01 -3.799858987331390381e-01
3.885444402694702148e-01 -3.529184460639953613e-01
-1.865128278732299805e-01 4.779330641031265259e-02
-2.933766245841979980e-01 3.986956775188446045e-01
5.887600034475326538e-02 -1.952776759862899780e-01
-2.307474166154861450e-01 2.879287302494049072e-01
-3.079910278320312500e-01 1.189435645937919617e-01
2.335250079631805420e-01 -3.451496958732604980e-01
-5.356823205947875977e-01 4.988777935504913330e-01
-1.119333282113075256e-01 -1.740599274635314941e-01
1.847761720418930054e-01 -1.011310294270515442e-01
1.974896192550659180e-01 -2.960371971130371094e-01
1.024215444922447205e-01 1.218475699424743652e-01
-6.865943074226379395e-01 5.979596376419067383e-01
-2.685292959213256836e-01 3.660638630390167236e-01
9.163085818290710449e-01 -8.346182107925415039e-01
-4.798171520233154297e-01 5.443080663681030273e-01
5.639217048883438110e-02 -3.586267307400703430e-02
1.465920805931091309e-01 5.835411325097084045e-02
1.603143215179443359e-01 -1.232467517256736755e-01
1.641777716577053070e-02 1.494750231504440308e-01
-2.821610271930694580e-01 2.694044709205627441e-01
-1.570215672254562378e-01 1.950644142925739288e-02
5.627031922340393066e-01 -3.667532801628112793e-01
2.912835180759429932e-01 -3.270725905895233154e-01
-5.159322638064622879e-03 3.002076968550682068e-02
1.807757616043090820e-01 -1.872061342000961304e-01
-3.389810919761657715e-01 3.442118465900421143e-01
1.099920570850372314e-01 -3.063760995864868164e-01
-1.538916528224945068e-01 3.347383141517639160e-01
1.085553914308547974e-01 -2.262639403343200684e-01
3.096682019531726837e-02 9.919871389865875244e-02
-9.078009426593780518e-02 2.773566544055938721e-01
3.041639328002929688e-01 -3.587855398654937744e-01
-4.292857348918914795e-01 6.042499542236328125e-01
1.173716485500335693e-01 -2.337598651647567749e-01
1.429308056831359863e-01 -1.975737959146499634e-01
1.345873177051544189e-01 7.170537486672401428e-03
-1.844378560781478882e-02 -9.113142639398574829e-02
-1.681557297706604004e-01 9.856088086962699890e-03
-4.170161858201026917e-02 1.596488356590270996e-01
-2.575904130935668945e-01 2.286346703767776489e-01
-1.488434523344039917e-01 1.548130065202713013e-01
2.176327444612979889e-02 1.662252470850944519e-02
1.929227411746978760e-01 -1.519827544689178467e-01
1.902767568826675415e-01 -1.912775784730911255e-01
1.633973792195320129e-02 -1.983036696910858154e-01
-2.562780976295471191e-01 1.739319711923599243e-01
-5.613816380500793457e-01 4.371658861637115479e-01
-6.001332402229309082e-02 -7.495252788066864014e-02
3.862822428345680237e-02 -4.432620853185653687e-02
-2.002126425504684448e-01 4.368569329380989075e-02
3.154673874378204346e-01 -1.397730410099029541e-01
9.074377268552780151e-02 -9.595758467912673950e-02
1.876032203435897827e-01 -3.591370284557342529e-01
-2.889875173568725586e-01 1.357646584510803223e-01
3.165510892868041992e-01 -9.660484641790390015e-02
-4.168312996625900269e-02 -7.066591829061508179e-02
-4.052243530750274658e-01 3.790894448757171631e-01
2.843831181526184082e-01 -2.556224763393402100e-01
