2.690290212631225586e-01 -1.256742179393768311e-01
2.088213711977005005e-01 -1.341293752193450928e-01
1.013221777975559235e-02 8.056638389825820923e-02
-1.991314738988876343e-01 1.022624149918556213e-01
8.447328582406044006e-03 2.555040456354618073e-02
1.634136028587818146e-02 -2.352239005267620087e-02
-1.123624369502067566e-01 1.228551492094993591e-01
3.887651115655899048e-02 -2.593945264816284180e-01
5.669852718710899353e-02 -2.330510169267654419e-01
-1.280771344900131226e-01 1.787958294153213501e-01
-7.538644224405288696e-02 -1.604769192636013031e-02
5.529148876667022705e-02 -9.276919811964035034e-02
6.486836075782775879e-02 -1.207295358180999756e-01
1.052520051598548889e-01 -7.854742556810379028e-02
1.728785932064056396e-01 -1.595798134803771973e-02
-6.975552439689636230e-02 1.522946506738662720e-01
2.248560041189193726e-01 -7.734449952840805054e-02
5.845341086387634277e-02 -8.830300718545913696e-02
-1.484015434980392456e-01 -1.572805084288120270e-02
-1.175695955753326416e-01 4.963798448443412781e-02
-7.293456792831420898e-02 1.064310222864151001e-01
-1.930800527334213257e-01 1.506626009941101074e-01
-2.642599940299987793e-01 2.350644767284393311e-01
1.739624440670013428e-01 -2.308894991874694824e-01
1.826884299516677856e-01 -2.123373597860336304e-01
1.272101253271102905e-01 -3.933956474065780640e-02
-3.456577658653259277e-02 1.074319053441286087e-02
4.492501169443130493e-02 6.522769480943679810e-02
-1.228137388825416565e-01 1.741129606962203979e-01
2.503707408905029297e-01 -2.592473626136779785e-01
2.281501889228820801e-01 -6.905525177717208862e-02
2.852638363838195801e-01 -9.276211261749267578e-03
-1.157886534929275513e-01 5.936784297227859497e-02
8.652938902378082275e-02 -9.175474941730499268e-02
-1.743005812168121338e-01 2.041013240814208984e-01
-1.993824392557144165e-01 -5.648018792271614075e-02
-3.432163968682289124e-02 4.441814869642257690e-02
1.365954577922821045e-01 -1.124556958675384521e-01
2.742371857166290283e-01 -1.438873559236526489e-01
-1.488012969493865967e-01 2.474773228168487549e-01
-5.531731992959976196e-02 -1.550612300634384155e-01
-1.673113740980625153e-02 -1.061984673142433167e-01
8.615242689847946167e-02 1.024154108017683029e-02
7.782965898513793945e-02 -7.315844297409057617e-02
9.297066926956176758e-02 1.539044678211212158e-01
1.317122131586074829e-01 -1.348498463630676270e-01
-2.520659007132053375e-02 2.172633260488510132e-02
-9.071118198335170746e-03 -8.420830965042114258e-02
1.557338982820510864e-01 -9.792602807283401489e-02
1.486531794071197510e-01 -1.042791381478309631e-01
7.545064389705657959e-02 -2.841551788151264191e-03
-1.734152287244796753e-01 2.748071402311325073e-02
-7.754958420991897583e-02 4.196007922291755676e-02
-5.755698680877685547e-02 2.806228697299957275e-01
-1.456769183278083801e-02 1.470145303755998611e-02
-9.339512325823307037e-03 -2.710994333028793335e-02
9.369626641273498535e-02 -3.088057339191436768e-01
-7.007238268852233887e-02 8.878388255834579468e-02
1.224652007222175598e-01 2.247362211346626282e-02
7.646588981151580811e-02 -1.679872125387191772e-01
-9.321060776710510254e-02 -8.095508813858032227e-02
2.005624324083328247e-01 -1.073427423834800720e-01
-1.587948054075241089e-01 1.171656474471092224e-01
1.479206234216690063e-01 7.326459884643554688e-02
1.789712011814117432e-01 -2.709953486919403076e-01
2.932865619659423828e-01 -4.345460981130599976e-02
-1.366022378206253052e-01 9.015412628650665283e-02
-1.557054817676544189e-01 5.963268876075744629e-02
-1.294410228729248047e-01 4.012586548924446106e-02
1.774585843086242676e-01 -1.069603487849235535e-01
-3.013626933097839355e-01 3.779031336307525635e-02
5.230820924043655396e-02 2.034105919301509857e-02
5.930254980921745300e-02 -2.679890692234039307e-01
-1.618759781122207642e-01 6.170454248785972595e-02
-7.489998638629913330e-02 1.266749501228332520e-01
5.867095291614532471e-02 -1.883955746889114380e-01
9.438296407461166382e-02 -1.570670604705810547e-01
9.804834425449371338e-02 -4.749884828925132751e-02
1.947878450155258179e-01 -8.135424554347991943e-02
1.151890829205513000e-01 -7.047264277935028076e-02
2.886421382427215576e-01 3.077032743021845818e-03
2.786935567855834961e-01 -2.217673212289810181e-01
-1.095369234681129456e-01 4.577282071113586426e-02
-7.315031439065933228e-02 1.224795654416084290e-01
-1.392740458250045776e-01 5.582489445805549622e-02
-1.203047633171081543e-01 8.514699339866638184e-02
1.300750374794006348e-01 -6.433267891407012939e-02
2.666818201541900635e-01 -1.633921712636947632e-01
2.923394143581390381e-01 -1.850588917732238770e-01
1.399675011634826660e-01 -3.132139146327972412e-01
-3.089375421404838562e-02 5.813943594694137573e-02
2.504332661628723145e-01 -1.613405346870422363e-01
2.033841609954833984e-01 -7.886284589767456055e-02
3.459758758544921875e-01 -1.204891577363014221e-01
1.007883250713348389e-01 -2.402313053607940674e-01
1.051445230841636658e-01 -9.741486608982086182e-02
-3.432209044694900513e-02 1.913086324930191040e-01
2.126298248767852783e-01 -1.859049499034881592e-01
-2.935622334480285645e-01 1.304470002651214600e-01
7.980450242757797241e-02 -1.150389164686203003e-01
2.788110375404357910e-01 -2.905654311180114746e-01
-6.293253600597381592e-02 -5.569879338145256042e-02
3.310074210166931152e-01 -2.658201754093170166e-01
-1.054839864373207092e-01 5.758307129144668579e-02
-3.567581623792648315e-02 3.045836463570594788e-02
-1.775667816400527954e-02 5.523965135216712952e-02
-2.131749875843524933e-02 3.566754236817359924e-02
1.945715993642807007e-01 -9.895734488964080811e-02
7.376642525196075439e-02 -3.514212742447853088e-02
-1.658275872468948364e-01 6.012894585728645325e-02
-2.568308413028717041e-01 1.322049051523208618e-01
-1.926253736019134521e-02 1.092535927891731262e-01
2.075786590576171875e-01 -8.933279663324356079e-02
2.706911563873291016e-01 -2.590938098728656769e-02
-1.239079609513282776e-01 1.388802677392959595e-01
-2.729994356632232666e-01 2.423995584249496460e-01
-1.909336149692535400e-01 5.246210098266601562e-02
-1.614549160003662109e-01 6.379642337560653687e-02
-7.922120392322540283e-02 1.728562712669372559e-01
1.874110288918018341e-02 -1.433826386928558350e-01
3.403550088405609131e-01 -1.991492807865142822e-01
-1.112996041774749756e-01 1.371150612831115723e-01
1.925458461046218872e-01 -7.585547864437103271e-02
1.269811838865280151e-01 -2.026647031307220459e-01
8.357005566358566284e-02 -1.680323779582977295e-01
2.045669108629226685e-01 -2.394452095031738281e-01
-7.263958454132080078e-02 6.922949105501174927e-02
2.322759628295898438e-01 -3.137355670332908630e-02
1.161665767431259155e-01 -1.678742095828056335e-02
-2.446059435606002808e-01 -1.753568463027477264e-02
3.394371271133422852e-02 1.848017126321792603e-01
-2.466591447591781616e-01 1.612557470798492432e-01
-2.074806839227676392e-01 4.918199032545089722e-02
6.415992975234985352e-02 1.286044865846633911e-01
-5.803054571151733398e-02 5.745135247707366943e-02
1.830801516771316528e-01 -1.907667666673660278e-01
7.315075397491455078e-02 -2.152212150394916534e-02
-8.607374876737594604e-02 3.315197825431823730e-01
1.525399982929229736e-01 -2.633819282054901123e-01
1.422329097986221313e-01 -2.290437743067741394e-02
1.640343964099884033e-01 -1.841424554586410522e-01
-5.104553885757923126e-03 -1.223740726709365845e-01
-1.067199334502220154e-01 1.015532165765762329e-01
-5.869404971599578857e-02 -5.469797179102897644e-02
-1.404321640729904175e-01 1.960777044296264648e-01
-9.243029356002807617e-02 6.106035783886909485e-02
-5.181756243109703064e-02 -3.962987661361694336e-02
2.674924023449420929e-02 3.107743896543979645e-02
1.068940758705139160e-01 -4.867390170693397522e-02
-1.622116416692733765e-01 1.231114659458398819e-02
1.277795284986495972e-01 -1.429591029882431030e-01
1.259075254201889038e-01 -2.072780132293701172e-01
9.330410510301589966e-02 -1.454891413450241089e-01
-6.326813995838165283e-02 1.891227252781391144e-02
5.993264913558959961e-02 -3.040626347064971924e-01
-1.748751103878021240e-02 -1.430274993181228638e-01
-3.451795503497123718e-02 8.885328657925128937e-03
2.780258469283580780e-02 -9.396527893841266632e-03
1.179380118846893311e-01 -2.511689439415931702e-02
-1.490279585123062134e-01 -7.761345803737640381e-02
-4.006746783852577209e-02 1.015894189476966858e-01
6.646688282489776611e-02 1.187664940953254700e-01
1.268415749073028564e-01 -1.983294077217578888e-02
-1.303678564727306366e-02 1.298802793025970459e-01
-6.669133901596069336e-02 -2.076597325503826141e-02
-2.486927248537540436e-02 1.486134529113769531e-01
3.495577350258827209e-02 -1.094696149230003357e-01
-1.445487886667251587e-01 2.006775438785552979e-01
2.000265754759311676e-02 -1.440782845020294189e-01
-1.472693532705307007e-01 1.698991805315017700e-01
2.090735174715518951e-02 -2.277276292443275452e-02
-5.702375248074531555e-02 1.767494529485702515e-01
1.628592461347579956e-01 -9.338672459125518799e-02
-3.119901716709136963e-01 1.557295322418212891e-01
-1.379585266113281250e-01 1.139053627848625183e-01
-1.173005327582359314e-01 1.123124659061431885e-01
1.441796272993087769e-01 -1.447052657604217529e-01
1.861012727022171021e-01 -5.340882763266563416e-02
2.404090464115142822e-01 9.359328448772430420e-02
-1.701754927635192871e-01 2.875514328479766846e-01
9.908768534660339355e-02 -1.281868219375610352e-01
-3.508197888731956482e-02 3.448364883661270142e-02
1.219750717282295227e-01 -9.282227605581283569e-02
-1.647695712745189667e-02 -1.365072578191757202e-01
8.738119900226593018e-02 -1.614061146974563599e-01
-1.341826021671295166e-01 -1.179589144885540009e-02
-6.888275593519210815e-02 -1.628218293190002441e-01
-5.755851045250892639e-02 -1.667381525039672852e-01
1.456601172685623169e-01 -2.986818552017211914e-01
-1.711876690387725830e-01 5.557706952095031738e-02
-1.121568027883768082e-02 -7.916359603404998779e-02
2.678874507546424866e-02 -9.846976399421691895e-02
1.387579888105392456e-01 -2.262244075536727905e-01
5.489076673984527588e-02 -2.400254756212234497e-01
-1.962873190641403198e-01 6.963610649108886719e-02
-1.165671348571777344e-01 9.667959064245223999e-02
-1.355012953281402588e-01 -3.162384405732154846e-02
-8.845415432006120682e-04 2.928430400788784027e-02
4.600645229220390320e-02 9.700589627027511597e-02
1.267197579145431519e-01 -1.997715532779693604e-01
3.706914186477661133e-02 -1.045012027025222778e-01
-5.982397496700286865e-02 2.700347220525145531e-03
-1.108361408114433289e-01 -3.367226943373680115e-02
1.185584515333175659e-01 -6.177476048469543457e-02
1.266104578971862793e-01 -7.247405010275542736e-04
9.328406304121017456e-02 6.499815732240676880e-02
-3.165989182889461517e-04 -1.554698646068572998e-01
1.152930557727813721e-01 -5.769312381744384766e-03
-4.605934768915176392e-02 -4.255239292979240417e-02
-5.281716957688331604e-02 2.964172698557376862e-02
2.694979496300220490e-02 -1.681366413831710815e-01
1.065970063209533691e-01 1.227074638009071350e-01
-8.166115731000900269e-02 1.746309399604797363e-01
-9.593275189399719238e-02 9.625835716724395752e-02
4.114215075969696045e-02 -1.265022605657577515e-01
-5.383988469839096069e-02 -4.837388917803764343e-02
8.339259028434753418e-02 -2.226397395133972168e-01
9.743250906467437744e-02 -2.031999975442886353e-01
1.219126805663108826e-01 -6.438047438859939575e-02
-2.294328510761260986e-01 -3.247602656483650208e-02
3.001262620091438293e-02 -7.175745069980621338e-02
-7.583814114332199097e-02 -5.803791340440511703e-03
3.375610709190368652e-01 -1.704002171754837036e-01
3.810409083962440491e-02 -6.679086387157440186e-02
-9.334741532802581787e-02 4.155150428414344788e-02
-6.970756500959396362e-02 -7.579256594181060791e-02
-1.582627743482589722e-01 2.987086027860641479e-02
-1.089463382959365845e-01 -6.806127727031707764e-02
4.894396755844354630e-03 2.399143874645233154e-01
-2.694784291088581085e-02 -5.800136551260948181e-02
1.609540311619639397e-03 -1.539897769689559937e-01
-4.135392978787422180e-02 -1.561221107840538025e-02
-1.530139297246932983e-01 3.268367052078247070e-02
2.887803316116333008e-01 -2.266195863485336304e-01
2.081015110015869141e-01 -5.678983777761459351e-02
-1.834610551595687866e-01 -1.161212939769029617e-02
-1.391510367393493652e-01 4.003648459911346436e-02
1.647714059799909592e-03 9.986870735883712769e-02
-6.007074564695358276e-02 -1.652004430070519447e-03
1.728185266256332397e-01 -1.296986639499664307e-01
5.704902112483978271e-03 -3.821127489209175110e-02
1.608638912439346313e-01 -2.192860990762710571e-01
9.887117892503738403e-02 -7.438370585441589355e-02
-3.172745555639266968e-02 5.758714303374290466e-02
5.353458598256111145e-02 -1.432964503765106201e-01
-5.748023465275764465e-02 1.943177133798599243e-01
-9.532868862152099609e-02 1.409493535757064819e-01
-1.873577013611793518e-02 1.170920282602310181e-01
6.274702399969100952e-02 -1.205683201551437378e-01
1.224124729633331299e-01 6.993706524372100830e-02
-1.802792251110076904e-01 -2.089174278080463409e-02
-1.626634784042835236e-02 -5.460726842284202576e-02
1.692297309637069702e-02 -1.303138881921768188e-01
5.556659027934074402e-02 -7.554639875888824463e-02
-8.271226286888122559e-02 2.418769523501396179e-02
3.435814008116722107e-02 -1.039798185229301453e-01
