1.998043358325958252e-01 -1.126418188214302063e-01
-8.062083274126052856e-03 -2.860201001167297363e-01
1.697059124708175659e-01 -1.351290047168731689e-01
1.075909957289695740e-01 -1.142938137054443359e-01
1.039175037294626236e-02 -8.367276191711425781e-02
7.212162762880325317e-02 1.161704864352941513e-02
-9.288525581359863281e-02 1.174652203917503357e-01
-8.175712823867797852e-02 3.127689361572265625e-01
2.485681474208831787e-01 -1.418868601322174072e-01
-2.060379981994628906e-01 1.853231713175773621e-02
-2.110974639654159546e-01 -2.601775713264942169e-02
1.895439177751541138e-01 -1.123097762465476990e-01
-2.195453196763992310e-01 3.293852880597114563e-02
1.186809986829757690e-01 -1.446308195590972900e-01
-1.990179903805255890e-02 -6.043979153037071228e-02
1.667934954166412354e-01 -1.033519953489303589e-01
1.467345207929611206e-01 -3.599243238568305969e-02
1.547033190727233887e-01 -1.686255931854248047e-01
-2.032646387815475464e-01 7.640308886766433716e-02
-2.460833638906478882e-01 1.906989812850952148e-01
-2.782061696052551270e-02 1.648704707622528076e-02
-2.410658746957778931e-01 1.280764192342758179e-01
-5.911013484001159668e-02 1.489705890417098999e-01
2.690786123275756836e-01 -1.133436784148216248e-01
3.620904386043548584e-01 -1.959218382835388184e-01
-1.901379413902759552e-02 2.071133702993392944e-01
-3.473871946334838867e-01 8.892016112804412842e-02
1.727883070707321167e-01 -1.114767044782638550e-01
-9.505245834589004517e-02 -9.875537455081939697e-02
2.458836585283279419e-01 -1.200822815299034119e-01
-1.219674665480852127e-02 -9.555526077747344971e-02
3.129776418209075928e-01 -8.781728148460388184e-02
5.744036659598350525e-02 1.689493060111999512e-01
1.308814585208892822e-01 -1.835241168737411499e-01
8.985436521470546722e-03 3.852345049381256104e-02
1.763350218534469604e-01 -1.731438487768173218e-01
-9.622967243194580078e-02 1.323567479848861694e-01
5.822864919900894165e-02 -3.639202937483787537e-02
-1.736293733119964600e-01 7.707264740020036697e-03
-5.820297077298164368e-02 3.689478337764739990e-01
-1.661472395062446594e-02 -1.678485125303268433e-01
-1.788624674081802368e-01 1.160036399960517883e-02
5.231679975986480713e-02 -2.222042717039585114e-02
-1.040282174944877625e-01 7.172054797410964966e-02
2.235384732484817505e-01 -1.158209741115570068e-01
-2.438701130449771881e-02 1.766781657934188843e-01
5.355908349156379700e-02 -2.450125813484191895e-01
-1.677526719868183136e-02 4.589279368519783020e-02
-7.206536084413528442e-02 7.674730569124221802e-02
-7.422662526369094849e-02 4.700284451246261597e-02
6.586507707834243774e-02 -1.755456775426864624e-01
-1.377778407186269760e-02 -7.875338196754455566e-02
3.900945931673049927e-02 -6.250079721212387085e-02
-4.596399515867233276e-02 -6.019052583724260330e-03
-2.532189339399337769e-02 -1.249099373817443848e-01
-7.243774086236953735e-02 1.333707273006439209e-01
-2.212071865797042847e-01 1.044965237379074097e-01
1.611119508743286133e-01 -1.215713098645210266e-01
2.518059611320495605e-01 -2.117550671100616455e-01
-2.414555400609970093e-01 5.973817780613899231e-02
3.614111244678497314e-02 -9.182543307542800903e-02
-1.063825935125350952e-01 2.004741579294204712e-01
-2.798670828342437744e-01 2.665098011493682861e-01
-1.682246774435043335e-01 2.900627851486206055e-01
-2.208006978034973145e-01 2.146463245153427124e-01
2.397596240043640137e-01 -1.172599345445632935e-01
6.480739265680313110e-02 -2.336182594299316406e-01
1.553402245044708252e-01 -3.366792201995849609e-01
-1.967937648296356201e-01 2.447623759508132935e-01
2.479444444179534912e-02 -9.712786972522735596e-02
-4.009807482361793518e-02 2.115088701248168945e-02
1.819867640733718872e-01 -2.861114451661705971e-03
1.011644527316093445e-01 -3.686634600162506104e-01
-2.242516577243804932e-01 2.953011393547058105e-01
-1.277964413166046143e-01 -5.925685912370681763e-02
1.583100408315658569e-01 -1.758817285299301147e-01
-1.582880169153213501e-01 1.636964082717895508e-01
2.264044061303138733e-02 -1.062539964914321899e-01
2.546648085117340088e-01 -3.705140948295593262e-01
2.619511485099792480e-01 -1.713552474975585938e-01
1.463651657104492188e-01 -4.720362648367881775e-02
1.464336067438125610e-01 -3.414613008499145508e-02
-1.171707063913345337e-01 1.191317141056060791e-01
5.995580181479454041e-02 -1.879708915948867798e-01
1.672966033220291138e-01 -1.179677397012710571e-01
-1.316876709461212158e-01 2.159992158412933350e-01
1.832421123981475830e-01 -2.125167548656463623e-01
2.029871940612792969e-01 -1.919926255941390991e-01
-3.861150890588760376e-02 1.920272223651409149e-02
1.815224066376686096e-02 -1.944081485271453857e-01
2.870299816131591797e-01 -2.362564653158187866e-01
-7.482120394706726074e-02 1.659964025020599365e-01
-2.129598855972290039e-01 4.997102171182632446e-02
2.406324446201324463e-01 -5.337512493133544922e-02
1.137032285332679749e-01 -1.899200826883316040e-01
-1.038103103637695312e-01 2.377892583608627319e-01
-1.276004463434219360e-01 8.518191426992416382e-02
1.570270359516143799e-01 -1.516051888465881348e-01
-1.912585347890853882e-01 2.361006587743759155e-01
2.245737314224243164e-01 -2.296597361564636230e-01
-5.024655908346176147e-02 1.379444599151611328e-01
1.312749087810516357e-01 -1.392703205347061157e-01
-2.591539323329925537e-01 1.963300406932830811e-01
2.817655205726623535e-01 -2.979277670383453369e-01
1.498972624540328979e-01 -2.803241461515426636e-02
-5.164632201194763184e-02 8.278637379407882690e-02
-3.525967523455619812e-02 1.058622747659683228e-01
-1.268472820520401001e-01 1.220021322369575500e-01
-1.695706695318222046e-01 -3.237021714448928833e-02
2.232316434383392334e-01 -1.687894910573959351e-01
-3.429248183965682983e-02 1.233680993318557739e-01
-3.075510263442993164e-01 1.161339730024337769e-01
-1.171289756894111633e-01 7.431975007057189941e-02
-1.149905174970626831e-01 2.130028754472732544e-01
-2.909341156482696533e-01 1.615971475839614868e-01
-1.953299194574356079e-01 2.865352295339107513e-02
5.167844891548156738e-02 6.471230834722518921e-02
8.468479663133621216e-02 -9.635347127914428711e-02
2.331545390188694000e-02 -1.237763687968254089e-01
-1.525951772928237915e-01 -6.822258234024047852e-02
-1.281666159629821777e-01 1.777445971965789795e-01
-1.011023744940757751e-01 1.159212067723274231e-01
1.705631464719772339e-01 -2.635655403137207031e-01
-8.397788554430007935e-02 -2.539265155792236328e-02
-2.357491850852966309e-01 1.431686580181121826e-01
2.068276256322860718e-01 -1.508679836988449097e-01
1.774376928806304932e-01 -4.236432537436485291e-02
-1.487557888031005859e-01 7.139667123556137085e-02
-8.934295922517776489e-02 -8.276845514774322510e-02
9.622175991535186768e-02 -1.976142227649688721e-01
-1.228148490190505981e-01 2.731179893016815186e-01
-1.731718480587005615e-01 -6.017734482884407043e-02
-1.438255906105041504e-01 8.030354976654052734e-02
-3.002279102802276611e-01 8.246672223322093487e-04
-3.559784293174743652e-01 2.399747967720031738e-01
-9.863387048244476318e-02 2.672120630741119385e-01
-6.819640100002288818e-02 -7.503610849380493164e-02
8.717200160026550293e-02 6.716086994856595993e-03
-2.371163964271545410e-01 2.088994383811950684e-01
6.949117779731750488e-02 -1.539818644523620605e-01
-2.022994607686996460e-01 1.077591255307197571e-01
4.563940688967704773e-02 -1.027637794613838196e-01
-2.337894737720489502e-01 2.183555215597152710e-01
-1.729484647512435913e-01 3.162606060504913330e-01
1.313971728086471558e-01 -9.657237678766250610e-02
-5.486031249165534973e-02 -3.126894682645797729e-02
-2.114498019218444824e-01 2.238087803125381470e-01
-1.712274402379989624e-01 8.574569225311279297e-02
2.190794944763183594e-01 4.403639584779739380e-02
-1.561107579618692398e-03 1.226515993475914001e-01
-4.915853217244148254e-02 5.203630775213241577e-02
3.661181032657623291e-02 1.302081495523452759e-01
7.570433616638183594e-02 -5.037174094468355179e-03
-2.274573147296905518e-01 2.384002208709716797e-01
1.698649227619171143e-01 -6.067072972655296326e-02
4.712176322937011719e-02 6.252362579107284546e-02
-2.475203871726989746e-01 3.894073367118835449e-01
-9.851042181253433228e-03 -8.976832032203674316e-02
1.881480962038040161e-01 -2.291568368673324585e-01
-1.586944609880447388e-01 7.079705595970153809e-02
-2.046465575695037842e-01 1.769987642765045166e-01
2.891429364681243896e-01 -2.841684222221374512e-01
-2.430462045595049858e-03 -4.834752529859542847e-02
-5.255516991019248962e-02 5.988069623708724976e-02
-6.368257105350494385e-02 1.351130753755569458e-01
1.590646207332611084e-01 -2.163175940513610840e-01
-1.445921063423156738e-01 -1.099359989166259766e-02
1.834727972745895386e-01 6.920049898326396942e-03
2.404275685548782349e-01 -2.996164858341217041e-01
-2.857011854648590088e-01 2.430095672607421875e-01
4.303531721234321594e-02 -7.812350988388061523e-02
-1.312534511089324951e-01 3.349539041519165039e-01
2.472514659166336060e-01 -1.255434900522232056e-01
-2.617217414081096649e-02 6.699361652135848999e-02
4.148849099874496460e-02 5.607115849852561951e-02
1.241567432880401611e-01 -1.528718173503875732e-01
5.279374495148658752e-02 1.237311400473117828e-03
1.108962018042802811e-02 6.602966040372848511e-02
-1.283831745386123657e-01 1.584448814392089844e-01
1.975493729114532471e-01 -1.620066612958908081e-01
2.444850951433181763e-01 1.310200057923793793e-02
-1.685188114643096924e-01 -1.374635100364685059e-02
2.957710921764373779e-01 8.618027903139591217e-03
-1.756197214126586914e-01 1.216175407171249390e-01
-1.214056387543678284e-01 1.640532314777374268e-01
-1.915641129016876221e-01 2.077085077762603760e-01
5.457175895571708679e-02 -1.152206212282180786e-01
-1.574393957853317261e-01 2.384830564260482788e-01
-1.114671006798744202e-01 3.531702607870101929e-02
2.472035437822341919e-01 1.665186951868236065e-03
3.026074469089508057e-01 -1.230076923966407776e-01
2.473531365394592285e-01 -1.133430153131484985e-01
-1.762621700763702393e-01 9.399086236953735352e-03
2.504730224609375000e-01 -4.315571486949920654e-02
-6.668326258659362793e-02 1.115905940532684326e-01
-1.965560577809810638e-02 7.962563633918762207e-02
-2.647452428936958313e-02 -7.053734362125396729e-02
-8.239671587944030762e-02 1.732424274086952209e-02
-5.604116991162300110e-02 9.753922373056411743e-02
-2.084035426378250122e-02 4.275439772754907608e-03
4.211950302124023438e-02 7.379449158906936646e-02
-8.322685211896896362e-02 1.279074251651763916e-01
1.249850690364837646e-01 1.689196974039077759e-01
-2.271442711353302002e-01 1.495114564895629883e-01
-2.742747366428375244e-01 2.004794180393218994e-01
1.078531593084335327e-01 9.228980541229248047e-02
-1.418756991624832153e-01 1.354146301746368408e-01
1.214685440063476562e-01 5.277897417545318604e-02
4.960092902183532715e-02 -3.948889300227165222e-02
-1.723234355449676514e-02 3.987732157111167908e-02
-1.018079370260238647e-01 1.162276417016983032e-02
7.239884138107299805e-02 -1.012991368770599365e-01
-1.337953805923461914e-01 6.604873389005661011e-02
-1.149894967675209045e-01 1.342012584209442139e-01
-3.643059730529785156e-02 -2.387114614248275757e-01
7.337945699691772461e-02 4.209073726087808609e-03
1.388428956270217896e-01 -3.918165713548660278e-02
6.462481617927551270e-02 5.442299693822860718e-02
-2.947009913623332977e-02 -4.689494147896766663e-02
1.228990182280540466e-01 -1.981477290391921997e-01
3.466370981186628342e-03 -1.014137640595436096e-01
2.683572471141815186e-02 4.482844844460487366e-03
-2.752843685448169708e-02 -5.717915669083595276e-02
2.390931844711303711e-01 -2.327280938625335693e-01
-3.241602680645883083e-04 2.337332218885421753e-01
-7.461214810609817505e-02 1.614843755960464478e-01
-4.719091951847076416e-02 -2.824015729129314423e-02
7.686184346675872803e-02 -1.030101105570793152e-01
1.116906553506851196e-01 2.063920199871063232e-01
2.110280096530914307e-01 -1.872537136077880859e-01
-5.812157690525054932e-02 -6.775907427072525024e-02
-5.086199566721916199e-02 4.968566074967384338e-02
3.229086101055145264e-02 -7.962582260370254517e-02
-2.506246566772460938e-01 1.601708382368087769e-01
-6.432031840085983276e-02 2.836771542206406593e-03
-1.961077302694320679e-01 2.179498523473739624e-01
2.538050413131713867e-01 -7.561609894037246704e-02
8.887827396392822266e-02 -2.550883293151855469e-01
1.083032926544547081e-03 1.387572884559631348e-01
6.083464995026588440e-02 -1.301335990428924561e-01
-9.223692119121551514e-02 -2.779029682278633118e-02
4.975535720586776733e-02 1.259915232658386230e-01
2.312589734792709351e-01 -6.732705980539321899e-02
1.134657710790634155e-01 -1.665316671133041382e-01
6.720006465911865234e-02 -1.359884142875671387e-01
1.643439233303070068e-01 -6.204587221145629883e-02
2.728136777877807617e-01 -1.548358798027038574e-01
-1.139221340417861938e-01 4.252380505204200745e-02
-3.796701133251190186e-02 -5.510643590241670609e-03
4.422659426927566528e-02 9.836316853761672974e-02
3.028575479984283447e-01 -1.154783833771944046e-02
-1.179311275482177734e-01 1.619863808155059814e-01
1.769890822470188141e-02 5.620534345507621765e-02
-1.365343332290649414e-01 1.194641888141632080e-01
1.342575699090957642e-01 3.640234004706144333e-03
1.170748174190521240e-01 -4.395219311118125916e-02
