-1.458846330642700195e-01 -5.098333954811096191e-02
-2.960356175899505615e-01 1.805484443902969360e-01
2.041031420230865479e-01 -8.138155192136764526e-02
2.541452050209045410e-01 -3.279370963573455811e-01
-2.706397208385169506e-04 -2.943715080618858337e-02
2.905401289463043213e-01 -2.122506350278854370e-01
-9.773388504981994629e-02 1.599921733140945435e-01
-2.221512943506240845e-01 8.756104111671447754e-02
-3.186662197113037109e-01 1.843076199293136597e-01
-1.748393923044204712e-01 9.170310199260711670e-02
3.861294314265251160e-02 -2.315966933965682983e-01
9.901249408721923828e-02 -1.100279167294502258e-01
1.473582237958908081e-01 -7.220224360935389996e-04
-1.281379312276840210e-01 1.840949356555938721e-01
1.912475079298019409e-01 -2.313682138919830322e-01
-1.173286437988281250e-01 3.332329094409942627e-01
2.552460506558418274e-02 1.436385363340377808e-01
-1.883650571107864380e-01 1.132139712572097778e-01
2.391193211078643799e-01 -3.809830173850059509e-02
-1.075314730405807495e-02 1.725118160247802734e-01
9.222879074513912201e-03 -7.345652580261230469e-02
-2.539467997848987579e-02 -1.364015489816665649e-01
1.550010442733764648e-01 -1.510563492774963379e-01
5.907366797327995300e-02 -9.748692065477371216e-02
-2.428939938545227051e-02 -7.900407910346984863e-02
-5.859659984707832336e-02 -1.468138396739959717e-02
4.580527842044830322e-01 -4.540659785270690918e-01
-8.499019779264926910e-03 1.400674581527709961e-01
-2.247483581304550171e-01 1.588975638151168823e-01
-1.452365331351757050e-02 5.994035303592681885e-02
2.216028571128845215e-01 -6.961803138256072998e-02
1.462832838296890259e-01 -1.809261441230773926e-01
-8.958464860916137695e-02 -1.214027870446443558e-02
1.350336521863937378e-01 -2.018186897039413452e-01
-8.806684613227844238e-02 2.797768115997314453e-01
-2.378869950771331787e-01 3.030484318733215332e-01
1.607245802879333496e-01 -1.232038736343383789e-01
3.326234519481658936e-01 -2.821303308010101318e-01
-2.459741532802581787e-01 1.340163052082061768e-01
-4.137233793735504150e-01 2.261706739664077759e-01
1.372151821851730347e-01 -9.638024121522903442e-02
-2.062806338071823120e-01 1.759570538997650146e-01
-4.529869556427001953e-02 8.647230267524719238e-02
-1.555213332176208496e-01 -1.501399129629135132e-01
2.720717340707778931e-02 -3.377081826329231262e-02
-1.960256509482860565e-02 -1.160748079419136047e-01
2.352160215377807617e-01 -1.858540028333663940e-01
5.710695311427116394e-02 1.925372183322906494e-01
1.706638336181640625e-01 -1.910110861063003540e-01
4.839290305972099304e-02 -1.389644294977188110e-01
1.433686763048171997e-01 -1.880410909652709961e-01
3.787019988521933556e-03 6.937375664710998535e-02
-5.502277612686157227e-01 4.578942060470581055e-01
-4.178436100482940674e-02 9.629052877426147461e-02
6.116976216435432434e-02 -2.472144663333892822e-01
-7.788036018610000610e-02 1.217876821756362915e-01
-9.056743234395980835e-02 7.665193825960159302e-02
-3.429969549179077148e-01 2.260548323392868042e-01
-3.043254613876342773e-01 1.073151826858520508e-01
1.161219030618667603e-01 -9.714335948228836060e-02
-1.183700934052467346e-01 1.467110961675643921e-01
-1.898658871650695801e-01 2.559296786785125732e-01
1.494461596012115479e-01 -1.296420395374298096e-01
5.297088250517845154e-02 -4.879146814346313477e-02
3.084428142756223679e-03 -9.628978371620178223e-02
1.968555301427841187e-01 -3.249578475952148438e-01
4.395964741706848145e-01 -2.654985189437866211e-01
-4.598441720008850098e-01 4.936481118202209473e-01
4.356138706207275391e-01 -2.860513925552368164e-01
2.563300430774688721e-01 -8.054816722869873047e-02
-2.047777920961380005e-01 5.622613057494163513e-02
-1.191376298666000366e-01 2.748658061027526855e-01
-4.542510211467742920e-01 3.329479098320007324e-01
1.449338644742965698e-01 -3.363229632377624512e-01
-1.054682061076164246e-01 1.332003921270370483e-01
1.382516175508499146e-01 -3.391511440277099609e-01
6.472756713628768921e-02 -1.571423560380935669e-01
3.575751483440399170e-01 -1.188215017318725586e-01
2.417323887348175049e-01 -1.504864245653152466e-01
1.694701761007308960e-01 -2.011527419090270996e-01
2.586139142513275146e-01 -1.525101661682128906e-01
-1.804985702037811279e-01 2.163345515727996826e-01
1.161769479513168335e-01 -1.598046422004699707e-01
-3.832032382488250732e-01 2.915538549423217773e-01
1.868329942226409912e-01 -3.200139701366424561e-01
-4.220101237297058105e-01 2.848019897937774658e-01
-1.587022542953491211e-01 3.232977986335754395e-01
-2.526734471321105957e-01 2.161870002746582031e-01
1.975426971912384033e-01 -3.543199598789215088e-01
-4.560256004333496094e-01 3.917451500892639160e-01
-1.780532151460647583e-01 3.227689862251281738e-01
-2.555140256881713867e-01 2.619157731533050537e-01
-4.476886987686157227e-02 3.673867508769035339e-02
-3.454613685607910156e-01 2.620803713798522949e-01
-2.494704872369766235e-01 2.165771275758743286e-01
-1.667988449335098267e-01 3.471187949180603027e-01
5.003840196877717972e-03 -2.948328256607055664e-01
-2.895832061767578125e-01 2.475812435150146484e-01
5.119171738624572754e-02 -2.668814174830913544e-02
-9.378553926944732666e-02 2.504500932991504669e-02
-1.661444641649723053e-02 2.828672342002391815e-02
1.220811232924461365e-01 -2.342450916767120361e-01
1.756474077701568604e-01 -3.804866671562194824e-01
-4.463337361812591553e-01 4.456008970737457275e-01
1.881789714097976685e-01 -3.167997300624847412e-01
3.772836625576019287e-01 -2.385574579238891602e-01
1.400342434644699097e-01 -2.986594140529632568e-01
2.556225657463073730e-01 -2.838885486125946045e-01
1.615481376647949219e-01 -1.987157166004180908e-01
3.099091649055480957e-01 -3.317527174949645996e-01
2.487730234861373901e-01 -1.822855025529861450e-01
1.177026256918907166e-01 -2.816618084907531738e-01
1.767680346965789795e-01 -2.010156512260437012e-01
1.061591804027557373e-01 -1.864009723067283630e-02
3.553218543529510498e-01 -3.741431832313537598e-01
2.337102741003036499e-01 -2.700557708740234375e-01
-3.237805366516113281e-01 2.744898200035095215e-01
-8.306231349706649780e-03 1.046307682991027832e-01
2.418185770511627197e-01 -5.495311692357063293e-02
1.218696534633636475e-01 -4.089980199933052063e-02
3.709194064140319824e-01 -3.582470118999481201e-01
4.864042997360229492e-02 -1.607122868299484253e-01
-3.673849999904632568e-01 2.620771229267120361e-01
-2.787766158580780029e-01 1.732337474822998047e-01
-3.346722722053527832e-01 3.051857352256774902e-01
1.451103091239929199e-01 4.024519771337509155e-02
-3.748786151409149170e-01 2.102934271097183228e-01
-3.290249109268188477e-01 2.375771254301071167e-01
-2.146328985691070557e-01 3.068878650665283203e-01
-6.806739419698715210e-02 1.882747411727905273e-01
3.386096060276031494e-01 -4.684631526470184326e-01
3.267658650875091553e-01 -2.198544293642044067e-01
2.178627103567123413e-01 -1.273160129785537720e-01
1.742489077150821686e-02 -1.756031811237335205e-01
3.160309791564941406e-01 -3.396829366683959961e-01
1.994780153036117554e-01 -2.313676178455352783e-01
1.542117893695831299e-01 -4.777543619275093079e-02
-4.450499713420867920e-01 3.393415808677673340e-01
3.850206136703491211e-01 -3.174220323562622070e-01
2.163119912147521973e-01 -2.773765921592712402e-01
9.906333684921264648e-02 7.527815550565719604e-02
3.835687935352325439e-01 -2.923314571380615234e-01
2.230276465415954590e-01 -8.360451459884643555e-02
4.168134033679962158e-01 -2.318828254938125610e-01
-6.321497261524200439e-02 8.725934475660324097e-02
1.897401213645935059e-01 -1.644786447286605835e-01
2.088448405265808105e-01 -4.368462041020393372e-02
-3.564949929714202881e-01 4.001415967941284180e-01
-2.480645924806594849e-01 1.588267832994461060e-01
-3.491433858871459961e-01 1.824524700641632080e-01
1.496072113513946533e-01 -2.532154917716979980e-01
8.660455234348773956e-03 -2.957282401621341705e-02
2.137921750545501709e-01 -4.303939044475555420e-01
-8.475957065820693970e-02 1.757327914237976074e-01
1.894169747829437256e-01 -2.867218852043151855e-01
5.193286109715700150e-03 7.319840788841247559e-02
1.535754650831222534e-01 -4.728665947914123535e-01
1.799591034650802612e-01 -1.796037703752517700e-01
-6.026103347539901733e-02 7.627427577972412109e-02
-2.218909114599227905e-01 1.434820145368576050e-01
1.965809613466262817e-01 -5.464750528335571289e-02
2.242993004620075226e-02 1.210740394890308380e-02
-1.472960114479064941e-01 2.550452947616577148e-01
-1.952516436576843262e-01 3.426761329174041748e-01
3.992207348346710205e-01 -2.431422919034957886e-01
2.749550938606262207e-01 -1.810315847396850586e-01
-2.574770152568817139e-01 2.783171832561492920e-01
-1.660454869270324707e-01 1.315217614173889160e-01
1.163991075009107590e-02 6.666263937950134277e-02
-1.346645802259445190e-01 2.549805045127868652e-01
-1.878522634506225586e-01 1.912743449211120605e-01
1.021538395434617996e-02 2.138605713844299316e-02
3.974095880985260010e-01 -3.172515630722045898e-01
-8.262909203767776489e-02 1.383215337991714478e-01
9.298405051231384277e-02 -3.291102871298789978e-02
-2.140709906816482544e-01 1.307426095008850098e-01
-1.697248518466949463e-01 2.417328655719757080e-01
2.782824039459228516e-01 -1.909444183111190796e-01
2.987591326236724854e-01 -1.945920735597610474e-01
-1.720523983240127563e-01 1.559726893901824951e-01
1.187068969011306763e-02 -1.131336539983749390e-01
-3.347660303115844727e-01 4.182477891445159912e-01
-3.071393072605133057e-01 2.610882818698883057e-01
4.097370803356170654e-01 -2.765936255455017090e-01
-3.104012608528137207e-01 2.073233276605606079e-01
1.013191565871238708e-01 -2.127468734979629517e-01
-1.731744557619094849e-01 3.510609865188598633e-01
2.532802224159240723e-01 -1.593955755233764648e-01
2.222881317138671875e-01 -3.525106608867645264e-01
-4.425695836544036865e-01 2.731741666793823242e-01
1.705330461263656616e-01 -2.258467823266983032e-01
-1.376928389072418213e-01 7.849916815757751465e-02
-1.531934887170791626e-01 1.501729041337966919e-01
-9.878095984458923340e-02 6.829466670751571655e-02
1.849099248647689819e-01 -4.159298911690711975e-02
1.353029310703277588e-01 -1.193682923913002014e-01
4.053329229354858398e-01 -2.071610242128372192e-01
1.933104693889617920e-01 -1.728594899177551270e-01
8.782606571912765503e-02 -2.376623451709747314e-01
5.525989532470703125e-01 -3.488361239433288574e-01
8.202738314867019653e-02 -5.724435672163963318e-02
-3.309340029954910278e-02 1.065175607800483704e-01
2.481116168200969696e-02 6.268594413995742798e-02
-1.096565350890159607e-01 7.766198366880416870e-02
1.036614552140235901e-01 -2.509337365627288818e-01
1.257703304290771484e-01 -1.696890145540237427e-01
2.308119386434555054e-01 -1.545120924711227417e-01
1.441154628992080688e-01 -1.239338070154190063e-01
5.315141752362251282e-02 -1.266604065895080566e-01
-2.184177786111831665e-01 -5.982241779565811157e-02
1.019012415781617165e-03 -1.404982358217239380e-01
-3.309261798858642578e-01 2.826481163501739502e-01
1.020228117704391479e-01 -3.873013332486152649e-02
3.209407255053520203e-02 -4.263118654489517212e-02
1.080037057399749756e-01 -3.155796229839324951e-01
-1.866660267114639282e-01 3.372455537319183350e-01
2.959561049938201904e-01 -3.180910348892211914e-01
7.168482244014739990e-02 -3.467342257499694824e-01
3.772747218608856201e-01 -4.395360350608825684e-01
4.804603382945060730e-02 2.164970710873603821e-02
2.613690197467803955e-01 -1.661005318164825439e-01
7.013262808322906494e-02 -5.912270024418830872e-02
-6.335153430700302124e-02 -8.247195184230804443e-02
-8.577235974371433258e-03 -1.062976345419883728e-01
1.325221508741378784e-01 -3.918720874935388565e-03
1.765552721917629242e-02 -2.337436079978942871e-01
-2.356802523136138916e-01 4.308795332908630371e-01
-3.170299902558326721e-02 -8.629253506660461426e-02
5.994153395295143127e-02 -9.282913804054260254e-02
1.417968273162841797e-01 -1.992177665233612061e-01
1.381635516881942749e-01 -1.816775202751159668e-01
-3.478260636329650879e-01 1.190316751599311829e-01
3.689661994576454163e-02 -2.482463121414184570e-01
1.235232353210449219e-01 -2.244402021169662476e-01
-3.217903673648834229e-01 2.038280516862869263e-01
1.931447535753250122e-01 -1.528314799070358276e-01
1.708365529775619507e-01 -2.060315459966659546e-01
-1.383072733879089355e-01 2.005729824304580688e-01
3.005260229110717773e-02 -1.388337165117263794e-01
-1.945482045412063599e-01 3.850817978382110596e-01
4.726121202111244202e-02 -2.081294059753417969e-01
-6.974963843822479248e-02 1.577945351600646973e-01
1.371878534555435181e-01 -9.183651953935623169e-02
2.847210504114627838e-02 -3.450111672282218933e-02
-5.607962142676115036e-03 -9.316428005695343018e-02
2.211455442011356354e-02 1.357723474502563477e-01
1.726397126913070679e-01 -2.615360915660858154e-01
1.375338286161422729e-01 -2.871793508529663086e-01
-1.798605024814605713e-01 3.236187994480133057e-01
-2.721855044364929199e-02 1.145454272627830505e-01
-7.233219593763351440e-02 2.185668349266052246e-01
3.222317993640899658e-01 -2.580796480178833008e-01
2.287625968456268311e-01 -7.422134280204772949e-02
-3.391849100589752197e-01 8.748986572027206421e-02
-6.452611833810806274e-02 -1.738864928483963013e-01
5.756524950265884399e-02 5.839780718088150024e-02
