1.699405014514923096e-01 -1.185723468661308289e-01
8.289680629968643188e-02 1.054679825901985168e-01
-6.903893500566482544e-02 1.432018238119781017e-03
1.350767761468887329e-01 -1.422433853149414062e-01
-3.223181888461112976e-02 1.032507568597793579e-01
-2.911889851093292236e-01 1.658811718225479126e-01
9.352944791316986084e-02 6.633186340332031250e-02
2.722381055355072021e-01 -7.081156969070434570e-02
-1.411253660917282104e-01 1.690108627080917358e-01
-1.040732190012931824e-01 3.574218973517417908e-02
1.698367744684219360e-01 -2.469066530466079712e-03
4.058180749416351318e-02 1.802400313317775726e-02
1.461772173643112183e-01 -1.312650740146636963e-01
5.733364447951316833e-02 -1.611934751272201538e-01
-9.169735945761203766e-03 9.862145036458969116e-02
-1.804582476615905762e-01 1.820664703845977783e-01
7.035355269908905029e-02 1.886139623820781708e-02
-1.352209970355033875e-02 1.967357248067855835e-01
1.872302740812301636e-01 -5.568192899227142334e-02
-1.288392692804336548e-01 -4.444864019751548767e-02
-1.407916694879531860e-01 2.133583426475524902e-01
-2.696734666824340820e-01 1.779249757528305054e-01
3.048420548439025879e-01 -3.960824385285377502e-02
1.573252975940704346e-01 -1.071468964219093323e-01
-1.718530654907226562e-01 -4.989915341138839722e-02
2.331928908824920654e-01 -2.282377481460571289e-01
2.197475917637348175e-02 -2.012100815773010254e-01
1.868308931589126587e-01 -1.938470005989074707e-01
1.321690082550048828e-01 -1.226880494505167007e-02
-1.824312806129455566e-01 -7.701016962528228760e-02
-1.103008314967155457e-01 6.952790170907974243e-02
-1.933805644512176514e-01 3.327251970767974854e-01
-2.070904523134231567e-01 9.960133582353591919e-02
1.635284721851348877e-01 -1.302613466978073120e-01
5.821262672543525696e-02 -9.647291898727416992e-02
6.622381508350372314e-02 7.399928756058216095e-03
-2.718273401260375977e-01 -2.313260221853852272e-03
-1.226057186722755432e-01 -7.482426706701517105e-03
-2.203694917261600494e-02 3.064893372356891632e-02
-1.027916930615901947e-02 -7.213320583105087280e-02
-5.381375178694725037e-02 -9.567677043378353119e-03
-5.630768835544586182e-02 1.961938291788101196e-01
1.849795877933502197e-01 -2.904084324836730957e-01
-6.229026988148689270e-02 5.908120074309408665e-04
6.586241722106933594e-02 -8.840205520391464233e-02
-5.926218256354331970e-02 -3.402319550514221191e-02
6.328340619802474976e-02 -1.210238933563232422e-01
-2.322388142347335815e-01 2.019785940647125244e-01
-2.301243990659713745e-01 -6.422834843397140503e-02
-2.418772131204605103e-01 1.901397705078125000e-01
3.505617380142211914e-02 8.572884835302829742e-03
8.148588985204696655e-02 1.147512719035148621e-01
-1.142701506614685059e-01 1.545641720294952393e-01
2.770189940929412842e-01 -1.544121652841567993e-01
-2.130524963140487671e-01 1.274223029613494873e-01
-3.548455238342285156e-02 9.542895853519439697e-02
-9.194196760654449463e-02 2.179605960845947266e-01
1.085899546742439270e-01 -5.310951918363571167e-02
-2.833067178726196289e-01 1.802840977907180786e-01
1.451620161533355713e-01 -1.849008053541183472e-01
-1.848417967557907104e-01 2.340943319723010063e-03
-1.149000599980354309e-01 1.263571679592132568e-01
3.953797742724418640e-02 -5.456558987498283386e-02
7.856439799070358276e-03 -2.175637483596801758e-01
9.878776967525482178e-02 -2.497110366821289062e-01
2.922916114330291748e-01 -2.260370999574661255e-01
-1.399942934513092041e-01 1.573361754417419434e-01
1.300166696310043335e-01 -2.401041537523269653e-01
-2.439150661230087280e-01 1.159560009837150574e-01
-9.740296006202697754e-02 8.129230141639709473e-02
-7.538819313049316406e-02 1.763480156660079956e-01
2.134237587451934814e-01 -6.304122507572174072e-02
-8.114393800497055054e-02 4.610518738627433777e-02
-2.056818902492523193e-01 1.767146587371826172e-01
2.740682363510131836e-01 -1.829497814178466797e-01
-1.719518564641475677e-02 3.223003819584846497e-02
1.585447788238525391e-02 -7.647672295570373535e-02
2.043604850769042969e-03 -4.167778789997100830e-02
6.783037632703781128e-02 -7.637648377567529678e-03
-1.777721494436264038e-01 1.512928903102874756e-01
1.496069133281707764e-01 -7.365386933088302612e-02
-5.174012109637260437e-02 1.767576783895492554e-01
1.535391248762607574e-02 5.854065995663404465e-03
-2.572558522224426270e-01 9.314218908548355103e-02
9.199336171150207520e-03 -9.007832407951354980e-02
6.829155981540679932e-02 -1.121075302362442017e-01
2.133522182703018188e-01 -1.944272369146347046e-01
-2.260326147079467773e-01 2.899629995226860046e-02
5.298101529479026794e-02 1.448491513729095459e-01
-2.671779692173004150e-01 2.414776980876922607e-01
-1.883878260850906372e-01 2.802236005663871765e-02
1.437070071697235107e-01 -4.960529878735542297e-02
-1.667811274528503418e-01 1.180277466773986816e-01
1.554232984781265259e-01 -3.428631275892257690e-02
-2.667345106601715088e-01 1.673175096511840820e-01
1.742887794971466064e-01 -3.696683049201965332e-02
3.169097378849983215e-02 -1.802914440631866455e-01
2.176432311534881592e-01 -1.220095232129096985e-01
-1.327791810035705566e-01 -1.351703852415084839e-01
-2.504725158214569092e-01 1.729078888893127441e-01
-1.184630617499351501e-01 2.558505535125732422e-01
-2.221156358718872070e-01 1.571273207664489746e-01
4.924473911523818970e-02 1.732341945171356201e-01
7.011448591947555542e-02 -2.630974166095256805e-02
2.967091202735900879e-01 -1.282456368207931519e-01
1.402275711297988892e-01 2.806518413126468658e-02
-2.188991159200668335e-01 1.431019902229309082e-01
-8.314169943332672119e-02 5.965922772884368896e-02
-1.020694002509117126e-01 -2.063931152224540710e-02
3.479905426502227783e-02 -2.248075418174266815e-02
2.628258466720581055e-01 -1.555696576833724976e-01
-1.033843457698822021e-01 1.020234152674674988e-01
1.490972489118576050e-01 -1.410500109195709229e-01
-2.424714714288711548e-01 1.884197592735290527e-01
-4.750214144587516785e-02 2.328872382640838623e-01
-2.750606834888458252e-01 1.624027043581008911e-01
-2.124771922826766968e-01 1.493793427944183350e-01
1.550805270671844482e-01 -2.804947197437286377e-01
2.159614861011505127e-01 -1.840991377830505371e-01
-1.708184033632278442e-01 2.001571059226989746e-01
-1.110329553484916687e-01 8.041407912969589233e-02
2.749070227146148682e-01 -1.776520349085330963e-02
2.352609336376190186e-01 -2.022677212953567505e-01
5.872046574950218201e-02 -9.334018826484680176e-02
1.261195093393325806e-01 8.119044825434684753e-03
-5.497818440198898315e-02 1.196430623531341553e-01
-1.902292668819427490e-01 2.346396595239639282e-01
2.378972768783569336e-01 -1.289915591478347778e-01
-9.771542996168136597e-02 2.751722037792205811e-01
-1.767301582731306553e-03 -2.446984685957431793e-02
6.551681458950042725e-02 -6.424477323889732361e-03
1.677662432193756104e-01 -1.916166841983795166e-01
2.132294028997421265e-01 -5.732113122940063477e-02
-2.102729231119155884e-01 1.230991482734680176e-01
1.371833086013793945e-01 -1.634363681077957153e-01
1.222187373787164688e-02 -3.684284538030624390e-02
-8.285915851593017578e-02 3.434174135327339172e-02
1.805215328931808472e-02 -3.447545692324638367e-02
6.520245224237442017e-02 -4.244764521718025208e-02
-3.536423668265342712e-02 -2.620796859264373779e-02
2.442651093006134033e-01 9.491308592259883881e-03
-3.751670941710472107e-02 -1.713783480226993561e-02
-3.197607025504112244e-02 -4.488420113921165466e-02
-1.778908818960189819e-01 7.452732324600219727e-02
7.020368427038192749e-02 -9.987551718950271606e-02
-6.118582561612129211e-02 4.863929003477096558e-02
4.477914795279502869e-02 5.832020193338394165e-02
6.098344922065734863e-02 1.387788169085979462e-02
-1.933428198099136353e-01 3.272399604320526123e-01
2.664708495140075684e-01 -7.660498470067977905e-02
1.534477919340133667e-01 -1.400866955518722534e-01
-1.435140818357467651e-01 1.279900670051574707e-01
-2.129156142473220825e-01 -1.145824231207370758e-02
3.042047098278999329e-02 -1.103745996952056885e-01
2.608860731124877930e-01 -1.649331450462341309e-01
1.637031435966491699e-01 -2.213679254055023193e-01
-8.862555027008056641e-02 1.777334660291671753e-01
-1.252540666610002518e-02 -6.888221949338912964e-02
-6.214569136500358582e-02 4.548562690615653992e-02
-7.438434660434722900e-02 -1.997704245150089264e-02
-2.148058265447616577e-02 -1.398863364011049271e-02
1.045610532164573669e-01 -1.329371333122253418e-02
7.026317715644836426e-02 -1.169693022966384888e-01
-1.300739496946334839e-01 1.461630910634994507e-01
-1.247453317046165466e-01 1.482810974121093750e-01
-1.812178492546081543e-01 8.282424509525299072e-02
1.610370539128780365e-02 -1.917880401015281677e-02
7.914696633815765381e-02 -1.996227353811264038e-01
-4.095550999045372009e-02 4.973812401294708252e-02
8.962653577327728271e-03 -7.603947818279266357e-02
-1.252495348453521729e-01 1.710649132728576660e-01
2.738471701741218567e-02 -1.839124411344528198e-02
1.617684364318847656e-01 -2.758472226560115814e-02
6.170377507805824280e-02 -3.491420671343803406e-02
-1.156199723482131958e-02 -9.253767877817153931e-02
-8.500819653272628784e-02 5.114787723869085312e-03
-3.221520408987998962e-02 1.956713646650314331e-01
1.079027801752090454e-01 -4.901592154055833817e-03
1.067345589399337769e-01 -1.021395623683929443e-01
-7.723558694124221802e-02 -3.158691525459289551e-02
-1.222893521189689636e-01 2.827367186546325684e-02
2.573268711566925049e-01 -2.290021441876888275e-02
-9.018949419260025024e-02 -1.843658275902271271e-02
-1.981074512004852295e-01 1.567839980125427246e-01
-6.064856052398681641e-02 1.412518769502639771e-01
4.688006825745105743e-03 -1.215712074190378189e-02
4.742237553000450134e-02 -1.077551469206809998e-01
6.472276896238327026e-02 -6.201883032917976379e-02
-1.200780868530273438e-01 1.474904567003250122e-01
-6.470002233982086182e-02 -5.810317769646644592e-02
-2.663951553404331207e-02 -1.144041493535041809e-01
-1.184756588190793991e-02 -6.533134263008832932e-03
1.015533227473497391e-02 7.970228791236877441e-02
-6.731221824884414673e-02 7.080262154340744019e-02
-1.667271181941032410e-02 1.531219482421875000e-01
2.497016936540603638e-01 -3.073222339153289795e-01
-1.453350633382797241e-01 8.811708539724349976e-03
8.299735933542251587e-02 5.313546583056449890e-02
-1.449633017182350159e-02 -9.009744971990585327e-02
2.319854944944381714e-01 -2.130567133426666260e-01
2.026640176773071289e-01 8.106887340545654297e-02
4.044236242771148682e-02 3.240577504038810730e-02
-2.534706518054008484e-02 -8.163322508335113525e-02
1.359608955681324005e-02 1.329258978366851807e-01
-5.385127291083335876e-02 2.141223847866058350e-01
4.383830726146697998e-02 -1.768388897180557251e-01
3.900933638215065002e-02 1.443488337099552155e-02
2.587128579616546631e-01 2.031446248292922974e-02
1.323219947516918182e-02 -1.391201913356781006e-01
-1.371405571699142456e-01 1.679577231407165527e-01
-4.603460058569908142e-02 -1.980326622724533081e-01
2.724468521773815155e-02 7.654982805252075195e-02
-1.689134538173675537e-01 1.716684997081756592e-01
-4.342953860759735107e-02 2.740697003901004791e-02
1.499497294425964355e-01 4.464415833353996277e-02
1.399016678333282471e-01 -6.030859425663948059e-02
-1.534923613071441650e-01 1.323142498731613159e-01
-8.915110677480697632e-02 3.093122132122516632e-02
-6.976009160280227661e-02 -1.482332199811935425e-01
1.764960438013076782e-01 -3.553731366991996765e-02
1.843162328004837036e-01 -2.210161983966827393e-01
-6.716912984848022461e-02 -5.142764002084732056e-02
-1.506647467613220215e-01 4.596329852938652039e-02
9.601078182458877563e-02 3.287470340728759766e-02
-1.082917302846908569e-01 3.478994593024253845e-02
6.094152107834815979e-02 -8.697967231273651123e-02
2.179485559463500977e-01 -1.436459422111511230e-01
2.507645189762115479e-01 -7.756116241216659546e-02
-2.070204019546508789e-01 1.423128694295883179e-01
4.555207118391990662e-02 7.562534511089324951e-02
-2.826079353690147400e-02 4.557917639613151550e-02
-4.903502017259597778e-02 1.309689581394195557e-01
-2.072647511959075928e-01 3.394640237092971802e-02
-1.922557689249515533e-02 -5.501526538864709437e-05
8.099372684955596924e-02 4.133016802370548248e-03
9.010729193687438965e-02 6.668476760387420654e-02
4.057462140917778015e-02 -2.701408863067626953e-01
3.971807658672332764e-02 3.460683301091194153e-02
2.356857061386108398e-01 -2.001518756151199341e-01
-1.924818754196166992e-01 4.935982078313827515e-02
-2.000951394438743591e-02 -2.220295667648315430e-01
-3.733509778976440430e-02 -7.950359582901000977e-02
-1.535989344120025635e-01 -4.673595540225505829e-03
2.492720484733581543e-01 -1.507499068975448608e-01
5.462067201733589172e-02 1.227394640445709229e-01
-6.467910110950469971e-02 -2.161787636578083038e-02
-8.557152748107910156e-02 1.604464352130889893e-01
-1.448497027158737183e-01 2.681817710399627686e-01
1.588021665811538696e-01 6.975370459258556366e-03
2.143745124340057373e-01 -1.323165297508239746e-01
-5.377792753279209137e-03 1.563028395175933838e-01
-1.116020902991294861e-01 5.793990567326545715e-02
2.510225176811218262e-01 -5.016675963997840881e-02
-4.002203233540058136e-03 -5.020740628242492676e-02
1.623768359422683716e-02 -4.268867895007133484e-02
-7.332021743059158325e-02 -1.118690073490142822e-01
