1.655268669128417969e-02 -5.447431653738021851e-02
-6.657679378986358643e-02 -6.619106978178024292e-02
2.171768248081207275e-01 5.101903155446052551e-02
1.114422827959060669e-01 -1.871137470006942749e-01
9.162963926792144775e-02 1.511443555355072021e-01
1.691721566021442413e-02 -1.913529820740222931e-02
-2.549483180046081543e-01 6.247606873512268066e-02
5.291199684143066406e-02 -1.849037557840347290e-01
-1.134733408689498901e-01 -1.584490016102790833e-02
-1.354708969593048096e-01 2.091570496559143066e-01
-1.549651920795440674e-01 1.380090415477752686e-01
7.360550016164779663e-02 -2.138412930071353912e-02
-2.687394618988037109e-02 1.120971068739891052e-01
6.090404093265533447e-02 -1.921485364437103271e-02
-1.437636762857437134e-01 2.793563306331634521e-01
-3.154680132865905762e-03 5.885790288448333740e-02
-1.167682111263275146e-01 2.266458980739116669e-02
8.600354194641113281e-02 6.699475459754467010e-03
-5.278787016868591309e-02 1.261735707521438599e-01
1.727093607187271118e-01 -6.739372014999389648e-02
-1.165223866701126099e-01 -1.857583993114531040e-03
-2.616774141788482666e-01 1.212764084339141846e-01
1.291581839323043823e-01 -9.679097682237625122e-02
8.071324974298477173e-02 5.124481022357940674e-02
4.318783804774284363e-02 1.320318039506673813e-02
2.379653155803680420e-01 -8.922528475522994995e-02
2.762005627155303955e-01 -3.177323937416076660e-02
2.293373458087444305e-02 -1.250924170017242432e-01
-8.823857456445693970e-02 -5.385800823569297791e-02
1.130829751491546631e-01 -2.300699502229690552e-01
-1.157500520348548889e-01 3.841138631105422974e-02
-1.117005646228790283e-01 1.036719903349876404e-01
-3.605752810835838318e-02 8.111831545829772949e-02
4.088343307375907898e-02 -9.039552509784698486e-02
1.612914055585861206e-01 -1.798287928104400635e-01
1.313533931970596313e-01 1.584470570087432861e-01
-3.165526315569877625e-02 1.292480528354644775e-01
-5.299040675163269043e-02 -1.233582049608230591e-01
1.703373342752456665e-01 -1.013553962111473083e-01
1.441846787929534912e-02 -8.583661168813705444e-02
-3.344108760356903076e-01 1.962299495935440063e-01
-1.424531489610671997e-01 7.708390802145004272e-02
-2.321908026933670044e-01 3.785920143127441406e-02
1.930064521729946136e-03 1.197434738278388977e-01
1.965534687042236328e-01 7.234263420104980469e-02
-4.691030457615852356e-02 -9.717776626348495483e-02
-4.648621380329132080e-02 1.922082714736461639e-02
-1.678587794303894043e-01 4.765921086072921753e-02
1.959615759551525116e-02 -2.354064136743545532e-01
-1.515647023916244507e-01 -9.050548821687698364e-02
1.628690659999847412e-01 -1.448178570717573166e-02
6.341882050037384033e-03 1.658808141946792603e-01
1.779185086488723755e-01 -9.910603612661361694e-02
7.660146057605743408e-02 -9.623979777097702026e-02
-1.992061734199523926e-01 2.324202358722686768e-01
2.372754663228988647e-01 -2.885845601558685303e-01
-1.145934760570526123e-01 1.375643312931060791e-01
6.617609411478042603e-02 -1.815626472234725952e-01
-7.708533853292465210e-02 3.437555860728025436e-03
-2.572710514068603516e-01 1.185447126626968384e-01
-2.442038804292678833e-01 1.182579174637794495e-01
7.115948200225830078e-02 -1.276466250419616699e-02
5.940658971667289734e-02 6.535411346703767776e-03
7.151599973440170288e-02 1.073206658475100994e-03
1.073901951313018799e-01 -1.614316701889038086e-01
-2.269200980663299561e-01 1.449463367462158203e-01
-1.512413620948791504e-01 6.631305068731307983e-02
-1.104042977094650269e-01 5.613223835825920105e-02
7.310531288385391235e-02 -2.410917878150939941e-01
-1.327905803918838501e-01 1.792759150266647339e-01
-2.864606492221355438e-02 -2.719949185848236084e-02
2.785671353340148926e-01 -1.799983233213424683e-01
1.505689620971679688e-01 -1.537855621427297592e-02
-1.095175817608833313e-01 2.918143272399902344e-01
2.141459882259368896e-01 -1.789405196905136108e-01
2.006708383560180664e-01 -2.283533066511154175e-01
5.978975817561149597e-02 7.915181666612625122e-02
1.997594982385635376e-01 -1.826977431774139404e-01
-1.345661580562591553e-01 3.482261300086975098e-01
-4.884861782193183899e-02 2.683408372104167938e-02
7.720790803432464600e-02 -6.616971641778945923e-02
2.549541294574737549e-01 -2.469668388366699219e-01
-7.807787973433732986e-03 2.205881476402282715e-01
-5.632991716265678406e-02 5.576070770621299744e-02
-1.644969880580902100e-01 3.010026216506958008e-01
-3.933162242174148560e-02 2.131768316030502319e-01
-1.259433627128601074e-01 3.989256322383880615e-01
5.892870202660560608e-02 -9.736377000808715820e-02
-1.249285116791725159e-01 2.427565120160579681e-02
4.700440168380737305e-02 -6.597169488668441772e-02
-8.648676425218582153e-02 1.819806247949600220e-01
1.183813437819480896e-01 -3.295104503631591797e-01
2.375055849552154541e-02 -1.508083641529083252e-01
1.271443665027618408e-01 -9.937002509832382202e-02
-3.852340877056121826e-01 2.443236708641052246e-01
-5.397054553031921387e-02 1.357919424772262573e-01
1.124333739280700684e-01 -1.405084878206253052e-01
-2.204338461160659790e-01 2.283660918474197388e-01
-4.089512303471565247e-02 -1.160661801695823669e-01
-2.239065915346145630e-01 3.038416802883148193e-01
-2.507314682006835938e-01 6.292346119880676270e-02
7.341641187667846680e-02 -1.045126989483833313e-01
-7.853605598211288452e-02 -1.164415106177330017e-01
-1.003517806529998779e-01 2.822743952274322510e-01
4.066798835992813110e-02 -2.021410502493381500e-02
1.275078654289245605e-01 -2.468026243150234222e-02
2.450894564390182495e-01 -2.521223723888397217e-01
3.811761736869812012e-02 -1.103958263993263245e-01
-2.550799399614334106e-02 -2.130211144685745239e-01
-1.795340329408645630e-01 2.929349541664123535e-01
8.091645315289497375e-03 -3.015784621238708496e-01
3.510065078735351562e-01 -2.837222218513488770e-01
4.529582336544990540e-03 -1.213032305240631104e-01
-3.485513105988502502e-02 -6.427088379859924316e-02
5.066507682204246521e-02 -2.056709676980972290e-01
-3.328134715557098389e-01 2.579604983329772949e-01
2.357999086380004883e-01 -4.069672524929046631e-01
5.157296732068061829e-02 -8.433611132204532623e-03
4.417014867067337036e-02 -2.499182224273681641e-01
3.837895393371582031e-02 1.656653243117034435e-03
-1.121732145547866821e-01 3.274243175983428955e-01
2.483366578817367554e-01 -2.125583738088607788e-01
-1.951266378164291382e-01 1.788162277080118656e-03
-4.375359788537025452e-02 1.206203252077102661e-01
3.361840844154357910e-01 -2.644424438476562500e-01
2.787004411220550537e-02 -1.150013953447341919e-01
-2.959436178207397461e-01 9.508392959833145142e-02
-5.871307477355003357e-02 -8.125972747802734375e-02
3.379972279071807861e-01 -9.424693882465362549e-02
-2.127390652894973755e-01 1.775757223367691040e-01
-2.409727424383163452e-01 1.557554453611373901e-01
1.300033926963806152e-01 -1.860452294349670410e-01
2.791778445243835449e-01 -1.550772041082382202e-01
2.069099843502044678e-01 -3.049259781837463379e-01
4.363986253738403320e-01 -3.749198615550994873e-01
-2.826534509658813477e-01 1.068968400359153748e-01
8.904588222503662109e-02 -6.067924201488494873e-02
-1.018734127283096313e-01 2.774946391582489014e-01
3.248953521251678467e-01 -3.626877665519714355e-01
-1.374490559101104736e-02 8.325827121734619141e-02
-5.422434583306312561e-02 6.576558947563171387e-02
-3.440713286399841309e-01 3.138734996318817139e-01
-3.019691109657287598e-01 3.560204207897186279e-01
-1.294628083705902100e-01 1.502134650945663452e-01
-1.830712556838989258e-01 1.445182561874389648e-01
3.806412816047668457e-01 -3.959815502166748047e-01
2.553200721740722656e-01 -2.704549729824066162e-01
3.034524023532867432e-01 -8.263061195611953735e-02
1.200538827106356621e-03 1.969277858734130859e-01
-2.960798740386962891e-01 2.347523570060729980e-01
2.336586266756057739e-01 -1.376366466283798218e-01
2.086342126131057739e-01 -1.461335867643356323e-01
-1.623250991106033325e-01 3.049235939979553223e-01
-5.893400311470031738e-02 -7.438819110393524170e-02
-3.252879083156585693e-01 4.181783497333526611e-01
4.609030187129974365e-01 -4.730127155780792236e-01
-4.673241078853607178e-01 2.388623058795928955e-01
9.697648882865905762e-02 -2.280524820089340210e-01
3.868301510810852051e-01 -4.639770388603210449e-01
-3.599643111228942871e-01 4.204866588115692139e-01
3.939320147037506104e-01 -2.757393121719360352e-01
4.399859607219696045e-01 -3.527956902980804443e-01
5.320094898343086243e-02 1.523127108812332153e-01
-3.348504751920700073e-02 1.183282807469367981e-01
-6.039183959364891052e-02 6.250987201929092407e-02
4.119500517845153809e-02 -9.341414272785186768e-02
-3.391821086406707764e-01 2.093137800693511963e-01
3.265704512596130371e-01 -1.676001250743865967e-01
-1.390165537595748901e-01 1.084423735737800598e-01
-2.861170470714569092e-01 2.133798748254776001e-01
-1.805553883314132690e-01 9.576192498207092285e-02
1.877308338880538940e-01 -2.817432284355163574e-01
2.861818075180053711e-01 -2.211219519376754761e-01
-9.025519713759422302e-03 6.692118197679519653e-02
-2.709499299526214600e-01 1.228568628430366516e-01
-6.820554845035076141e-03 1.529590189456939697e-01
7.989492267370223999e-02 -1.497757881879806519e-01
1.542471498250961304e-01 -2.426106631755828857e-01
3.722974658012390137e-01 -2.590900063514709473e-01
1.144904792308807373e-01 -1.336721032857894897e-01
-2.438414841890335083e-01 2.931439578533172607e-01
-2.436105459928512573e-01 5.687253549695014954e-02
-4.555301666259765625e-01 2.305819839239120483e-01
-1.849129945039749146e-01 1.809575110673904419e-01
-2.902370691299438477e-02 7.347285002470016479e-02
3.728114366531372070e-01 -3.329094946384429932e-01
1.417411863803863525e-01 -1.601343452930450439e-01
-1.813685446977615356e-01 1.432040482759475708e-01
2.153784930706024170e-01 1.169511489570140839e-02
1.252046078443527222e-01 -1.015440747141838074e-02
2.933350205421447754e-01 -3.639392554759979248e-01
4.960084259510040283e-01 -3.215332627296447754e-01
2.781145572662353516e-01 -1.738733947277069092e-01
-1.213652715086936951e-01 2.252173870801925659e-01
5.646489560604095459e-02 -3.673818707466125488e-02
2.153652012348175049e-01 -2.285984903573989868e-01
3.331446945667266846e-01 -2.712238430976867676e-01
1.856455504894256592e-01 -4.450152218341827393e-01
-4.014512896537780762e-02 2.185329496860504150e-01
-1.237094774842262268e-01 2.323307991027832031e-01
1.176445856690406799e-01 1.278644986450672150e-02
-8.003892004489898682e-02 2.178789377212524414e-01
2.823921144008636475e-01 -1.386600732803344727e-01
-1.931640505790710449e-01 2.950028181076049805e-01
1.738160699605941772e-01 -4.660643637180328369e-02
-1.205675080418586731e-01 9.673450887203216553e-02
-2.604123353958129883e-01 2.083352506160736084e-01
2.448255568742752075e-01 -2.133466005325317383e-01
1.178928986191749573e-01 -9.281808137893676758e-02
1.658035367727279663e-01 -4.211948812007904053e-02
7.335679978132247925e-02 -1.648088991641998291e-01
2.255261987447738647e-01 -7.394081354141235352e-02
4.280883818864822388e-02 -1.234118640422821045e-02
8.345044404268264771e-02 -4.834480583667755127e-02
-1.380882132798433304e-02 -2.617877535521984100e-02
2.538531422615051270e-01 -1.825370639562606812e-01
-2.316360920667648315e-02 -8.275789022445678711e-02
1.780711710453033447e-01 -1.532902717590332031e-01
1.719670444726943970e-01 -1.650302112102508545e-01
3.253023922443389893e-01 -2.219611406326293945e-01
-2.985461242496967316e-02 1.324517000466585159e-02
4.607511218637228012e-03 1.422470211982727051e-01
2.855966985225677490e-01 -2.745084762573242188e-01
1.185409948229789734e-01 6.952340900897979736e-02
2.071097940206527710e-01 -2.488902807235717773e-01
1.277078688144683838e-01 -2.155749797821044922e-01
-4.537154734134674072e-02 1.402475088834762573e-01
-1.486931145191192627e-01 1.490397751331329346e-01
-4.883074760437011719e-02 -1.326602101325988770e-01
-1.764389127492904663e-02 3.803591057658195496e-02
8.453326672315597534e-02 -1.286933571100234985e-01
9.969262464437633753e-05 5.020037759095430374e-03
-2.801126101985573769e-03 3.945393487811088562e-02
-1.167564690113067627e-01 2.204637229442596436e-01
-2.005520462989807129e-02 7.726892083883285522e-02
-1.227677837014198303e-01 2.522669173777103424e-02
2.979074418544769287e-01 -1.284592002630233765e-01
-8.533360064029693604e-02 -4.979673773050308228e-02
-1.348168551921844482e-01 3.570743501186370850e-01
1.036848220974206924e-02 9.092871844768524170e-02
1.619032025337219238e-01 -1.464952975511550903e-01
1.300665289163589478e-01 9.770191973075270653e-04
1.842851042747497559e-01 -1.208609864115715027e-01
8.382368832826614380e-03 -3.853676095604896545e-02
1.803834587335586548e-01 -3.370493352413177490e-01
4.024047031998634338e-02 6.583784520626068115e-02
-1.509033516049385071e-02 -1.856340765953063965e-01
1.171843186020851135e-01 -2.457337528467178345e-01
1.794489026069641113e-01 8.412329852581024170e-02
1.874930113554000854e-01 -3.845670819282531738e-01
-9.982193261384963989e-02 -7.171877473592758179e-02
-9.160709381103515625e-02 -4.228786751627922058e-02
3.509168028831481934e-01 -1.237312480807304382e-01
7.754574716091156006e-02 1.745083779096603394e-01
8.615858107805252075e-02 -3.380769491195678711e-01
2.048215866088867188e-01 -3.040969967842102051e-01
