-3.623971641063690186e-01 3.318528234958648682e-01
-1.937995851039886475e-02 1.640093624591827393e-01
-3.264824394136667252e-03 -1.225371379405260086e-02
1.487740576267242432e-01 -5.498944222927093506e-02
1.711031049489974976e-01 -1.599572449922561646e-01
3.359522437676787376e-03 5.595422163605690002e-02
1.822979599237442017e-01 -1.104494705796241760e-01
1.909917406737804413e-02 1.512924581766128540e-01
-3.133714497089385986e-01 3.520035743713378906e-01
-1.270099431276321411e-01 1.318723857402801514e-01
3.572084754705429077e-02 -1.006238609552383423e-01
-1.480694413185119629e-01 3.647851347923278809e-01
-2.647281885147094727e-01 3.605599999427795410e-01
1.902245730161666870e-01 -1.500690132379531860e-01
-1.752674132585525513e-01 3.576267659664154053e-01
-5.703003145754337311e-03 -8.064663410186767578e-02
3.524897247552871704e-02 -1.375198513269424438e-01
1.289047747850418091e-01 -1.785251870751380920e-02
1.299573928117752075e-01 1.163701638579368591e-01
-1.652893871068954468e-01 2.923120260238647461e-01
1.868925690650939941e-01 -6.047166138887405396e-02
-1.958798170089721680e-01 1.443837732076644897e-01
2.029883265495300293e-01 -2.242231965065002441e-01
5.640197992324829102e-01 -6.342932581901550293e-01
7.092501502484083176e-03 9.622664004564285278e-02
2.557821273803710938e-01 -3.240497037768363953e-02
-1.522867474704980850e-03 6.247850507497787476e-02
2.709378004074096680e-01 -1.106969788670539856e-01
2.771553397178649902e-01 -3.587176799774169922e-01
3.440740406513214111e-01 -3.480826914310455322e-01
2.632395923137664795e-01 -8.411558717489242554e-02
-1.685465499758720398e-02 -2.138201743364334106e-01
5.395371466875076294e-02 4.528750106692314148e-02
4.017253220081329346e-01 -2.598342001438140869e-01
-3.185662627220153809e-01 1.075039058923721313e-01
2.719794511795043945e-01 -3.314414918422698975e-01
-1.965903043746948242e-01 1.788355112075805664e-01
4.343267083168029785e-01 -3.698786795139312744e-01
-1.921522244811058044e-02 1.494233310222625732e-01
-7.178849726915359497e-02 -1.378665268421173096e-01
-1.023589074611663818e-01 -4.377811029553413391e-02
1.311756391078233719e-02 -6.132403761148452759e-02
-3.316400200128555298e-02 6.506404280662536621e-02
2.561618983745574951e-01 -1.229957491159439087e-01
2.012235075235366821e-01 -4.783288761973381042e-02
-3.341030701994895935e-02 1.127596497535705566e-01
-3.193849027156829834e-01 3.328984975814819336e-01
6.228674948215484619e-02 4.041553474962711334e-03
3.503996431827545166e-01 -2.220980376005172729e-01
2.650730907917022705e-01 -3.521839082241058350e-01
4.545716643333435059e-01 -2.175286710262298584e-01
8.309292793273925781e-02 8.066487312316894531e-02
-3.146926760673522949e-01 2.760036885738372803e-01
-2.201334387063980103e-01 3.235283493995666504e-02
-2.245603054761886597e-01 -3.282884135842323303e-02
8.353476226329803467e-02 -1.377004235982894897e-01
5.112721025943756104e-02 -1.851018220186233521e-01
-1.170112490653991699e-01 1.967720538377761841e-01
-2.058887155726552010e-03 -1.532073020935058594e-01
-2.552083432674407959e-01 9.559759497642517090e-02
3.084008991718292236e-01 -2.383443117141723633e-01
2.770613413304090500e-03 -6.996341794729232788e-02
3.530681729316711426e-01 -2.545473277568817139e-01
2.948224544525146484e-01 -2.987509965896606445e-01
6.249853372573852539e-01 -7.024450302124023438e-01
-5.771425962448120117e-01 6.812934875488281250e-01
7.669623196125030518e-02 -1.112151890993118286e-01
5.619755983352661133e-01 -2.926497161388397217e-01
-1.729541271924972534e-01 9.296618402004241943e-03
-2.799002826213836670e-01 1.248312145471572876e-01
3.740074932575225830e-01 -4.068618416786193848e-01
-2.591576576232910156e-01 1.073954775929450989e-01
5.828876495361328125e-01 -3.662292063236236572e-01
2.028310894966125488e-01 -2.751646041870117188e-01
1.033985853195190430e+00 -8.418584465980529785e-01
-9.617297649383544922e-01 8.512336015701293945e-01
2.235118746757507324e-01 -1.250702142715454102e-01
-2.164947688579559326e-01 5.231915712356567383e-01
-8.128204941749572754e-02 2.330145835876464844e-01
-8.575231581926345825e-02 -1.657263562083244324e-02
5.551981925964355469e-01 -4.607776403427124023e-01
1.552310287952423096e-01 5.317325517535209656e-02
-6.940506696701049805e-01 7.092406749725341797e-01
-3.550710380077362061e-01 4.235885143280029297e-01
-1.535287946462631226e-01 1.918879747390747070e-01
-5.340471863746643066e-01 6.693858504295349121e-01
-1.963097453117370605e-01 7.250206917524337769e-02
-3.043754100799560547e-01 4.863447844982147217e-01
1.030637621879577637e-01 1.915761530399322510e-01
3.625435233116149902e-01 -3.414042294025421143e-01
4.361550509929656982e-01 -3.682947158813476562e-01
7.229951620101928711e-01 -7.745107412338256836e-01
-2.327509522438049316e-01 1.863836050033569336e-01
5.270841717720031738e-01 -5.183286070823669434e-01
2.788862884044647217e-01 -1.414742171764373779e-01
1.389625295996665955e-02 -1.400883644819259644e-01
-3.664026558399200439e-01 3.921816349029541016e-01
-1.282529234886169434e-01 8.790680021047592163e-02
2.713025212287902832e-01 -3.286827802658081055e-01
3.868627250194549561e-01 -3.699445724487304688e-01
8.637838363647460938e-01 -8.424734473228454590e-01
1.035730123519897461e+00 -1.084795713424682617e+00
-2.387936413288116455e-01 2.532086074352264404e-01
-2.421798706054687500e-01 2.393013685941696167e-01
-4.942822158336639404e-01 4.936166405677795410e-01
-5.627258419990539551e-01 4.032895267009735107e-01
-6.410202383995056152e-01 5.730810761451721191e-01
9.363654255867004395e-01 -9.446721673011779785e-01
1.656985431909561157e-01 -3.249190449714660645e-01
-8.174265921115875244e-02 9.234827756881713867e-02
-6.649447083473205566e-01 4.140162169933319092e-01
2.468576580286026001e-01 -3.454012870788574219e-01
3.688191771507263184e-01 -5.405194759368896484e-01
-1.272625029087066650e-01 1.379467546939849854e-01
8.245820999145507812e-01 -7.510710358619689941e-01
4.662576317787170410e-02 -7.024303078651428223e-02
-3.515404760837554932e-01 2.105843722820281982e-01
-6.896658241748809814e-02 1.084590554237365723e-01
2.535718083381652832e-01 -1.715771555900573730e-01
-3.670841082930564880e-02 -9.328084439039230347e-02
1.004638373851776123e-01 5.615730304270982742e-03
-2.262870818376541138e-01 4.565213993191719055e-02
7.873817682266235352e-01 -6.314932703971862793e-01
-6.802769303321838379e-01 6.874905228614807129e-01
3.107041120529174805e-01 -3.720252513885498047e-01
-3.351491689682006836e-01 3.247631490230560303e-01
1.983323097229003906e-01 -2.033892869949340820e-01
4.952902197837829590e-01 -4.378350377082824707e-01
4.106486588716506958e-02 -1.324683427810668945e-01
-2.644449472427368164e-02 4.361205175518989563e-02
-3.479715585708618164e-01 1.582924723625183105e-01
1.912812143564224243e-01 -3.313753306865692139e-01
2.392304986715316772e-01 -3.287253677845001221e-01
6.983230710029602051e-01 -6.762803792953491211e-01
4.386948645114898682e-01 -3.938281834125518799e-01
-1.867129951715469360e-01 2.849050164222717285e-01
-3.387579023838043213e-01 3.119768202304840088e-01
1.992752552032470703e-01 -2.787236273288726807e-01
6.710884571075439453e-01 -6.322025656700134277e-01
-1.562711596488952637e-01 6.930215656757354736e-02
-8.346630334854125977e-01 7.401124835014343262e-01
5.858162641525268555e-01 -5.282003879547119141e-01
-7.290970087051391602e-01 9.838289618492126465e-01
-6.088365912437438965e-01 5.705692768096923828e-01
4.305986762046813965e-01 -3.963104784488677979e-01
8.855283856391906738e-01 -8.431159853935241699e-01
-1.667890995740890503e-01 4.261127614881843328e-04
2.153391242027282715e-01 -3.736430108547210693e-01
3.335854038596153259e-02 -1.368843466043472290e-01
-3.738596737384796143e-01 3.123618960380554199e-01
1.135364025831222534e-01 -1.989405900239944458e-01
5.049242973327636719e-01 -4.828099310398101807e-01
-6.507008075714111328e-01 6.157613992691040039e-01
4.463452994823455811e-01 -4.159440696239471436e-01
-9.456577301025390625e-01 8.667219281196594238e-01
9.843652844429016113e-01 -1.266925811767578125e+00
3.315541148185729980e-02 -1.744715869426727295e-01
-4.767092168331146240e-01 4.482797980308532715e-01
5.077793002128601074e-01 -5.975976586341857910e-01
-3.194922506809234619e-01 4.630836248397827148e-01
4.821082353591918945e-01 -5.735539793968200684e-01
5.550245642662048340e-01 -6.453581452369689941e-01
4.048624634742736816e-01 -5.073827505111694336e-01
-1.216861084103584290e-01 1.278741210699081421e-01
-1.463674604892730713e-01 1.935853362083435059e-01
2.217892557382583618e-01 -2.519714534282684326e-01
-1.772995144128799438e-01 2.227489948272705078e-01
3.995997905731201172e-01 -3.664970099925994873e-01
-4.915855824947357178e-02 1.618424952030181885e-01
-2.885407805442810059e-01 3.894585371017456055e-01
-6.625346541404724121e-01 5.143773555755615234e-01
3.396098613739013672e-01 -2.254742085933685303e-01
1.032895445823669434e+00 -8.696386218070983887e-01
-1.498460322618484497e-01 1.640549004077911377e-01
-4.244682192802429199e-01 2.861487865447998047e-01
-1.829327791929244995e-01 2.748200595378875732e-01
3.205071389675140381e-02 -8.361950516700744629e-02
2.871809601783752441e-01 -1.778016537427902222e-01
5.169466510415077209e-02 5.285279452800750732e-02
-8.877161890268325806e-03 -9.876861423254013062e-02
-9.455949664115905762e-01 1.025206327438354492e+00
-7.740673609077930450e-03 -5.327960848808288574e-02
-5.938799381256103516e-01 5.551120638847351074e-01
-1.684959232807159424e-01 3.846037089824676514e-01
5.942503213882446289e-01 -4.891636967658996582e-01
5.789880156517028809e-01 -3.286989927291870117e-01
5.892117023468017578e-01 -3.937542736530303955e-01
-2.313063740730285645e-01 1.059907302260398865e-01
-1.465296000242233276e-01 1.085136532783508301e-01
-2.997311949729919434e-01 2.602300345897674561e-01
2.831576168537139893e-01 -4.564049541950225830e-01
1.008280158042907715e+00 -1.124540567398071289e+00
1.784535199403762817e-01 -1.128307431936264038e-01
-1.258292347192764282e-01 -8.541426621377468109e-03
-3.246974349021911621e-01 3.349532783031463623e-01
1.988195180892944336e-01 7.175534218549728394e-02
6.425451636314392090e-01 -5.881848931312561035e-01
3.419459760189056396e-01 -2.322443872690200806e-01
-5.301124602556228638e-02 -6.440433859825134277e-02
-2.474122494459152222e-01 3.049395978450775146e-01
-2.478726506233215332e-01 1.320275962352752686e-01
-3.942552506923675537e-01 3.127452433109283447e-01
-5.471967533230781555e-02 8.155848085880279541e-02
-7.437604479491710663e-03 4.115943610668182373e-02
-2.573293149471282959e-01 2.491180300712585449e-01
7.197678834199905396e-02 1.132303848862648010e-02
-5.859097242355346680e-01 4.668994247913360596e-01
-3.346939682960510254e-01 3.954601287841796875e-01
4.402112066745758057e-01 -4.742807447910308838e-01
1.945235580205917358e-01 -2.315245121717453003e-01
9.862539917230606079e-02 -1.097291409969329834e-01
-2.015213668346405029e-02 -1.653695702552795410e-01
-5.976307019591331482e-02 1.932673752307891846e-01
8.613152056932449341e-02 4.676903784275054932e-02
3.328769207000732422e-01 -1.820618659257888794e-01
5.084179639816284180e-01 -3.070107996463775635e-01
-2.978353761136531830e-02 3.292638063430786133e-02
1.039844844490289688e-02 -2.196970954537391663e-02
1.454096734523773193e-01 -4.886595904827117920e-02
1.797181367874145508e-01 -2.792172431945800781e-01
-6.285055540502071381e-03 7.590067386627197266e-02
5.872942134737968445e-02 -2.253201417624950409e-02
3.031873703002929688e-01 -3.581578731536865234e-01
-2.969868481159210205e-01 3.964213132858276367e-01
1.772570759057998657e-01 -1.561888307332992554e-01
4.537141919136047363e-01 -5.513057112693786621e-01
2.332057207822799683e-01 -1.832154542207717896e-01
-1.583563387393951416e-01 3.593330085277557373e-01
1.915260404348373413e-01 -8.994424343109130859e-02
4.567200243473052979e-01 -3.841338455677032471e-01
-1.718636155128479004e-01 1.400463283061981201e-01
2.520870268344879150e-01 -1.329563558101654053e-01
3.725293651223182678e-02 -1.457066833972930908e-01
-6.667066365480422974e-02 2.429763553664088249e-03
-1.046345755457878113e-01 6.027571484446525574e-02
-3.303777799010276794e-02 1.386993080377578735e-01
2.201879173517227173e-01 -1.359567940235137939e-01
-1.260595768690109253e-01 2.326806783676147461e-01
-4.458090364933013916e-01 1.718421280384063721e-01
-1.731116622686386108e-01 2.313516288995742798e-01
4.697828888893127441e-01 -3.665743470191955566e-01
3.237392604351043701e-01 -2.967788279056549072e-01
-2.774176895618438721e-01 4.566157758235931396e-01
4.100915789604187012e-02 1.496890783309936523e-01
1.068491414189338684e-01 -4.463896155357360840e-02
9.049939922988414764e-03 -2.828303910791873932e-02
5.858283117413520813e-02 1.758688688278198242e-01
2.794362008571624756e-01 -4.759795591235160828e-02
1.348261833190917969e-01 -3.190135955810546875e-01
4.440838992595672607e-01 -4.580233693122863770e-01
1.565204709768295288e-01 -2.131031006574630737e-01
1.431548595428466797e-01 1.591396145522594452e-02
-4.029717296361923218e-02 -4.878957755863666534e-03
-3.026188910007476807e-01 2.400956004858016968e-01
1.657963395118713379e-01 -1.425344645977020264e-01
4.768052399158477783e-01 -3.186698257923126221e-01
