2.615204453468322754e-01 -8.366176486015319824e-02
-1.469648629426956177e-01 1.302506625652313232e-01
-1.812810152769088745e-01 1.723759621381759644e-01
-7.638353109359741211e-02 -1.112374141812324524e-01
3.571056425571441650e-01 -1.922878623008728027e-01
-9.165412187576293945e-02 1.708875000476837158e-01
1.329943090677261353e-01 -1.466765254735946655e-01
3.381665945053100586e-01 -4.012327194213867188e-01
1.653711050748825073e-01 -1.094953492283821106e-01
-3.011452220380306244e-02 2.821310982108116150e-02
2.176613956689834595e-01 -8.993385732173919678e-02
1.509227156639099121e-01 1.465449854731559753e-02
4.104610159993171692e-02 -1.685209870338439941e-01
-3.420467674732208252e-02 -4.659570008516311646e-02
2.294794023036956787e-01 -2.118740230798721313e-01
-1.089208722114562988e-01 4.378338903188705444e-02
-1.378633677959442139e-01 -2.297119051218032837e-02
2.617028057575225830e-01 -1.462620496749877930e-01
-1.753873825073242188e-01 9.774543344974517822e-02
1.102963685989379883e-01 1.762322485446929932e-01
-6.155287474393844604e-02 9.956615418195724487e-02
-3.622155636548995972e-02 1.302072545513510704e-03
3.610217869281768799e-01 -2.382339984178543091e-01
-2.127629369497299194e-01 1.054605990648269653e-01
7.358517497777938843e-02 1.404943466186523438e-01
1.115001514554023743e-01 -3.284968435764312744e-02
1.513254195451736450e-01 -1.564743071794509888e-01
-1.238102167844772339e-01 7.323437929153442383e-02
2.639127075672149658e-01 -2.860019207000732422e-01
-1.764761954545974731e-01 2.622774541378021240e-01
7.303099334239959717e-02 -4.211383685469627380e-02
8.173186331987380981e-03 -2.331828176975250244e-01
2.251170128583908081e-01 -1.172076761722564697e-01
-1.989924758672714233e-01 2.539900541305541992e-01
-1.719554327428340912e-02 1.922913342714309692e-01
7.249473035335540771e-02 -8.606226742267608643e-02
9.518085978925228119e-03 7.498912513256072998e-02
8.529116213321685791e-02 -1.319106519222259521e-01
2.252183705568313599e-01 -2.284232079982757568e-01
2.077231369912624359e-02 2.659322693943977356e-02
1.704045534133911133e-01 -1.886487603187561035e-01
-2.802535295486450195e-01 1.782543063163757324e-01
-2.744901478290557861e-01 4.141592383384704590e-01
2.534953355789184570e-01 -5.591647326946258545e-02
3.997461497783660889e-02 2.809165045619010925e-02
-8.526362478733062744e-02 2.316680699586868286e-01
9.592125564813613892e-02 2.685810439288616180e-02
-1.092918775975704193e-02 -1.039014756679534912e-01
1.594839394092559814e-01 -1.625942289829254150e-01
-1.809178739786148071e-01 2.391611337661743164e-01
-2.196931093931198120e-02 -5.706671997904777527e-02
-3.509046137332916260e-01 1.688314974308013916e-01
-2.363126426935195923e-01 3.628468811511993408e-01
8.965305169112980366e-04 -3.143694624304771423e-02
1.463699489831924438e-01 6.395028531551361084e-02
-2.981669604778289795e-01 3.656345605850219727e-01
4.351587295532226562e-01 -4.329806566238403320e-01
2.821561694145202637e-01 3.534165909513831139e-03
2.014709077775478363e-02 1.805325299501419067e-01
-1.050598174333572388e-01 8.472374081611633301e-02
-1.734596341848373413e-01 3.007199168205261230e-01
-6.443225592374801636e-02 2.958257794380187988e-01
-1.658229231834411621e-01 1.875713169574737549e-01
1.186634823679924011e-01 -1.666385978460311890e-01
5.454822257161140442e-02 -7.891346514225006104e-02
2.936106920242309570e-02 8.689979463815689087e-02
2.873809337615966797e-01 -2.584308981895446777e-01
1.672637909650802612e-01 -2.616688907146453857e-01
3.641119003295898438e-01 -3.119765520095825195e-01
-2.413736581802368164e-01 3.652549088001251221e-01
8.233185112476348877e-02 -1.265373975038528442e-01
-7.106649572961032391e-04 1.328550651669502258e-02
5.559747815132141113e-01 -5.516475439071655273e-01
2.559441328048706055e-01 -8.227858692407608032e-02
-5.763429775834083557e-02 3.674212098121643066e-02
8.738995343446731567e-02 -2.484924495220184326e-01
-2.490436658263206482e-03 -1.398082971572875977e-01
6.783298403024673462e-02 -2.646618187427520752e-01
3.237981498241424561e-01 -3.728289902210235596e-01
-3.765240311622619629e-01 2.782842218875885010e-01
2.893811762332916260e-01 -1.939914524555206299e-01
3.215099573135375977e-01 -3.859132230281829834e-01
-7.342331856489181519e-02 1.265954971313476562e-01
2.698994576930999756e-01 -2.073353528976440430e-01
-3.913219273090362549e-01 4.737011194229125977e-01
-1.455633044242858887e-01 1.820179224014282227e-01
-3.084421455860137939e-01 1.420632898807525635e-01
-3.960541784763336182e-01 4.312411844730377197e-01
-3.716662898659706116e-02 1.718169897794723511e-01
1.171870529651641846e-01 1.729855663143098354e-03
1.270624995231628418e-01 -4.604384303092956543e-02
1.894393563270568848e-01 -7.866887003183364868e-02
7.214353233575820923e-02 -1.227226927876472473e-01
-9.867113828659057617e-01 8.997674584388732910e-01
-4.362527430057525635e-01 4.521701037883758545e-01
1.755858361721038818e-01 -2.140323072671890259e-01
3.303917050361633301e-01 -1.866064965724945068e-01
-5.580351948738098145e-01 4.158069193363189697e-01
-1.354608684778213501e-01 1.496659684926271439e-02
-8.164479583501815796e-02 -1.397694088518619537e-02
-5.653104186058044434e-01 6.427196264266967773e-01
5.746865272521972656e-01 -6.040295958518981934e-01
5.356215834617614746e-01 -3.035655617713928223e-01
4.762861935887485743e-04 1.913635432720184326e-01
7.777400016784667969e-01 -7.828982472419738770e-01
4.226354360580444336e-01 -4.323424696922302246e-01
-2.864651940762996674e-02 -9.552261233329772949e-02
-1.458432972431182861e-01 -2.817311696708202362e-02
4.121806323528289795e-01 -6.128664612770080566e-01
-1.126415580511093140e-01 1.386996209621429443e-01
2.820301353931427002e-01 -3.177573084831237793e-01
1.977068632841110229e-01 -2.324595004320144653e-01
-1.201910078525543213e-01 1.072819381952285767e-01
-3.274292647838592529e-01 2.609280943870544434e-01
3.844218552112579346e-01 -4.052404761314392090e-01
-8.379542231559753418e-01 1.007964253425598145e+00
-2.764419913291931152e-01 4.078080952167510986e-01
-2.332314848899841309e-01 3.703272044658660889e-01
-2.744135856628417969e-01 2.122033238410949707e-01
-7.338450849056243896e-02 1.574542224407196045e-01
5.658848881721496582e-01 -5.422428846359252930e-01
4.769282639026641846e-01 -6.334760189056396484e-01
-6.731663644313812256e-02 9.130056202411651611e-02
5.453854203224182129e-01 -5.629473328590393066e-01
7.468312382698059082e-01 -7.740032076835632324e-01
7.168046385049819946e-02 -1.670258641242980957e-01
1.921422332525253296e-01 -1.129394471645355225e-01
-5.499349161982536316e-02 7.940308004617691040e-02
9.862164258956909180e-01 -9.631475210189819336e-01
4.491865932941436768e-01 -6.098151803016662598e-01
1.831601262092590332e-01 -2.979341745376586914e-01
2.776561975479125977e-01 -2.874319255352020264e-01
1.324066966772079468e-01 -3.023620247840881348e-01
-4.165245592594146729e-01 5.240647196769714355e-01
-6.815756112337112427e-02 6.259883940219879150e-02
9.011646360158920288e-02 -1.473889648914337158e-01
-3.119167126715183258e-02 -7.100226730108261108e-02
5.881398916244506836e-01 -6.155257225036621094e-01
7.371325492858886719e-01 -7.542345523834228516e-01
4.141309484839439392e-02 -2.433923184871673584e-01
-5.363633036613464355e-01 3.466102778911590576e-01
-2.147909998893737793e-01 1.225119754672050476e-01
1.317617744207382202e-01 -1.446267366409301758e-01
-2.990607023239135742e-01 3.823602795600891113e-01
3.022289872169494629e-01 -3.493369221687316895e-01
6.759158968925476074e-01 -6.363217234611511230e-01
1.835779994726181030e-01 -2.092212885618209839e-01
-5.000239014625549316e-01 6.855258941650390625e-01
5.441132783889770508e-01 -4.535582959651947021e-01
1.857225596904754639e-01 -6.006095558404922485e-03
3.026146590709686279e-01 -5.981193780899047852e-01
-3.573117852210998535e-01 5.216385126113891602e-01
1.423370186239480972e-02 -2.512281015515327454e-02
-1.111660003662109375e-01 1.006456911563873291e-01
-2.573765218257904053e-01 1.500239223241806030e-01
3.195736929774284363e-02 1.459196507930755615e-01
1.618230044841766357e-01 -1.774885952472686768e-01
-1.090793848037719727e+00 9.774498939514160156e-01
-2.474244534969329834e-01 2.463319301605224609e-01
1.138656064867973328e-01 -1.508410274982452393e-01
-4.493618756532669067e-02 1.105505228042602539e-01
3.645527660846710205e-01 -2.160380780696868896e-01
-1.086668252944946289e+00 1.081068038940429688e+00
-6.108466982841491699e-01 5.698675513267517090e-01
-2.575624883174896240e-01 2.713263928890228271e-01
1.563427001237869263e-01 -2.141389399766921997e-01
-2.866601049900054932e-01 1.997554451227188110e-01
2.058772742748260498e-02 -2.187348715960979462e-02
-8.816698789596557617e-01 1.021654367446899414e+00
-7.736731171607971191e-01 5.556833148002624512e-01
1.358496308326721191e+00 -1.196060299873352051e+00
-1.850434660911560059e+00 1.973172903060913086e+00
2.435083687305450439e-02 7.522108405828475952e-02
6.002357602119445801e-01 -5.549622774124145508e-01
-1.509237438440322876e-01 1.532682683318853378e-02
3.036544099450111389e-02 -2.802406623959541321e-02
3.452233970165252686e-01 -2.695093452930450439e-01
-4.825891554355621338e-01 5.806707143783569336e-01
8.037743568420410156e-01 -5.388259291648864746e-01
9.564381837844848633e-02 5.443576350808143616e-02
-3.209755122661590576e-01 2.480478584766387939e-01
5.838767886161804199e-01 -4.262743890285491943e-01
4.582028388977050781e-01 -3.642297387123107910e-01
3.863486051559448242e-01 -2.081845104694366455e-01
2.453776001930236816e-01 -2.718565762042999268e-01
5.962703227996826172e-01 -7.500658631324768066e-01
-1.116138547658920288e-01 -5.392779782414436340e-02
-4.153159856796264648e-01 3.518871366977691650e-01
5.081900209188461304e-02 6.126686185598373413e-02
-4.963477849960327148e-01 5.136448740959167480e-01
6.495179533958435059e-01 -7.153517603874206543e-01
1.154630899429321289e+00 -1.296197414398193359e+00
3.789903223514556885e-01 -4.059919714927673340e-01
3.492019474506378174e-01 -3.118151724338531494e-01
-4.511587787419557571e-03 -1.290617585182189941e-01
2.171505987644195557e-01 -3.529770970344543457e-01
-1.813984662294387817e-02 -2.169973105192184448e-01
-4.481928646564483643e-01 2.373797893524169922e-01
-1.273038238286972046e-01 8.899841457605361938e-02
-7.210354506969451904e-02 -3.137026354670524597e-02
-7.334820926189422607e-02 7.907675206661224365e-02
1.555186659097671509e-01 1.091743335127830505e-01
3.766675293445587158e-01 -2.471234798431396484e-01
-5.281128734350204468e-02 1.431129276752471924e-01
2.917442023754119873e-01 -1.204082816839218140e-01
2.894246205687522888e-02 -4.700709879398345947e-02
6.918565928936004639e-02 -5.939397588372230530e-02
-1.333085894584655762e-01 3.810027614235877991e-02
-1.167228724807500839e-02 -2.695709764957427979e-01
4.484277367591857910e-01 -4.106788337230682373e-01
-1.114779803901910782e-02 -2.188327610492706299e-01
-4.038833081722259521e-02 2.971915006637573242e-01
3.691333532333374023e-02 -1.194644123315811157e-01
-1.354228407144546509e-01 5.499995499849319458e-02
3.067404329776763916e-01 -2.449922412633895874e-01
-1.499503850936889648e-01 7.857485860586166382e-02
-2.052123099565505981e-02 8.003707230091094971e-02
-1.533015370368957520e-01 -7.669348269701004028e-02
-3.725143522024154663e-02 -2.271829731762409210e-02
-3.223916292190551758e-01 2.664138674736022949e-01
-2.897107228636741638e-02 -9.332666546106338501e-02
-3.028120398521423340e-01 2.093627005815505981e-01
6.645528972148895264e-02 -9.346263855695724487e-02
6.134303659200668335e-02 -1.098747551441192627e-01
6.276291608810424805e-02 2.890366502106189728e-02
3.372430801391601562e-01 -3.881880342960357666e-01
-1.424356997013092041e-01 2.274865955114364624e-01
-4.846810922026634216e-02 3.565919771790504456e-02
-1.135422661900520325e-01 -7.003533095121383667e-02
-3.540280461311340332e-01 3.461746871471405029e-01
3.274615705013275146e-01 -5.337000265717506409e-02
6.115983705967664719e-03 9.670051932334899902e-02
-5.266138911247253418e-02 1.352051794528961182e-01
-2.684914171695709229e-01 1.795088201761245728e-01
2.915579378604888916e-01 -9.724767506122589111e-02
-2.943737506866455078e-01 2.022803276777267456e-01
-3.411963284015655518e-01 2.866440415382385254e-01
-1.548586636781692505e-01 -5.343231838196516037e-03
-2.293025515973567963e-02 1.064135804772377014e-01
6.172248721122741699e-02 1.009483821690082550e-02
-1.261899024248123169e-01 3.401722908020019531e-01
-2.639014273881912231e-02 1.505727618932723999e-01
1.848989427089691162e-01 2.286435849964618683e-02
-5.740664154291152954e-02 1.480157822370529175e-01
1.663070768117904663e-01 -3.908995166420936584e-02
-1.547195948660373688e-02 7.940144091844558716e-02
2.902391850948333740e-01 -3.798141479492187500e-01
1.067564561963081360e-01 4.839285835623741150e-02
5.078796669840812683e-02 -9.701172262430191040e-02
6.617317199707031250e-01 -5.638240575790405273e-01
-4.887727648019790649e-02 3.597068786621093750e-01
-1.607317477464675903e-01 1.005083173513412476e-01
2.928527593612670898e-01 -1.061771437525749207e-01
-1.965771019458770752e-01 2.061603963375091553e-01
4.087261855602264404e-01 -3.391639590263366699e-01
1.971202492713928223e-01 -1.742993742227554321e-01
