1.878482997417449951e-01 -2.779768109321594238e-01
1.361295878887176514e-01 -2.305177748203277588e-01
-1.210274621844291687e-01 7.254518568515777588e-03
7.375185936689376831e-02 -2.970763444900512695e-01
2.486062049865722656e-01 -2.195897698402404785e-01
-9.577956795692443848e-02 -5.689640343189239502e-02
-2.696556448936462402e-01 2.458241730928421021e-01
-5.555038526654243469e-02 -1.612957268953323364e-01
-2.028461247682571411e-01 1.254795193672180176e-01
1.762525886297225952e-01 -1.880923509597778320e-01
-2.921449951827526093e-02 1.123542338609695435e-02
-3.107240796089172363e-02 1.621590554714202881e-02
-1.944918483495712280e-01 1.380921751260757446e-01
-7.551146298646926880e-02 9.193629771471023560e-02
-2.518848776817321777e-01 2.823362946510314941e-01
-1.007947251200675964e-01 7.065774500370025635e-02
6.050329804420471191e-01 -7.569191455841064453e-01
5.100410431623458862e-02 1.025056838989257812e-01
-7.529751211404800415e-02 5.707114562392234802e-02
-3.012307882308959961e-01 7.519711554050445557e-02
1.763817965984344482e-01 -1.971316635608673096e-01
7.927633821964263916e-02 -3.158376216888427734e-01
-4.777393490076065063e-02 1.867310404777526855e-01
1.101835891604423523e-01 -1.589793562889099121e-01
3.462496995925903320e-01 -9.532871097326278687e-02
-2.484447509050369263e-01 3.415603935718536377e-02
1.523069739341735840e-01 -3.439209163188934326e-01
2.205075323581695557e-01 -2.877154648303985596e-01
-1.610425561666488647e-01 3.107940778136253357e-03
1.820659488439559937e-01 -1.635478585958480835e-01
6.212578341364860535e-02 3.960595279932022095e-02
-4.193805530667304993e-02 6.256632506847381592e-02
-1.109218597412109375e-01 7.987521588802337646e-02
4.151137173175811768e-02 -1.376403868198394775e-01
-6.876078993082046509e-02 1.858967393636703491e-01
1.727972328662872314e-01 -2.839981019496917725e-02
-1.985804289579391479e-01 1.274103075265884399e-01
3.303871750831604004e-01 -2.818562388420104980e-01
1.112565696239471436e-01 -2.773020863533020020e-01
2.424692735075950623e-02 2.215600572526454926e-03
5.889415740966796875e-01 -4.448833763599395752e-01
-6.009370833635330200e-02 1.027100533246994019e-01
4.747768491506576538e-02 -6.025390699505805969e-02
2.409746870398521423e-02 1.029705330729484558e-01
1.741372197866439819e-01 -2.693172693252563477e-01
3.238616883754730225e-01 -2.382270097732543945e-01
8.111099153757095337e-02 3.923768550157546997e-02
-1.605370491743087769e-01 2.293174341320991516e-02
1.832950562238693237e-01 -2.959474325180053711e-01
-2.007492035627365112e-01 1.373185962438583374e-01
-1.742210239171981812e-01 8.884931355714797974e-02
1.355710774660110474e-01 -1.489752680063247681e-01
4.152621328830718994e-02 -1.791142374277114868e-01
1.585553288459777832e-01 6.208001449704170227e-02
6.463424116373062134e-02 1.591620594263076782e-01
-3.035950846970081329e-02 7.767084240913391113e-02
-2.973800301551818848e-01 9.184200316667556763e-02
-2.334836274385452271e-01 1.669246107339859009e-01
-2.699410319328308105e-01 1.239441558718681335e-01
-2.760636210441589355e-01 1.523626148700714111e-01
5.789759382605552673e-02 -1.438084393739700317e-01
-1.902816891670227051e-01 2.087007761001586914e-01
-4.416910111904144287e-01 3.835920691490173340e-01
8.179949596524238586e-03 1.615916937589645386e-01
3.071611225605010986e-01 -3.203894197940826416e-01
1.736501157283782959e-01 1.029176041483879089e-01
-1.780667006969451904e-01 1.687409132719039917e-01
2.415224611759185791e-01 -3.556668162345886230e-01
4.693206846714019775e-01 -3.756154775619506836e-01
2.600911855697631836e-01 -1.303837895393371582e-01
-7.179970741271972656e-01 7.420550584793090820e-01
8.849412202835083008e-02 2.245818674564361572e-01
-1.677916347980499268e-01 1.979305893182754517e-01
2.541986703872680664e-01 -2.890309989452362061e-01
-7.951013743877410889e-02 -8.820826560258865356e-02
4.153030514717102051e-01 -4.991837441921234131e-01
-4.741488397121429443e-01 4.765150547027587891e-01
-3.975214958190917969e-01 3.241797387599945068e-01
9.324387460947036743e-02 8.931522071361541748e-02
-2.852443456649780273e-01 3.388438224792480469e-01
4.611804187297821045e-01 -6.059762239456176758e-01
-3.310342729091644287e-01 1.209906041622161865e-01
-7.264698147773742676e-01 6.098265647888183594e-01
-5.741875171661376953e-01 5.569317936897277832e-01
2.773599922657012939e-01 -3.422943949699401855e-01
4.560705721378326416e-01 -4.525958001613616943e-01
-2.471264824271202087e-02 5.120557919144630432e-02
-4.340809583663940430e-01 4.655527174472808838e-01
-2.067684084177017212e-01 1.575753688812255859e-01
-5.634009242057800293e-01 4.792516827583312988e-01
2.734286785125732422e-01 -2.549486160278320312e-01
3.490423858165740967e-01 -2.259262651205062866e-01
1.992612145841121674e-02 4.386643320322036743e-02
5.423157289624214172e-02 -5.894164741039276123e-02
1.672843545675277710e-01 -3.646260201930999756e-01
-1.301655024290084839e-01 2.262453436851501465e-01
-8.958281576633453369e-02 1.043094173073768616e-01
3.572377562522888184e-01 -2.800232172012329102e-01
6.235064938664436340e-03 -2.588717825710773468e-02
-1.691112518310546875e-01 2.627114653587341309e-01
4.348285868763923645e-02 1.823620200157165527e-01
6.727474927902221680e-01 -4.941358864307403564e-01
3.059982657432556152e-01 -4.233154058456420898e-01
2.927627228200435638e-02 2.368821650743484497e-01
5.677403807640075684e-01 -4.884786009788513184e-01
-7.976230978965759277e-02 1.417421549558639526e-02
-1.976465731859207153e-01 8.419056236743927002e-02
-7.681140303611755371e-02 6.080270186066627502e-02
3.112667500972747803e-01 -3.495708405971527100e-01
1.864664852619171143e-01 -1.143881827592849731e-01
3.805749416351318359e-01 -2.930477559566497803e-01
-3.058303296566009521e-01 1.478591114282608032e-01
2.898619472980499268e-01 -2.034746706485748291e-01
-1.505615711212158203e-01 1.969394385814666748e-01
4.354617744684219360e-02 2.501165680587291718e-02
9.797757118940353394e-02 -4.384602233767509460e-02
-3.807495236396789551e-01 3.660526871681213379e-01
-5.409815534949302673e-02 5.837186425924301147e-02
2.478871941566467285e-01 -3.022744953632354736e-01
-6.302889585494995117e-01 4.838248789310455322e-01
-4.450266361236572266e-01 3.617545664310455322e-01
-9.923513978719711304e-02 2.786133438348770142e-02
-1.425106078386306763e-01 1.494818031787872314e-01
-2.076993137598037720e-02 2.370705604553222656e-01
-4.340557381510734558e-02 1.412229388952255249e-01
-1.352699100971221924e-01 -7.587272673845291138e-02
-8.044856190681457520e-01 7.953576445579528809e-01
3.894602358341217041e-01 -1.976383328437805176e-01
3.049694597721099854e-01 -3.176429122686386108e-02
1.667186766862869263e-01 3.997933864593505859e-02
1.712007224559783936e-01 -1.040586382150650024e-01
3.745979368686676025e-01 -3.222482204437255859e-01
-5.310743581503629684e-03 -3.058105520904064178e-02
2.135805487632751465e-01 -1.131583824753761292e-01
-2.779213786125183105e-01 4.746003448963165283e-01
1.305526196956634521e-01 -6.286517530679702759e-02
-1.067485436797142029e-01 2.409437894821166992e-01
1.705241203308105469e-01 -1.280134916305541992e-01
3.462672233581542969e-01 -1.544643789529800415e-01
7.816913723945617676e-02 -7.035063207149505615e-02
-3.781102001667022705e-01 3.043791055679321289e-01
-4.684286117553710938e-01 3.372470736503601074e-01
-5.377333760261535645e-01 5.043464899063110352e-01
2.871393859386444092e-01 -1.325258612632751465e-01
4.159072935581207275e-01 -2.936826944351196289e-01
2.202405184507369995e-01 -7.933677732944488525e-02
2.732416689395904541e-01 -3.157770931720733643e-01
3.578489646315574646e-02 5.998731590807437897e-03
1.099005341529846191e-01 -3.182104974985122681e-02
7.477533221244812012e-01 -5.228365659713745117e-01
-1.540929824113845825e-01 6.432499736547470093e-03
-1.203091815114021301e-03 -2.119941264390945435e-02
1.358883827924728394e-01 6.558049470186233521e-02
-1.727540493011474609e-01 1.964273750782012939e-01
1.818646341562271118e-01 -1.808688938617706299e-01
8.113713562488555908e-02 1.259850561618804932e-01
-3.517609834671020508e-01 4.391186833381652832e-01
1.183236166834831238e-01 -1.153938099741935730e-01
1.562553048133850098e-01 -3.569439649581909180e-01
2.613981962203979492e-01 -2.122484743595123291e-01
-2.229749560356140137e-01 2.198198437690734863e-01
4.442281424999237061e-01 -4.258227646350860596e-01
-3.255363106727600098e-01 4.601612985134124756e-01
8.681458979845046997e-02 -2.036127299070358276e-01
4.025724828243255615e-01 -2.088641971349716187e-01
-3.054000250995159149e-02 -9.471204131841659546e-02
-5.711326748132705688e-02 5.119797959923744202e-02
1.423811465501785278e-01 4.534848779439926147e-02
-4.760846495628356934e-02 -2.408196926116943359e-01
-3.318255543708801270e-01 1.786774545907974243e-01
-3.080465793609619141e-01 1.306742876768112183e-01
-1.448358148336410522e-01 5.281135439872741699e-02
2.788604795932769775e-01 -1.051957309246063232e-01
4.842611029744148254e-02 3.592291101813316345e-02
5.519061163067817688e-02 -1.777100414037704468e-01
-3.529775142669677734e-01 3.333554565906524658e-01
5.838706716895103455e-02 -1.711071282625198364e-01
2.089356631040573120e-01 -4.517264291644096375e-02
-2.211686372756958008e-01 1.380671262741088867e-01
2.107970267534255981e-01 -4.179385900497436523e-01
1.298568099737167358e-01 -1.442106664180755615e-01
3.001477420330047607e-01 -3.795047700405120850e-01
2.571956813335418701e-01 -9.336668252944946289e-02
-2.326555997133255005e-01 7.465538382530212402e-02
-2.459429949522018433e-02 -1.765163498930633068e-03
-1.915707588195800781e-01 1.828877329826354980e-01
-1.281378716230392456e-01 -3.261967003345489502e-02
2.876114249229431152e-01 -4.085879921913146973e-01
7.329340279102325439e-02 -3.566102590411901474e-03
-4.784034490585327148e-01 3.033245801925659180e-01
7.686153799295425415e-02 2.318343073129653931e-01
3.022609949111938477e-01 -2.600998878479003906e-01
-2.006409019231796265e-01 1.513906717300415039e-01
1.885448396205902100e-01 -1.533684432506561279e-01
1.906315386295318604e-01 -5.268438719213008881e-03
5.887879058718681335e-02 -1.509897857904434204e-01
4.355170577764511108e-02 -1.334123760461807251e-01
8.337204903364181519e-02 1.756592467427253723e-02
-1.287921369075775146e-01 1.168514043092727661e-01
-7.908280193805694580e-02 5.384890362620353699e-02
-5.044100433588027954e-02 -3.233575075864791870e-02
-1.677341163158416748e-01 2.121884673833847046e-01
1.206954270601272583e-01 -2.512474656105041504e-01
2.053881734609603882e-01 -6.262592971324920654e-02
1.011138409376144409e-02 1.237948015332221985e-01
1.036137342453002930e-02 -4.375112801790237427e-02
2.575502097606658936e-01 -1.782332360744476318e-01
9.787568449974060059e-02 -6.129185110330581665e-02
-2.898846566677093506e-02 -1.158896982669830322e-01
2.788305580615997314e-01 -3.207794949412345886e-02
5.212546139955520630e-02 4.789476841688156128e-02
7.720359601080417633e-03 -2.062777280807495117e-01
-1.252450942993164062e-01 2.000329643487930298e-01
1.123655363917350769e-01 -1.845843791961669922e-01
2.431204169988632202e-01 -1.637099236249923706e-01
1.104534864425659180e-01 -2.532694041728973389e-01
-3.264894708991050720e-02 -7.445728778839111328e-02
-2.473546266555786133e-01 1.618347167968750000e-01
1.937488913536071777e-01 -2.697662711143493652e-01
4.248878732323646545e-02 -2.253372669219970703e-01
8.651093393564224243e-02 6.004283949732780457e-02
-6.536736339330673218e-02 -7.926134765148162842e-02
3.114326894283294678e-01 -4.416408389806747437e-02
2.268208414316177368e-01 -1.103475913405418396e-01
-2.742471396923065186e-01 2.494327127933502197e-01
1.141885146498680115e-01 -9.901028871536254883e-02
1.031120121479034424e-01 -2.576284669339656830e-02
2.708618342876434326e-01 -3.349763154983520508e-01
-1.938121765851974487e-02 -1.490728110074996948e-01
1.554446220397949219e-01 -1.804229319095611572e-01
3.311667963862419128e-02 -1.116240695118904114e-01
6.603588908910751343e-02 -2.429636754095554352e-02
2.082735449075698853e-01 -2.144983410835266113e-01
2.327837646007537842e-01 -2.109978199005126953e-01
-1.258077099919319153e-02 -1.723727285861968994e-01
1.755109429359436035e-01 -2.046720869839191437e-02
1.553682684898376465e-01 -4.622619226574897766e-02
1.396301239728927612e-01 -2.931367456912994385e-01
-3.616881731431931257e-04 1.530874371528625488e-01
-3.218697309494018555e-01 2.686713933944702148e-01
-1.478510946035385132e-01 2.275429219007492065e-01
7.107462733983993530e-02 -8.594482392072677612e-02
-1.291590929031372070e-01 7.637407630681991577e-02
-1.195701658725738525e-01 -5.032615363597869873e-02
4.327242821455001831e-02 1.138337701559066772e-02
-2.616659700870513916e-01 2.039850354194641113e-01
-1.286881864070892334e-01 -4.573195055127143860e-02
3.494203835725784302e-02 7.844831049442291260e-02
-6.689786165952682495e-02 -1.030264943838119507e-01
-2.950878441333770752e-02 6.742042303085327148e-02
7.652869075536727905e-02 -2.195098102092742920e-01
2.853384474292397499e-03 8.292471058666706085e-03
-3.201725482940673828e-01 2.535327076911926270e-01
-3.749829232692718506e-01 3.060956597328186035e-01
-2.889244072139263153e-02 -1.006744205951690674e-01
2.311749160289764404e-01 1.878874748945236206e-02
