-1.526182591915130615e-01 3.535607084631919861e-02
-1.206515431404113770e-01 8.683019876480102539e-02
2.975676394999027252e-02 8.034161478281021118e-02
1.307263225317001343e-02 -1.730577498674392700e-01
-8.576629683375358582e-03 5.190927535295486450e-02
-7.154867798089981079e-02 8.826018869876861572e-02
-3.233435377478599548e-02 8.807273581624031067e-03
-9.890527278184890747e-02 -1.525913644582033157e-02
-1.197963282465934753e-01 2.534733116626739502e-01
1.127177774906158447e-01 7.027736306190490723e-02
-1.483484208583831787e-01 6.601773947477340698e-02
-1.538806855678558350e-01 8.344869315624237061e-02
-1.854716837406158447e-01 2.021083533763885498e-01
8.310398086905479431e-03 -9.088728576898574829e-02
-8.994684368371963501e-02 2.039207220077514648e-01
1.197083666920661926e-01 1.348343342542648315e-01
7.296244055032730103e-02 8.279120922088623047e-02
-5.978484824299812317e-02 -2.506959252059459686e-02
1.084697470068931580e-01 -1.279038637876510620e-01
-1.901799067854881287e-02 1.568029373884201050e-01
8.783736824989318848e-02 -1.749207526445388794e-01
1.447457224130630493e-01 6.790173798799514771e-02
-1.387442797422409058e-01 1.547973155975341797e-01
-2.604680657386779785e-01 2.921824157238006592e-01
5.371395125985145569e-02 -7.038306444883346558e-02
-2.265217900276184082e-01 1.665714979171752930e-01
1.789000034332275391e-01 -4.507163539528846741e-02
-9.762763977050781250e-02 9.017136693000793457e-02
9.785280376672744751e-02 -1.167235672473907471e-01
-1.164293661713600159e-01 1.781586259603500366e-01
4.806885030120611191e-03 -1.772845685482025146e-01
1.504254341125488281e-01 -2.802407741546630859e-01
9.567423164844512939e-02 -1.607770323753356934e-01
-5.500642955303192139e-02 2.745043337345123291e-01
1.281836628913879395e-01 -6.711865216493606567e-02
2.588623762130737305e-01 -2.232703715562820435e-01
-4.918135702610015869e-02 3.619628027081489563e-02
2.329524755477905273e-01 2.898857183754444122e-02
-1.087358593940734863e-01 5.819837003946304321e-02
-1.181774660944938660e-01 3.295393884181976318e-01
2.487278729677200317e-01 9.812206029891967773e-03
-1.179598420858383179e-01 1.557776778936386108e-01
1.913586109876632690e-01 -3.237193450331687927e-02
1.759556382894515991e-01 -1.066050827503204346e-01
-3.092290274798870087e-02 1.051504909992218018e-02
-2.956206910312175751e-02 9.993127733469009399e-02
3.222126513719558716e-02 -3.916597366333007812e-02
3.958893939852714539e-02 -2.963692881166934967e-02
1.392543762922286987e-01 -1.103170216083526611e-01
3.472745791077613831e-02 -1.412321031093597412e-01
-3.722192486748099327e-04 -1.022318080067634583e-01
-6.910283118486404419e-02 1.968323253095149994e-02
-3.366499245166778564e-01 1.974761635065078735e-01
-2.008022069931030273e-01 -2.176467888057231903e-02
5.784901976585388184e-02 -1.848068386316299438e-01
-1.900503486394882202e-01 1.186147034168243408e-01
2.311179786920547485e-02 -1.577146351337432861e-01
1.565479636192321777e-01 1.875380426645278931e-02
-1.226352900266647339e-01 8.107289671897888184e-02
-2.177343219518661499e-01 9.039609879255294800e-02
6.594026833772659302e-02 -1.860025376081466675e-01
-2.539075352251529694e-02 6.296994537115097046e-02
-2.667894363403320312e-01 4.331665486097335815e-02
1.207762807607650757e-01 3.276708349585533142e-02
-2.329760193824768066e-01 1.017458066344261169e-01
-9.257951751351356506e-05 -1.549600362777709961e-01
1.295508295297622681e-01 -1.228239387273788452e-02
-2.549237906932830811e-01 9.490789473056793213e-02
-1.386184897273778915e-02 6.974021345376968384e-02
-2.431932650506496429e-02 5.124434083700180054e-02
-2.109361588954925537e-01 1.595896035432815552e-01
-4.268625751137733459e-02 1.165454015135765076e-01
-1.561191380023956299e-01 7.416075468063354492e-02
1.836600750684738159e-01 -6.237475574016571045e-02
-3.901693344232626259e-05 1.729898154735565186e-01
-6.308986991643905640e-02 3.393028080463409424e-01
-5.998621881008148193e-02 5.286482349038124084e-02
-6.863955408334732056e-02 1.496302783489227295e-01
1.841192319989204407e-02 -1.512387394905090332e-01
2.933251261711120605e-01 -2.339029461145401001e-01
8.863066881895065308e-02 -9.716872870922088623e-02
-3.101925365626811981e-02 -2.251513674855232239e-02
4.139120504260063171e-02 -1.887912750244140625e-01
-2.391007691621780396e-01 5.117556825280189514e-02
-7.091701775789260864e-02 1.042346432805061340e-01
-7.026182860136032104e-02 -1.956163048744201660e-01
-5.922041088342666626e-02 4.992598042008467019e-05
-7.456550002098083496e-02 2.567234635353088379e-01
-5.162600800395011902e-02 -1.544234603643417358e-01
7.984894514083862305e-02 2.227013744413852692e-02
-1.817622780799865723e-01 6.176860630512237549e-02
-1.531101465225219727e-01 7.359305769205093384e-02
-1.101712062954902649e-01 2.395173907279968262e-01
-2.131517976522445679e-01 1.210020557045936584e-01
-2.666991055011749268e-01 2.234264314174652100e-01
5.019281432032585144e-02 -5.414997041225433350e-02
-2.425347119569778442e-01 1.818425059318542480e-01
-1.677849888801574707e-01 1.225016415119171143e-01
-6.650502979755401611e-02 1.645946502685546875e-02
9.057534486055374146e-02 -1.877695918083190918e-01
-1.711483150720596313e-01 -8.790691196918487549e-02
7.879809290170669556e-02 -1.835867464542388916e-01
1.986188888549804688e-01 -6.394849717617034912e-02
-2.333308160305023193e-01 8.645826950669288635e-03
1.266372948884963989e-01 -1.177088171243667603e-01
-6.308074295520782471e-02 -1.915461756289005280e-02
1.572331935167312622e-01 -1.778398454189300537e-01
-2.673160471022129059e-02 -1.335652470588684082e-01
-1.730093508958816528e-01 3.017525654286146164e-03
-9.333492070436477661e-02 7.840050756931304932e-02
1.431141495704650879e-01 -1.137459054589271545e-01
-1.470723468810319901e-02 -2.323341369628906250e-02
2.346293032169342041e-01 -2.272497117519378662e-01
-1.362195461988449097e-01 1.411902457475662231e-01
5.939840897917747498e-02 -9.084211289882659912e-02
1.078676432371139526e-01 6.934794131666421890e-03
-1.054394766688346863e-01 1.005598008632659912e-01
1.132959350943565369e-01 -2.711384296417236328e-01
-7.583308219909667969e-02 -6.119457539170980453e-03
-3.278717398643493652e-01 3.040286302566528320e-01
1.458691507577896118e-01 -2.458679825067520142e-01
1.540841185487806797e-03 7.597347348928451538e-02
-1.554842442274093628e-01 2.790495157241821289e-01
-8.322595059871673584e-02 2.671892046928405762e-01
-1.268889307975769043e-01 1.527957916259765625e-01
1.169308274984359741e-01 -7.888779044151306152e-02
-2.095964998006820679e-01 1.200897842645645142e-01
-1.012382376939058304e-02 -9.987030923366546631e-02
-1.274609863758087158e-01 1.391603648662567139e-01
-9.029374271631240845e-02 2.459645867347717285e-01
3.410869538784027100e-01 -2.115801870822906494e-01
6.829079240560531616e-02 -2.065789103507995605e-01
-9.749313443899154663e-02 1.118732243776321411e-01
-9.401610493659973145e-02 1.494063884019851685e-01
-4.258883744478225708e-02 -1.117842346429824829e-01
1.046275049448013306e-01 -2.580644488334655762e-01
9.427301585674285889e-02 -2.100221365690231323e-01
-1.922980397939682007e-01 1.434951126575469971e-01
1.598017103970050812e-02 -7.212456315755844116e-02
-2.937805354595184326e-01 4.498208872973918915e-03
-2.254773080348968506e-01 -3.974271193146705627e-02
-1.010919585824012756e-01 2.069898247718811035e-01
1.585937589406967163e-01 -2.942277789115905762e-01
-1.129540428519248962e-01 8.018429577350616455e-02
1.126221194863319397e-01 5.176097527146339417e-02
-1.441080421209335327e-01 -5.872507393360137939e-02
4.981706291437149048e-02 -1.636334657669067383e-01
5.997279658913612366e-02 -2.308432310819625854e-01
-1.588900089263916016e-01 1.458944827318191528e-01
2.450214931741356850e-03 1.738661974668502808e-01
2.716286182403564453e-01 -3.033547699451446533e-01
-3.940538316965103149e-02 1.409384608268737793e-02
-2.315765321254730225e-01 1.695212125778198242e-01
-2.651085257530212402e-01 -2.407467737793922424e-02
2.611828446388244629e-01 -5.914528667926788330e-02
-8.155749738216400146e-02 7.528001815080642700e-02
1.745117753744125366e-01 -1.163898259401321411e-01
-4.299850016832351685e-02 -8.982457220554351807e-02
-8.123832941055297852e-02 7.287795096635818481e-02
1.841919124126434326e-01 -5.573112145066261292e-02
9.329059720039367676e-02 -1.621717065572738647e-01
4.773319885134696960e-02 -1.441717892885208130e-01
5.801660567522048950e-02 -2.281253933906555176e-01
1.285652965307235718e-01 -5.700404569506645203e-02
-7.618403434753417969e-02 -1.111230533570051193e-02
-1.427226513624191284e-01 2.077725976705551147e-01
-3.026302754878997803e-01 2.144619226455688477e-01
1.384776383638381958e-01 -2.156720906496047974e-01
-8.435071259737014771e-02 1.966148912906646729e-01
2.543823122978210449e-01 -1.278107464313507080e-01
-6.420326977968215942e-02 2.598977647721767426e-02
2.475164458155632019e-02 -4.726834967732429504e-02
5.823985114693641663e-02 -6.059107929468154907e-02
9.875759482383728027e-02 1.830813474953174591e-02
-2.096027135848999023e-01 1.712022870779037476e-01
9.274239838123321533e-02 6.181287392973899841e-02
1.282315105199813843e-01 -1.167005822062492371e-01
3.076072037220001221e-01 -2.669106423854827881e-01
1.196155473589897156e-01 -8.573453128337860107e-02
2.855801209807395935e-02 2.121218144893646240e-01
-1.479796469211578369e-01 -7.371854968369007111e-03
-2.005652785301208496e-01 -6.479889154434204102e-02
-9.403374791145324707e-02 1.613130271434783936e-01
1.164784654974937439e-01 -6.544195860624313354e-02
1.680530756711959839e-01 -7.251713424921035767e-02
6.914805620908737183e-02 -1.523956507444381714e-01
-5.860464647412300110e-02 3.347145020961761475e-02
1.659939438104629517e-01 -1.346164345741271973e-01
-1.784303970634937286e-02 -2.694065272808074951e-01
-1.540966033935546875e-01 2.050428539514541626e-01
1.452676653861999512e-01 -1.424898803234100342e-01
-2.511179149150848389e-01 -1.131383702158927917e-03
-7.146477699279785156e-02 1.472973972558975220e-01
1.576954424381256104e-01 -3.696008026599884033e-02
9.230135381221771240e-02 -1.236025020480155945e-01
6.563888862729072571e-03 1.747127026319503784e-01
5.301797389984130859e-02 -3.685712441802024841e-02
1.685449033975601196e-01 -4.824947938323020935e-02
1.074844747781753540e-01 -3.143897652626037598e-01
1.472209393978118896e-01 2.085862681269645691e-03
-2.215499281883239746e-01 7.373494561761617661e-03
-1.177528724074363708e-01 1.751218438148498535e-01
-2.087086141109466553e-01 2.051915675401687622e-01
-7.789792120456695557e-02 1.833843626081943512e-02
2.868466079235076904e-02 -2.506051659584045410e-01
1.283004581928253174e-01 -2.423000987619161606e-03
1.360629796981811523e-01 -1.131714954972267151e-01
6.514834612607955933e-02 -3.375332430005073547e-02
1.031955797225236893e-02 -1.045942455530166626e-01
8.557756245136260986e-02 -1.042149439454078674e-01
5.252753570675849915e-02 9.120310097932815552e-02
9.372831135988235474e-02 1.172766163945198059e-01
1.273521333932876587e-01 -3.944620490074157715e-02
5.727083608508110046e-02 -2.633210122585296631e-01
2.038825154304504395e-01 -6.458143144845962524e-02
-1.103603094816207886e-01 2.101923674345016479e-01
6.005692854523658752e-02 -1.671698540449142456e-01
-4.566107317805290222e-02 -8.648540079593658447e-02
1.338353306055068970e-01 -8.745860308408737183e-02
1.012004390358924866e-01 -9.954957664012908936e-02
-5.972244590520858765e-02 2.182692587375640869e-01
-2.436178736388683319e-02 -1.408988889306783676e-02
3.289465978741645813e-02 -2.976570092141628265e-02
-1.670957505702972412e-01 3.501047939062118530e-02
-6.672684848308563232e-02 -1.406659930944442749e-01
1.109457463026046753e-01 -1.629797220230102539e-01
9.596866555511951447e-03 -1.836978048086166382e-01
-1.951361745595932007e-01 2.572049200534820557e-01
4.108416661620140076e-02 2.212163619697093964e-02
2.859687507152557373e-01 -1.164061427116394043e-01
-1.822538971900939941e-01 2.401942610740661621e-01
2.108020931482315063e-01 -7.444966584444046021e-02
1.540264189243316650e-01 5.174459517002105713e-02
-6.675715744495391846e-02 -1.639912873506546021e-01
-1.574471741914749146e-01 6.086402013897895813e-02
1.623101234436035156e-01 -1.277016550302505493e-01
-1.716322749853134155e-01 2.720848843455314636e-02
-1.530619114637374878e-01 -2.084187977015972137e-02
6.710804998874664307e-02 -6.562742590904235840e-02
9.446255117654800415e-02 -1.256717592477798462e-01
-8.565352112054824829e-02 -2.961309067904949188e-02
-4.200390726327896118e-02 3.892689943313598633e-02
-2.479900605976581573e-02 -2.729122526943683624e-02
4.790526628494262695e-02 4.878594353795051575e-02
6.176437810063362122e-02 2.088437378406524658e-01
5.202422849833965302e-03 -2.537518553435802460e-02
6.760104000568389893e-02 5.438188463449478149e-02
5.182395875453948975e-02 -1.816778928041458130e-01
-2.532318793237209320e-02 2.574617788195610046e-02
3.320730850100517273e-02 -4.861369729042053223e-02
-2.091087102890014648e-01 1.201742701232433319e-02
2.188196033239364624e-01 -1.220834478735923767e-01
1.005314737558364868e-01 9.493736177682876587e-02
-1.669560186564922333e-02 -1.110374704003334045e-01
-1.749170273542404175e-01 2.265579104423522949e-01
-1.859369426965713501e-01 2.072364389896392822e-01
