3.826592266559600830e-01 -3.950753808021545410e-01
4.578047394752502441e-01 -2.691630423069000244e-01
2.837642794474959373e-03 -8.956959843635559082e-02
-8.998510241508483887e-02 1.022291928529739380e-01
-2.224514260888099670e-02 3.383726999163627625e-02
1.658142209053039551e-01 -1.681529134511947632e-01
1.093699336051940918e-01 -1.208547353744506836e-01
-8.831035345792770386e-02 -1.529875546693801880e-01
4.019870609045028687e-02 1.534275431185960770e-02
-2.391139417886734009e-01 3.201186358928680420e-01
1.386704891920089722e-01 -3.318038880825042725e-01
5.031769871711730957e-01 -2.184251993894577026e-01
7.885110378265380859e-02 -1.505109481513500214e-02
1.290512979030609131e-01 -2.398454993963241577e-01
-9.910773485898971558e-02 1.868856102228164673e-01
1.368589000776410103e-03 1.063785776495933533e-01
-6.845335662364959717e-02 -1.437004953622817993e-01
-3.611104488372802734e-01 2.195849418640136719e-01
2.778187096118927002e-01 5.536267161369323730e-02
2.602862715721130371e-01 -3.201146125793457031e-01
2.932077273726463318e-02 -3.457493335008621216e-02
3.351062070578336716e-03 -1.664885580539703369e-01
5.552972108125686646e-02 -1.568019539117813110e-01
5.182294920086860657e-02 1.528803408145904541e-01
3.153067231178283691e-01 -3.020388185977935791e-01
2.370982989668846130e-02 8.679122477769851685e-02
4.565177261829376221e-01 -2.742891311645507812e-01
2.171986997127532959e-01 -2.201318889856338501e-01
1.768438145518302917e-02 1.674990952014923096e-01
-2.585904300212860107e-01 3.653771579265594482e-01
1.372856087982654572e-03 -3.995401039719581604e-02
-2.141181677579879761e-01 2.838543057441711426e-01
2.814323008060455322e-01 -1.019607931375503540e-01
-3.660995364189147949e-01 3.538409769535064697e-01
8.327100425958633423e-02 -3.818955644965171814e-02
-3.171702325344085693e-01 2.525289654731750488e-01
2.993982136249542236e-01 -1.715903729200363159e-01
-1.490510255098342896e-01 8.294341713190078735e-02
-7.525620609521865845e-02 2.293178141117095947e-01
-7.309284806251525879e-02 1.737196147441864014e-01
-9.748697280883789062e-02 1.519035845994949341e-01
1.854558140039443970e-01 -1.380979567766189575e-01
-3.900177478790283203e-01 1.711038500070571899e-01
-1.523911356925964355e-01 1.447837352752685547e-01
-1.106991991400718689e-02 -4.900990426540374756e-02
-1.631648242473602295e-01 3.513047099113464355e-01
9.700438380241394043e-02 -1.547326892614364624e-01
-5.057394132018089294e-02 1.574650704860687256e-01
2.543512880802154541e-01 -2.150680422782897949e-01
-2.328949607908725739e-02 6.378088891506195068e-02
2.609151788055896759e-02 8.638950437307357788e-02
-1.120767965912818909e-01 2.545920610427856445e-01
2.897588722407817841e-02 -8.608454465866088867e-02
7.159946858882904053e-02 -2.154832929372787476e-01
-1.654701083898544312e-01 1.623294055461883545e-01
-2.051599323749542236e-01 1.187807470560073853e-01
-1.465694755315780640e-01 7.307988405227661133e-02
1.110197752714157104e-01 6.039777770638465881e-02
-6.434436887502670288e-02 1.142124459147453308e-01
-8.155338466167449951e-02 2.801042497158050537e-01
2.087627351284027100e-01 -3.174776136875152588e-01
-1.234471350908279419e-01 3.148719072341918945e-01
2.939192950725555420e-01 -1.503996700048446655e-01
-7.469883561134338379e-02 3.136803805828094482e-01
6.301217675209045410e-01 -7.561320066452026367e-01
8.989351391792297363e-01 -6.397664546966552734e-01
-1.803872585296630859e-01 1.785232126712799072e-01
2.852306365966796875e-01 -2.155981212854385376e-01
6.667342185974121094e-01 -8.780749440193176270e-01
7.051962614059448242e-01 -6.061478257179260254e-01
-4.569140672683715820e-01 6.274954080581665039e-01
1.778878718614578247e-01 -3.412823975086212158e-01
-1.754284054040908813e-01 3.804852664470672607e-01
1.464527659118175507e-02 8.364053815603256226e-02
3.564992845058441162e-01 -5.420050621032714844e-01
1.083910465240478516e+00 -8.474242091178894043e-01
-3.192805945873260498e-01 4.477705955505371094e-01
4.670442938804626465e-01 -5.066649913787841797e-01
-7.784417867660522461e-01 5.363597273826599121e-01
2.877379655838012695e-01 -3.848771452903747559e-01
6.239467263221740723e-01 -5.808230638504028320e-01
-7.655926942825317383e-01 5.745463967323303223e-01
1.978530883789062500e-01 -3.012933433055877686e-01
-2.316776365041732788e-01 -7.293387502431869507e-02
-3.397928476333618164e-01 5.304960012435913086e-01
4.436663538217544556e-02 1.141228750348091125e-01
-2.771799266338348389e-01 4.924917817115783691e-01
3.729916214942932129e-01 -2.213083803653717041e-01
5.663685798645019531e-01 -7.429487705230712891e-01
-8.061454296112060547e-01 7.293511033058166504e-01
5.249035358428955078e-01 -3.620904684066772461e-01
8.274242281913757324e-02 3.347118943929672241e-02
1.423147618770599365e-01 8.240806311368942261e-02
-2.316592037677764893e-01 1.843168735504150391e-01
-9.284160137176513672e-01 1.007161498069763184e+00
1.699579209089279175e-01 -2.454040795564651489e-01
1.101081728935241699e+00 -1.056551694869995117e+00
-2.109958529472351074e-01 4.986335337162017822e-01
2.786798179149627686e-01 -2.154728770256042480e-01
-8.226537704467773438e-01 8.036121129989624023e-01
-2.018473148345947266e-01 2.111354619264602661e-01
3.853159844875335693e-01 -2.958217859268188477e-01
-4.852640628814697266e-01 4.723446071147918701e-01
2.972391843795776367e-01 1.060288026928901672e-02
-9.944932907819747925e-02 1.852597296237945557e-01
-1.494361907243728638e-01 1.510458532720804214e-03
-1.779395043849945068e-01 2.707707323133945465e-02
7.524689435958862305e-01 -7.867732048034667969e-01
2.360711246728897095e-01 4.135364666581153870e-03
-7.228547930717468262e-01 6.066279411315917969e-01
-2.269591540098190308e-01 2.191036194562911987e-01
-8.417391777038574219e-02 -1.440635789185762405e-02
-1.531458925455808640e-03 -2.094804793596267700e-01
-5.811607837677001953e-01 6.538432836532592773e-01
-1.555471122264862061e-01 -2.111300826072692871e-02
-5.837866291403770447e-02 6.937859579920768738e-03
-1.145433261990547180e-01 8.948479592800140381e-02
-1.032095253467559814e-01 1.483544409275054932e-01
-5.946285128593444824e-01 6.771468520164489746e-01
-3.428528606891632080e-01 3.606073856353759766e-01
6.016410514712333679e-02 -2.717469930648803711e-01
-4.902131557464599609e-01 4.696349799633026123e-01
2.168589085340499878e-02 1.760498285293579102e-01
1.608897149562835693e-01 -6.063784658908843994e-02
3.483162224292755127e-01 -2.296636551618576050e-01
3.032242357730865479e-01 -1.556056588888168335e-01
-2.357640564441680908e-01 3.022435307502746582e-01
-2.449211031198501587e-01 2.801550030708312988e-01
1.057668805122375488e+00 -8.488928079605102539e-01
3.540302515029907227e-01 -2.815522253513336182e-01
-1.533673405647277832e-01 1.901350356638431549e-02
5.441333651542663574e-01 -6.600570678710937500e-01
9.696412086486816406e-01 -1.016670107841491699e+00
1.766519695520401001e-01 1.552904844284057617e-01
-1.003015160560607910e+00 9.891409277915954590e-01
-2.726238667964935303e-01 2.707962989807128906e-01
7.257241606712341309e-01 -8.899322748184204102e-01
-2.063194215297698975e-01 1.888329833745956421e-01
6.456421017646789551e-01 -6.604418754577636719e-01
1.231142401695251465e+00 -1.408565998077392578e+00
-2.684984505176544189e-01 2.532447278499603271e-01
-3.397243618965148926e-01 3.894475996494293213e-01
-1.373381763696670532e-01 9.004645049571990967e-02
1.046677827835083008e-01 -6.222903728485107422e-02
6.425138115882873535e-01 -6.060866117477416992e-01
-4.435070455074310303e-01 5.281376242637634277e-01
8.851625323295593262e-01 -9.138950109481811523e-01
-1.394636511802673340e+00 1.267956495285034180e+00
-5.683232545852661133e-01 8.014747500419616699e-01
6.773329377174377441e-01 -6.201030611991882324e-01
-9.704976528882980347e-02 -1.368238180875778198e-01
-4.100807309150695801e-01 8.220948278903961182e-02
6.767772436141967773e-01 -7.027515769004821777e-01
-1.500279903411865234e+00 1.475589394569396973e+00
-6.005899310111999512e-01 5.869401097297668457e-01
5.600632354617118835e-02 -1.210956424474716187e-01
2.487247586250305176e-01 -1.282820254564285278e-01
-8.713529109954833984e-01 9.198073148727416992e-01
-1.716895222663879395e+00 1.671848058700561523e+00
3.535647690296173096e-02 5.953366681933403015e-02
1.365589737892150879e+00 -1.311593770980834961e+00
-3.196511268615722656e-01 3.056746423244476318e-01
2.133889682590961456e-02 -1.709911674261093140e-01
-2.878645658493041992e-01 5.135950446128845215e-01
-6.916533410549163818e-02 2.550276219844818115e-01
-1.495764851570129395e+00 1.399424672126770020e+00
-6.296579241752624512e-01 5.773366689682006836e-01
-1.095887064933776855e+00 9.174466133117675781e-01
-7.683384418487548828e-02 1.824256628751754761e-01
-7.693780064582824707e-01 5.983097553253173828e-01
1.530701398849487305e+00 -1.495674490928649902e+00
1.256379961967468262e+00 -1.511480093002319336e+00
7.241370677947998047e-01 -7.721407413482666016e-01
-5.666753649711608887e-01 7.201904058456420898e-01
-4.106271639466285706e-02 1.581626534461975098e-01
-1.474518775939941406e+00 1.207686781883239746e+00
5.841910839080810547e-01 -6.044659614562988281e-01
-3.467479646205902100e-01 2.034775167703628540e-01
3.449497818946838379e-01 -5.065877437591552734e-01
2.580483257770538330e-02 1.025697290897369385e-01
2.203337699174880981e-01 -1.914790719747543335e-01
-4.656521379947662354e-01 4.431307613849639893e-01
1.332208037376403809e+00 -1.308227658271789551e+00
-5.916965007781982422e-01 6.969317197799682617e-01
3.754912018775939941e-01 -4.087227284908294678e-01
-5.244868993759155273e-01 5.449174642562866211e-01
-2.062937974929809570e+00 1.862052440643310547e+00
-1.545489549636840820e+00 1.460286021232604980e+00
7.342957258224487305e-01 -7.138814330101013184e-01
1.058202505111694336e+00 -1.193378448486328125e+00
-4.805687069892883301e-01 5.379922389984130859e-01
-4.826271235942840576e-01 6.410271525382995605e-01
7.597624063491821289e-01 -5.497975945472717285e-01
7.273887842893600464e-02 8.393499255180358887e-02
-2.175550460815429688e-01 1.849645674228668213e-01
2.003324627876281738e-01 -2.300214916467666626e-01
1.809460818767547607e-01 -1.887114942073822021e-01
-4.572946578264236450e-02 8.921029418706893921e-02
-3.236531615257263184e-01 3.240887522697448730e-01
-3.129042088985443115e-01 3.809278309345245361e-01
2.292990237474441528e-01 -1.702971011400222778e-02
-2.676530182361602783e-01 3.719770610332489014e-01
1.513317823410034180e-01 -1.162437647581100464e-01
1.732481718063354492e-01 -3.253692984580993652e-01
-5.801612138748168945e-02 -2.453513443470001221e-01
-3.463343381881713867e-01 3.749011456966400146e-01
1.370777189731597900e-01 -1.968811899423599243e-01
-1.277808248996734619e-01 -6.232475489377975464e-02
1.131460443139076233e-01 -1.658646613359451294e-01
-2.213447242975234985e-01 1.010903194546699524e-01
3.699195981025695801e-01 -2.629229128360748291e-01
-5.127154588699340820e-01 3.733409047126770020e-01
1.857897788286209106e-01 -3.257999941706657410e-02
3.185092210769653320e-01 -4.946770966053009033e-01
2.108279615640640259e-01 -1.450986862182617188e-01
2.697258815169334412e-02 7.983504235744476318e-02
5.691106915473937988e-01 -5.251742005348205566e-01
-3.410304486751556396e-01 3.380872607231140137e-01
-5.471974983811378479e-02 1.597196757793426514e-01
2.677262425422668457e-01 -3.256139457225799561e-01
-3.380230665206909180e-01 3.897993266582489014e-01
-3.097265213727951050e-02 -1.036688312888145447e-01
-4.735365211963653564e-01 6.895987987518310547e-01
-4.005157053470611572e-01 4.573054313659667969e-01
1.451868563890457153e-01 -1.049570739269256592e-02
-9.384100139141082764e-02 6.325483322143554688e-02
6.339026987552642822e-02 5.681432783603668213e-02
-2.334855049848556519e-01 1.397438794374465942e-01
2.409280538558959961e-01 -3.947528004646301270e-01
-4.075668156147003174e-01 7.327940315008163452e-02
-2.924501299858093262e-01 2.963673174381256104e-01
-2.927896678447723389e-01 2.990986406803131104e-01
-5.226508378982543945e-01 3.936671018600463867e-01
-2.799391932785511017e-02 1.479069590568542480e-01
4.841753244400024414e-01 -3.757330477237701416e-01
1.654634177684783936e-01 -1.437974534928798676e-02
4.653617367148399353e-02 -2.094144560396671295e-02
-5.136770009994506836e-01 4.304286241531372070e-01
-2.402193695306777954e-01 1.929274499416351318e-01
-7.717293500900268555e-02 3.277721256017684937e-02
2.663696706295013428e-01 -3.925645053386688232e-01
8.485722541809082031e-02 9.034284204244613647e-02
-2.558054216206073761e-02 7.434719055891036987e-02
-1.915324777364730835e-01 2.381455749273300171e-01
3.964298665523529053e-01 -6.481934189796447754e-01
2.039600461721420288e-01 -1.448536217212677002e-01
5.684032440185546875e-01 -6.277497410774230957e-01
-1.456983983516693115e-01 8.850716054439544678e-02
3.192790150642395020e-01 -4.288859665393829346e-01
-2.060974687337875366e-01 4.452828168869018555e-01
-6.309055685997009277e-01 3.135574460029602051e-01
-5.028692483901977539e-01 4.770364463329315186e-01
4.287357628345489502e-01 -4.318406581878662109e-01
1.288803666830062866e-01 -3.241839706897735596e-01
-4.324305355548858643e-01 3.974045515060424805e-01
-4.027133584022521973e-01 5.227569937705993652e-01
