-7.133686542510986328e-02 -2.306789718568325043e-02
2.659530937671661377e-01 -5.795730650424957275e-02
1.025704592466354370e-01 1.240326929837465286e-02
-1.356163173913955688e-01 -1.613637804985046387e-02
1.788963675498962402e-01 -2.480151876807212830e-02
-4.403758794069290161e-02 1.010469049215316772e-01
2.235388457775115967e-01 -2.286294102668762207e-02
-2.663133665919303894e-02 1.020738482475280762e-01
1.258129924535751343e-01 8.262719213962554932e-02
-6.302300840616226196e-02 1.215623840689659119e-01
-1.141558140516281128e-01 1.558240652084350586e-01
1.552626937627792358e-01 -2.096185386180877686e-01
6.041629239916801453e-02 6.047017499804496765e-02
-6.499455124139785767e-02 -1.843682985054329038e-04
1.774288713932037354e-01 -1.653778739273548126e-02
1.738999038934707642e-01 -2.572009861469268799e-01
1.572513580322265625e-01 -1.517496109008789062e-01
1.860117539763450623e-02 8.663175255060195923e-02
-1.606949791312217712e-02 1.132302731275558472e-02
5.575179681181907654e-02 -2.824501991271972656e-01
1.064867060631513596e-02 -3.975800052285194397e-02
-1.440483033657073975e-01 1.128467693924903870e-01
1.346547808498144150e-02 -9.857865422964096069e-02
-9.984586387872695923e-02 -5.955402553081512451e-02
-1.285264790058135986e-01 6.439693272113800049e-02
1.889465153217315674e-01 -1.853132396936416626e-01
-2.728390991687774658e-01 1.712386161088943481e-01
1.936035789549350739e-02 6.691533327102661133e-02
1.310127079486846924e-01 -1.772389113903045654e-01
1.595280016772449017e-03 -1.500266939401626587e-01
4.182088375091552734e-02 -3.433623909950256348e-02
-3.336384147405624390e-02 1.062630489468574524e-01
-1.757143288850784302e-01 2.180334627628326416e-01
8.867039531469345093e-02 2.068826109170913696e-01
1.083102356642484665e-02 -3.637131676077842712e-02
1.234920024871826172e-01 2.472900971770286560e-02
1.329695135354995728e-01 -3.033847212791442871e-01
-1.524741947650909424e-01 1.651055552065372467e-02
-1.648451834917068481e-01 8.587901294231414795e-02
-1.103981733322143555e-01 -9.516184777021408081e-02
-9.750168025493621826e-02 -4.403583705425262451e-02
7.960852980613708496e-02 1.702606119215488434e-02
-5.222974717617034912e-02 -6.530842185020446777e-02
-1.487817168235778809e-01 -4.218992963433265686e-02
4.787847027182579041e-02 -1.513141840696334839e-01
-6.642398238182067871e-02 4.106454923748970032e-02
1.528961677104234695e-02 2.293518744409084320e-03
-1.739969998598098755e-01 9.695461392402648926e-02
-9.360443055629730225e-02 1.204916909337043762e-01
9.450969099998474121e-02 -2.323994189500808716e-01
-1.639471054077148438e-01 1.112184897065162659e-01
-1.944416612386703491e-01 9.176236391067504883e-02
7.280097156763076782e-02 3.378302091732621193e-03
4.216304421424865723e-02 -1.252096146345138550e-01
-3.634377568960189819e-02 2.394713610410690308e-01
-2.986668236553668976e-02 6.557844579219818115e-02
1.190433278679847717e-01 6.652801483869552612e-02
1.672888547182083130e-01 -1.875583380460739136e-01
-1.501930952072143555e-01 -8.269467949867248535e-02
1.553846001625061035e-01 -7.648159563541412354e-02
1.187619119882583618e-01 1.468614935874938965e-01
2.313537001609802246e-01 3.580639511346817017e-02
5.730113480240106583e-03 2.044368386268615723e-01
-4.424726590514183044e-02 2.414507977664470673e-02
1.363308280706405640e-01 -1.692381501197814941e-01
1.805168688297271729e-01 -1.233986765146255493e-01
-3.389026820659637451e-01 2.596238628029823303e-02
2.771692574024200439e-01 -1.048610433936119080e-01
1.600699499249458313e-02 -6.109277158975601196e-02
-8.272942155599594116e-02 1.850246787071228027e-01
2.376371771097183228e-01 -1.006362289190292358e-01
-2.189496159553527832e-02 -9.131821990013122559e-02
-5.010658502578735352e-02 1.514729261398315430e-01
1.785548627376556396e-01 -4.291960969567298889e-02
8.188473433256149292e-02 -1.025683209300041199e-01
-5.468826368451118469e-02 2.244342863559722900e-02
1.800484359264373779e-01 -1.020673662424087524e-01
1.549839526414871216e-01 -1.606649160385131836e-01
-2.142528891563415527e-01 1.781046241521835327e-01
1.205078139901161194e-02 -4.044332355260848999e-02
1.558026671409606934e-01 -1.273730546236038208e-01
-2.322700321674346924e-01 1.489679515361785889e-01
-1.760491281747817993e-01 1.955933570861816406e-01
-2.177048660814762115e-02 2.642302215099334717e-01
-6.225656345486640930e-02 1.864108070731163025e-02
-5.902525037527084351e-02 1.572814136743545532e-01
2.918782532215118408e-01 -1.804215461015701294e-01
7.461921311914920807e-03 6.079856306314468384e-03
2.401996850967407227e-01 -2.425756603479385376e-01
5.996157228946685791e-02 1.100903600454330444e-01
-3.761931955814361572e-01 2.645002901554107666e-01
8.207363635301589966e-02 1.850283518433570862e-02
-3.032864630222320557e-01 2.721504271030426025e-01
-1.903508156538009644e-01 4.072701185941696167e-02
2.983560413122177124e-02 5.388926342129707336e-02
3.834423050284385681e-02 4.077820479869842529e-02
-2.106490731239318848e-01 3.202948346734046936e-02
9.542921558022499084e-03 -1.692247241735458374e-01
-2.202813774347305298e-01 2.782324254512786865e-01
1.905290037393569946e-01 -1.954726427793502808e-01
1.847733929753303528e-02 -5.954596027731895447e-02
-1.522511616349220276e-02 1.196318026632070541e-02
2.595908045768737793e-01 -3.064016699790954590e-01
-3.752063587307929993e-02 -9.466402232646942139e-02
1.383882015943527222e-01 -3.404640257358551025e-01
1.067789196968078613e-01 -7.609082758426666260e-02
-3.413093835115432739e-02 3.586230427026748657e-02
-9.944218397140502930e-02 1.137828305363655090e-01
1.642536222934722900e-01 -1.020885035395622253e-01
-4.543918371200561523e-02 4.569040983915328979e-02
-2.824645042419433594e-01 2.387363612651824951e-01
-2.123907059431076050e-01 2.387181296944618225e-02
-1.217625066637992859e-01 1.292944252490997314e-01
-4.131123423576354980e-02 -6.439101696014404297e-02
-2.138175517320632935e-01 8.947570621967315674e-02
1.520034074783325195e-01 -1.595136225223541260e-01
8.769150823354721069e-02 1.054983213543891907e-01
1.273434162139892578e-01 -2.141540944576263428e-01
-2.842153012752532959e-01 1.833551377058029175e-01
-1.440871506929397583e-01 4.202386736869812012e-02
-2.102518267929553986e-02 2.534979879856109619e-01
2.222914099693298340e-01 -3.777081966400146484e-01
1.214663833379745483e-01 9.186325222253799438e-02
-1.227372810244560242e-01 8.421433717012405396e-02
-1.126946657896041870e-01 6.193654984235763550e-02
2.328674644231796265e-01 -3.258992359042167664e-02
-2.222457379102706909e-01 1.587048470973968506e-01
-2.859557271003723145e-01 2.713776230812072754e-01
1.299330294132232666e-01 -9.915532171726226807e-02
1.973578929901123047e-01 -1.885077804327011108e-01
-5.700278654694557190e-02 9.339036419987678528e-03
-1.299260407686233521e-01 1.020793765783309937e-01
-7.560519874095916748e-02 -6.987544149160385132e-02
-5.395084246993064880e-02 1.453961133956909180e-01
9.997093677520751953e-02 -1.830982416868209839e-01
-2.008269131183624268e-01 1.317660808563232422e-01
5.941703170537948608e-02 -1.517088711261749268e-01
8.829952776432037354e-02 -1.541680097579956055e-01
-7.087724655866622925e-02 -8.783192187547683716e-02
-5.323566496372222900e-02 -6.959445774555206299e-03
1.698613166809082031e-01 -1.283454149961471558e-01
9.340136311948299408e-03 4.883431270718574524e-02
1.505052596330642700e-01 -1.335580497980117798e-01
-4.383448138833045959e-02 7.674004137516021729e-02
8.063039183616638184e-02 -3.727054223418235779e-02
-1.998739391565322876e-01 2.202440947294235229e-01
-1.605193018913269043e-01 2.192248106002807617e-01
2.612502276897430420e-01 -2.010867744684219360e-01
-3.904200717806816101e-02 -8.100530505180358887e-02
-1.442694813013076782e-01 -3.531908988952636719e-02
-2.036060690879821777e-01 1.572480946779251099e-01
-1.368714720010757446e-01 2.774218320846557617e-01
4.855982959270477295e-02 -3.809079900383949280e-02
3.553183376789093018e-02 -4.744783043861389160e-02
-2.427184730768203735e-01 2.175121307373046875e-01
-5.377439409494400024e-02 -4.052449762821197510e-02
-2.435919493436813354e-01 2.277124077081680298e-01
-2.901278436183929443e-03 -6.174277141690254211e-02
4.838655889034271240e-02 -1.411933451890945435e-01
1.321854591369628906e-01 -1.226479783654212952e-01
-1.128884255886077881e-01 3.820322453975677490e-01
2.088857144117355347e-01 -2.654769420623779297e-01
-5.503984168171882629e-02 -6.477159261703491211e-02
1.750644892454147339e-01 -2.181151509284973145e-01
-1.844356060028076172e-01 -2.201226539909839630e-02
-1.691223233938217163e-01 1.067739725112915039e-01
1.294064819812774658e-01 -1.164928674697875977e-01
-1.727290451526641846e-01 2.585877105593681335e-02
1.973752826452255249e-01 -1.635369658470153809e-01
6.506408005952835083e-02 -9.124357998371124268e-02
2.912724614143371582e-01 -2.170135527849197388e-01
-5.433525145053863525e-02 1.131292358040809631e-01
-2.452587783336639404e-01 1.979186832904815674e-01
-2.162374556064605713e-01 2.138929367065429688e-01
7.509902864694595337e-02 -1.532014161348342896e-01
-2.006601393222808838e-01 2.596945762634277344e-01
-9.286525100469589233e-02 9.632239490747451782e-02
-1.160351410508155823e-01 -1.270298063755035400e-01
-5.615200474858283997e-02 -3.622185811400413513e-02
1.884170323610305786e-01 -2.276902943849563599e-01
1.125318929553031921e-01 -3.205692768096923828e-01
-1.406195759773254395e-01 -1.878542825579643250e-02
-1.507835984230041504e-01 9.562280029058456421e-02
-2.075649797916412354e-01 8.358559757471084595e-02
-6.657466292381286621e-02 2.801133319735527039e-02
2.366015017032623291e-01 -1.272093653678894043e-01
-8.502292633056640625e-02 2.951642498373985291e-02
1.808367371559143066e-01 -8.940716832876205444e-02
-2.391632646322250366e-02 -1.557335108518600464e-01
2.745452821254730225e-01 -9.219916164875030518e-02
-3.170339763164520264e-01 1.998552381992340088e-01
6.133603304624557495e-02 -2.960389256477355957e-01
7.322696596384048462e-02 -5.179738998413085938e-02
2.218902111053466797e-01 -3.060673475265502930e-01
-9.939430654048919678e-02 -1.569640636444091797e-02
-1.133799999952316284e-01 5.566348135471343994e-02
5.221489816904067993e-03 -2.374651283025741577e-02
-2.683598101139068604e-01 3.194582760334014893e-01
1.361886709928512573e-01 -5.701073631644248962e-02
-1.880404055118560791e-01 3.222275376319885254e-01
-2.027973085641860962e-01 9.818095713853836060e-02
1.892486214637756348e-01 8.791631460189819336e-02
1.677983105182647705e-01 -1.242853477597236633e-01
3.906131908297538757e-02 -1.538271307945251465e-01
1.015664935111999512e-01 -1.394915878772735596e-01
-1.774367131292819977e-02 1.923347413539886475e-01
-5.359181086532771587e-04 -5.734707415103912354e-02
2.103908658027648926e-01 2.680804580450057983e-02
3.263069689273834229e-01 -1.968764513731002808e-01
-1.534705311059951782e-01 1.404946893453598022e-01
-2.204068750143051147e-01 1.412021517753601074e-01
1.717364192008972168e-01 -2.001960426568984985e-01
2.327500283718109131e-02 -9.589917957782745361e-02
-1.087970845401287079e-02 8.026067912578582764e-02
1.255918294191360474e-01 -6.396770477294921875e-02
-1.067309230566024780e-01 -2.483309712260961533e-03
-9.750265628099441528e-02 -7.868877612054347992e-03
-1.877677291631698608e-01 2.816020250320434570e-01
-1.347648948431015015e-01 9.563302248716354370e-02
-6.854578107595443726e-02 1.337324827909469604e-01
-1.287425905466079712e-01 3.139024078845977783e-01
-1.536572128534317017e-01 1.809532940387725830e-01
1.805735081434249878e-01 -8.543162047863006592e-02
-3.045803308486938477e-02 -5.246766656637191772e-02
-1.797126382589340210e-01 2.237297967076301575e-02
1.091540455818176270e-01 2.513377740979194641e-02
-1.191777661442756653e-01 2.153833806514739990e-01
1.115403175354003906e-01 -1.061500310897827148e-01
3.844558028504252434e-03 -1.404362767934799194e-01
-1.485325843095779419e-01 1.263590753078460693e-01
2.409125566482543945e-01 -4.300555959343910217e-02
-1.422089487314224243e-01 1.537907570600509644e-01
1.649350374937057495e-01 -2.302088439464569092e-01
1.279440592043101788e-03 5.041778087615966797e-02
1.910525560379028320e-01 -3.010094352066516876e-02
-1.389627307653427124e-01 9.732481837272644043e-02
6.744480133056640625e-02 6.891460716724395752e-02
-1.148341372609138489e-01 8.286915719509124756e-03
-6.450082361698150635e-02 -1.105705499649047852e-01
-1.124778110533952713e-02 2.217993438243865967e-01
-9.451323002576828003e-02 2.022582888603210449e-01
-3.288556635379791260e-02 -5.955653265118598938e-02
-1.531632095575332642e-01 2.502330578863620758e-02
7.240042090415954590e-02 -1.363801397383213043e-02
1.711353957653045654e-01 -1.951447427272796631e-01
-2.322428859770298004e-02 4.230781644582748413e-02
-1.354335993528366089e-01 -6.052871700376272202e-03
-6.388160586357116699e-02 -2.459922805428504944e-02
-3.258947283029556274e-02 2.070093601942062378e-01
4.348445683717727661e-02 -3.383091390132904053e-01
1.904644072055816650e-01 -1.260669827461242676e-01
-3.747031092643737793e-02 -1.385665982961654663e-01
-8.066760748624801636e-02 -1.275537610054016113e-01
1.766454130411148071e-01 -2.496582716703414917e-01
-2.263449281454086304e-01 1.897900700569152832e-01
1.879602856934070587e-02 2.383702993392944336e-01
