2.027957290410995483e-01 1.484997943043708801e-02
-6.184791401028633118e-02 6.057739630341529846e-02
-2.027187496423721313e-01 1.489960402250289917e-01
-9.425749629735946655e-02 3.263114988803863525e-01
9.632752835750579834e-02 -1.775777786970138550e-01
2.385361492633819580e-01 -3.239498734474182129e-01
-2.913965582847595215e-01 1.265431642532348633e-01
4.448001831769943237e-02 -1.241008099168539047e-02
1.233576238155364990e-01 1.981296343728899956e-03
-6.613379716873168945e-02 1.789900101721286774e-02
-1.431987900286912918e-02 2.092514419928193092e-03
9.736464172601699829e-02 -3.164355456829071045e-01
-4.099004268646240234e-01 1.927471160888671875e-01
2.767755985260009766e-01 -3.131200745701789856e-02
2.555094063282012939e-01 -1.924075782299041748e-01
-2.789463102817535400e-01 2.993835508823394775e-01
-2.253623455762863159e-01 2.701307833194732666e-01
3.043472468852996826e-01 -4.463276863098144531e-01
2.865719199180603027e-01 -3.995362818241119385e-01
6.091990694403648376e-02 4.446638002991676331e-02
-1.533140093088150024e-01 1.956154555082321167e-01
-4.293586313724517822e-02 -3.865506500005722046e-02
2.503713965415954590e-01 -1.774534583091735840e-01
2.066328525543212891e-01 -2.707125246524810791e-01
-1.258266121149063110e-01 -6.101625040173530579e-02
-2.388190329074859619e-01 1.332382112741470337e-01
-2.146285921335220337e-01 8.429308980703353882e-02
-2.723141014575958252e-02 -9.689849615097045898e-02
3.095664642751216888e-02 -1.483249515295028687e-01
8.682896196842193604e-02 2.985568949952721596e-03
4.014437552541494370e-03 -1.200180500745773315e-01
-6.826161406934261322e-04 4.905129969120025635e-02
1.995287537574768066e-01 -1.017613708972930908e-01
-1.960452646017074585e-01 1.990906298160552979e-01
-2.953315898776054382e-02 -9.995914250612258911e-02
-1.816056519746780396e-01 1.082126349210739136e-01
1.967327594757080078e-01 -1.529127955436706543e-01
1.104632299393415451e-02 -1.715992242097854614e-01
-1.169470399618148804e-01 2.559706866741180420e-01
-2.740502171218395233e-02 1.371730715036392212e-01
-6.998283416032791138e-02 2.412520200014114380e-01
1.112200543284416199e-01 7.211391627788543701e-02
9.210567921400070190e-02 -6.942172348499298096e-02
-2.335325032472610474e-01 2.571610212326049805e-01
-3.197969794273376465e-01 3.824173212051391602e-01
1.840205192565917969e-01 -1.278834491968154907e-01
-2.804042696952819824e-01 3.257752954959869385e-01
1.012651771306991577e-01 -1.889515668153762817e-01
5.038710311055183411e-02 3.187082707881927490e-01
1.279836297035217285e-01 -8.513978868722915649e-02
-1.776929646730422974e-01 1.108470782637596130e-01
1.840998791158199310e-02 -6.503763049840927124e-02
2.906450331211090088e-01 -1.786550432443618774e-01
-1.899824105203151703e-02 -1.083627529442310333e-02
-2.811088971793651581e-02 7.765141874551773071e-02
-9.284699708223342896e-02 -1.479445546865463257e-01
-1.985800713300704956e-01 1.106607317924499512e-01
8.695492893457412720e-02 -1.916664838790893555e-01
-1.955389231443405151e-01 4.281089901924133301e-01
1.720675528049468994e-01 -9.432568401098251343e-02
-8.800482749938964844e-02 2.950074337422847748e-02
-4.425825551152229309e-02 -2.288905531167984009e-02
2.566015422344207764e-01 -2.248506844043731689e-01
-2.138235419988632202e-01 3.375009596347808838e-01
8.239964395761489868e-02 7.139105349779129028e-02
-4.234074056148529053e-01 2.780055403709411621e-01
-1.410132050514221191e-01 3.207111656665802002e-01
1.188225299119949341e-01 -1.968369781970977783e-01
-5.202961713075637817e-02 -4.755416139960289001e-02
6.601891666650772095e-02 1.564625650644302368e-01
1.036689355969429016e-01 -2.012921273708343506e-01
1.591037809848785400e-01 -2.378384023904800415e-01
3.515834510326385498e-01 -4.628002941608428955e-01
-1.725905537605285645e-01 1.843568384647369385e-01
-1.458929479122161865e-01 -4.892116412520408630e-02
3.437186032533645630e-02 1.640983819961547852e-01
2.361035719513893127e-02 1.323890537023544312e-01
2.075593322515487671e-01 -1.240616515278816223e-01
-2.366011738777160645e-01 2.519277930259704590e-01
5.962542816996574402e-02 -2.870500087738037109e-02
-4.359220862388610840e-01 1.069373860955238342e-01
3.795402050018310547e-01 -3.561361134052276611e-01
-3.843669891357421875e-01 2.709833979606628418e-01
2.985506951808929443e-01 -3.117544353008270264e-01
-3.435717821121215820e-01 2.762474119663238525e-01
9.499156475067138672e-02 4.410566017031669617e-02
3.782315552234649658e-01 -1.810451000928878784e-01
2.578200697898864746e-01 -2.183166742324829102e-01
2.636602893471717834e-02 1.223576813936233521e-01
2.945182621479034424e-01 -1.409920454025268555e-01
2.001763284206390381e-01 -2.250192016363143921e-01
-1.582115441560745239e-01 -6.081594154238700867e-02
-3.460921347141265869e-01 3.012622594833374023e-01
1.374257504940032959e-01 -3.338295817375183105e-01
1.627953052520751953e-01 -2.955274581909179688e-01
8.637442439794540405e-02 6.808869540691375732e-02
-3.759509027004241943e-01 1.882809251546859741e-01
-5.568505451083183289e-02 1.940996050834655762e-01
8.972726017236709595e-02 -1.566443294286727905e-01
-3.043680787086486816e-01 3.167265355587005615e-01
3.046103715896606445e-01 -1.155773624777793884e-01
1.634759157896041870e-01 -1.843924671411514282e-01
-3.865908086299896240e-01 2.616441547870635986e-01
2.019014507532119751e-01 -3.594795763492584229e-01
-5.090299248695373535e-01 4.452722668647766113e-01
-2.025859504938125610e-01 4.231095016002655029e-01
1.971125453710556030e-01 -1.832361370325088501e-01
-2.456275224685668945e-01 4.204372167587280273e-01
-1.794264018535614014e-01 4.397521913051605225e-01
4.135921895503997803e-01 -4.980501830577850342e-01
-4.072185456752777100e-01 2.436525374650955200e-01
2.722328901290893555e-01 -2.491919547319412231e-01
-2.750738859176635742e-01 1.294257640838623047e-01
2.126229256391525269e-01 -2.193582803010940552e-01
-2.923286855220794678e-01 3.928259611129760742e-01
-2.013591974973678589e-01 1.190473139286041260e-01
3.100045323371887207e-01 -2.157299965620040894e-01
-1.038339287042617798e-01 -6.561816670000553131e-03
2.544941008090972900e-01 -1.898242086172103882e-01
5.729925632476806641e-02 -1.066804677248001099e-01
-4.070943593978881836e-01 3.516838550567626953e-01
5.077458545565605164e-02 -4.004186391830444336e-02
2.245944589376449585e-01 -1.664267033338546753e-01
9.863804280757904053e-02 -1.595511734485626221e-01
2.192995846271514893e-01 -2.511636018753051758e-01
-2.353322803974151611e-01 2.918647825717926025e-01
3.069788813591003418e-01 -3.251492977142333984e-01
3.134407699108123779e-01 -3.129241466522216797e-01
-2.752627246081829071e-02 -1.740494184195995331e-02
-1.778274774551391602e-01 6.191318854689598083e-02
-4.418531060218811035e-02 3.313581943511962891e-01
-2.028872519731521606e-01 3.379981815814971924e-01
-3.933930024504661560e-02 1.133807823061943054e-01
-1.398320682346820831e-02 -1.437720209360122681e-01
-1.953970342874526978e-01 1.734632849693298340e-01
-1.807124004699289799e-03 1.060578376054763794e-01
2.196100205183029175e-01 -3.584851920604705811e-01
3.822900354862213135e-02 -3.548786416649818420e-02
-3.475348949432373047e-01 3.122054338455200195e-01
-7.133611012250185013e-03 -2.258772216737270355e-02
3.725738963112235069e-03 6.083606928586959839e-02
3.340687751770019531e-01 -3.125285208225250244e-01
-7.282974570989608765e-02 -1.110224872827529907e-01
-1.800041049718856812e-01 7.741381227970123291e-02
-2.834597229957580566e-01 4.129737317562103271e-01
-1.930002272129058838e-01 1.499765217304229736e-01
1.757512390613555908e-01 -9.267476946115493774e-02
-2.200149744749069214e-01 1.257924735546112061e-01
-3.442226946353912354e-01 2.505007982254028320e-01
9.006416052579879761e-02 1.734585314989089966e-01
5.421472191810607910e-01 -4.919222593307495117e-01
3.690500855445861816e-01 -3.760569989681243896e-01
7.299275696277618408e-02 1.152009516954421997e-02
3.070982173085212708e-02 8.993217349052429199e-02
-6.701724976301193237e-02 1.268988102674484253e-01
1.439626067876815796e-01 2.279118448495864868e-02
-1.095143333077430725e-01 1.276570111513137817e-01
-3.175409436225891113e-01 3.677240908145904541e-01
3.135551214218139648e-01 -3.672021329402923584e-01
-1.604388207197189331e-01 -3.609548881649971008e-02
-2.123127132654190063e-01 9.049545228481292725e-02
-4.963381886482238770e-01 3.219543397426605225e-01
3.373678326606750488e-01 -3.372105062007904053e-01
-2.180691957473754883e-01 8.544138818979263306e-02
-3.990134298801422119e-01 4.798739254474639893e-01
2.043024450540542603e-01 -2.123699188232421875e-01
2.583118677139282227e-01 -2.654497921466827393e-01
-2.773554325103759766e-01 3.247190117835998535e-01
3.596981167793273926e-01 -2.068657279014587402e-01
-1.335969865322113037e-01 -5.701119825243949890e-02
1.151032447814941406e-01 -3.739651143550872803e-01
7.649975270032882690e-02 2.513491921126842499e-02
1.374205350875854492e-01 -7.684230059385299683e-02
5.927911773324012756e-02 4.915259405970573425e-02
-8.170777559280395508e-02 2.490143626928329468e-01
-1.756316572427749634e-01 1.527739465236663818e-01
2.598580904304981232e-02 -1.726214736700057983e-01
1.650266498327255249e-01 -2.097879201173782349e-01
-2.319466769695281982e-01 2.887229919433593750e-01
1.396356672048568726e-01 -1.490752995014190674e-01
4.008482396602630615e-02 -1.278868038207292557e-02
2.135772258043289185e-01 -2.026845216751098633e-01
3.182542622089385986e-01 -2.449472248554229736e-01
-2.406026273965835571e-01 4.538701772689819336e-01
-1.154031306505203247e-01 5.507518351078033447e-02
-2.795193791389465332e-01 1.517638564109802246e-01
-1.701409518718719482e-01 1.925371140241622925e-01
-1.955274790525436401e-01 1.779305636882781982e-01
-1.635342091321945190e-01 1.782106906175613403e-01
4.546256363391876221e-01 -2.922576367855072021e-01
-2.054286599159240723e-01 2.632148936390876770e-02
-8.562080562114715576e-02 2.149408459663391113e-01
1.943418681621551514e-01 -2.481188923120498657e-01
-9.270389564335346222e-03 1.204082816839218140e-01
-1.769482716917991638e-02 -4.509012028574943542e-02
-6.805201619863510132e-02 1.322353631258010864e-01
5.948302149772644043e-02 -2.884194254875183105e-01
-1.783238500356674194e-01 -2.863380359485745430e-04
9.493139386177062988e-02 2.040767967700958252e-01
3.906399384140968323e-02 -2.988962084054946899e-02
-2.224466651678085327e-01 1.068436875939369202e-01
-2.965703904628753662e-01 4.684184789657592773e-01
1.053259521722793579e-01 -1.358356624841690063e-01
2.288572788238525391e-01 -8.590494096279144287e-02
-3.935202211141586304e-02 8.385949581861495972e-02
3.121938109397888184e-01 -1.970760375261306763e-01
1.584727317094802856e-01 5.751534923911094666e-02
5.670455098152160645e-02 7.733055949211120605e-02
1.061973348259925842e-01 1.034300625324249268e-01
-1.420812755823135376e-01 2.381010502576828003e-01
1.418985128402709961e-01 -1.176146231591701508e-02
4.849301278591156006e-02 4.251638427376747131e-02
1.274429112672805786e-01 1.340719014406204224e-01
-1.042301133275032043e-01 1.267094817012548447e-02
-4.620496556162834167e-02 -6.238747760653495789e-02
5.527578294277191162e-03 -1.321460455656051636e-01
-4.900178313255310059e-02 -2.358655482530593872e-01
-1.431020498275756836e-01 -7.984976470470428467e-02
2.619168348610401154e-02 -2.551166713237762451e-01
1.378969848155975342e-01 -1.152880117297172546e-01
-1.049047335982322693e-01 1.282052993774414062e-01
3.641078770160675049e-01 -1.912683993577957153e-01
-4.675284028053283691e-03 -3.214216828346252441e-01
-1.735159158706665039e-01 1.585071980953216553e-01
1.367887705564498901e-01 1.524441540241241455e-01
-2.130620479583740234e-01 2.009654343128204346e-01
-4.427250847220420837e-02 -1.174989342689514160e-01
1.304537802934646606e-01 -1.624522209167480469e-01
1.875429153442382812e-01 -1.368857324123382568e-01
2.089888006448745728e-01 -8.666824549436569214e-02
3.071099817752838135e-01 -1.487033367156982422e-01
-2.431603223085403442e-01 1.931661516427993774e-01
-3.539329171180725098e-01 7.368896901607513428e-02
3.042149841785430908e-01 -3.786609768867492676e-01
2.194505929946899414e-01 -1.366852819919586182e-01
5.487793311476707458e-02 1.316113770008087158e-01
4.604997858405113220e-02 1.094676833599805832e-02
-4.792543873190879822e-02 1.400318890810012817e-01
-8.541067689657211304e-02 1.080669835209846497e-01
1.140689775347709656e-01 -6.379598379135131836e-02
3.177572488784790039e-01 -9.966604411602020264e-02
1.576024852693080902e-02 -5.626076366752386093e-03
-1.699103862047195435e-01 3.531698137521743774e-02
-4.530382901430130005e-02 1.143214199692010880e-02
-8.736838400363922119e-02 -8.243095129728317261e-02
6.310370564460754395e-02 -2.549868226051330566e-01
1.881326138973236084e-01 -1.727394312620162964e-01
1.944263651967048645e-02 -1.256593852303922176e-03
3.074642121791839600e-01 4.948807880282402039e-03
2.023692578077316284e-01 1.876617223024368286e-02
-3.011082410812377930e-01 1.516871005296707153e-01
4.215948283672332764e-02 2.264222688972949982e-02
1.452233195304870605e-01 -1.780757866799831390e-02
-2.521568164229393005e-02 -4.342204704880714417e-02
1.558230221271514893e-01 -1.675365567207336426e-01
9.342761337757110596e-02 4.373142495751380920e-02
