2.287300080060958862e-01 -3.787269815802574158e-02
-9.444733709096908569e-02 9.476828575134277344e-02
2.257153391838073730e-02 7.495886832475662231e-02
-8.001437783241271973e-02 6.042026728391647339e-02
2.160407900810241699e-01 -1.671974658966064453e-01
5.166339501738548279e-02 9.232328087091445923e-02
-7.622856646776199341e-02 2.699365094304084778e-02
-1.473340094089508057e-01 -5.076206289231777191e-03
5.695187300443649292e-02 6.526705622673034668e-02
2.117373645305633545e-01 -1.085949763655662537e-01
-2.187584340572357178e-01 2.187216281890869141e-01
-2.285867482423782349e-01 6.548155844211578369e-02
2.748824097216129303e-02 -1.005345359444618225e-01
-1.929497420787811279e-01 1.275110989809036255e-01
-2.010107338428497314e-01 5.696576833724975586e-02
-2.623463980853557587e-02 -6.106558442115783691e-02
1.533745974302291870e-01 -1.820243522524833679e-02
-7.535797357559204102e-02 1.213913485407829285e-01
1.379035562276840210e-01 -3.054568469524383545e-01
-2.068911939859390259e-01 8.300717920064926147e-02
-5.666570737957954407e-02 -2.360644750297069550e-02
1.283765882253646851e-01 -3.667857646942138672e-01
5.283521860837936401e-02 1.781620383262634277e-01
4.347759485244750977e-02 1.172013580799102783e-01
-4.480367992073297501e-03 -1.534263789653778076e-01
-1.468110457062721252e-02 1.360117495059967041e-01
-1.801988929510116577e-01 8.135808259248733521e-02
2.176701277494430542e-01 -9.690710157155990601e-02
-1.038569677621126175e-02 -3.543975204229354858e-02
-1.028102636337280273e-01 -5.371298268437385559e-02
-5.287649482488632202e-02 9.888137131929397583e-02
9.680367261171340942e-02 1.069399565458297729e-01
-1.242846548557281494e-01 4.789523780345916748e-02
1.257826387882232666e-01 -7.445332407951354980e-02
-1.749652065336704254e-02 -1.648857295513153076e-01
3.321602940559387207e-02 -4.381014406681060791e-02
-8.224403858184814453e-02 8.511703461408615112e-02
2.271428704261779785e-01 -1.335273832082748413e-01
-2.460258901119232178e-01 1.216033771634101868e-01
-2.132310718297958374e-01 -9.277447313070297241e-02
1.930924206972122192e-01 -1.500390172004699707e-01
2.117360830307006836e-01 -3.715939074754714966e-02
8.106029778718948364e-02 -3.655402734875679016e-02
-3.525608032941818237e-02 -3.819806873798370361e-02
1.219829842448234558e-01 -1.169541031122207642e-01
1.126776486635208130e-01 -1.716856211423873901e-01
1.515247970819473267e-01 -2.900207601487636566e-02
-9.438402205705642700e-02 3.924050182104110718e-02
2.103076279163360596e-01 -1.394774317741394043e-01
-9.601683169603347778e-02 7.865886390209197998e-02
-1.536633223295211792e-01 1.113712638616561890e-01
-1.106352955102920532e-01 -1.241294145584106445e-01
4.595716297626495361e-02 -1.348936855792999268e-01
-1.951073668897151947e-02 2.171515524387359619e-01
3.822962939739227295e-02 -1.547136902809143066e-01
-4.363543167710304260e-02 5.164571851491928101e-02
8.721598982810974121e-02 -7.543020695447921753e-02
1.316329091787338257e-01 6.418376415967941284e-02
1.430900953710079193e-02 -2.288929931819438934e-02
-4.340511560440063477e-02 -6.347073242068290710e-03
-6.264560669660568237e-02 5.551914125680923462e-02
1.596378684043884277e-01 -7.665123045444488525e-02
-9.454706311225891113e-02 1.053386628627777100e-01
-3.560099378228187561e-02 -2.335265744477510452e-03
-1.360281705856323242e-01 1.009222585707902908e-03
-2.189496457576751709e-01 2.253266572952270508e-01
-1.666981279850006104e-01 1.980035006999969482e-01
-2.568581104278564453e-01 1.240155100822448730e-01
1.693308651447296143e-01 -1.202038824558258057e-01
-2.468644678592681885e-01 2.025912702083587646e-01
-9.359745681285858154e-02 1.120783388614654541e-01
-1.776804924011230469e-01 1.376623064279556274e-01
3.373977914452552795e-02 -5.284918099641799927e-02
2.504304051399230957e-01 -3.492085337638854980e-01
-2.266266345977783203e-01 2.651386857032775879e-01
3.374388441443443298e-02 6.939668953418731689e-02
3.810486942529678345e-02 -1.111692562699317932e-01
-9.135173261165618896e-02 1.739225238561630249e-01
-1.323624253273010254e-01 2.434160113334655762e-01
2.727701663970947266e-01 -4.954124242067337036e-02
-2.520573437213897705e-01 7.811679691076278687e-02
-1.065385863184928894e-01 -1.055519469082355499e-02
2.504418790340423584e-01 -2.284932509064674377e-02
-5.867559090256690979e-02 9.203203022480010986e-02
-9.935484826564788818e-02 2.151204943656921387e-01
1.940675675868988037e-01 -2.302867770195007324e-01
-1.897237598896026611e-01 1.982905566692352295e-01
-5.983421579003334045e-02 7.513871043920516968e-02
-9.964599460363388062e-02 -2.314567565917968750e-02
-8.986977487802505493e-02 2.956079542636871338e-01
1.641490906476974487e-01 7.613664120435714722e-02
1.685144901275634766e-01 -2.034935057163238525e-01
1.282182335853576660e-02 -1.668473239988088608e-03
-7.723667472600936890e-02 2.609062790870666504e-01
-1.813854090869426727e-02 -4.056616500020027161e-02
-9.149627760052680969e-03 -8.472292870283126831e-02
-1.738457977771759033e-01 -9.889847040176391602e-02
6.025436893105506897e-02 -9.455201216042041779e-04
2.101460695266723633e-01 -2.009076327085494995e-01
-1.808269321918487549e-01 2.144190371036529541e-01
-2.618486583232879639e-01 8.418848365545272827e-02
6.713102757930755615e-02 1.062620729207992554e-01
3.771871700882911682e-02 2.108942121267318726e-01
-1.288556605577468872e-01 2.785022556781768799e-02
2.017012089490890503e-01 6.762513518333435059e-02
2.197937220335006714e-01 1.662576687522232533e-03
5.401225388050079346e-02 -1.774717271327972412e-01
-6.096347793936729431e-02 2.607042789459228516e-01
1.562298834323883057e-01 -1.896744668483734131e-01
1.394721567630767822e-01 -2.822251804172992706e-02
-5.021267570555210114e-03 1.419433020055294037e-02
1.439558807760477066e-02 8.788449317216873169e-02
3.054117262363433838e-01 -2.416097819805145264e-01
-3.429480195045471191e-01 1.853009760379791260e-01
-1.457701325416564941e-01 2.117100358009338379e-01
1.359344571828842163e-01 -1.498344242572784424e-01
-8.931384980678558350e-02 -1.212303787469863892e-01
-2.105305641889572144e-01 2.313096672296524048e-01
5.854155868291854858e-02 -1.189485415816307068e-01
1.197510063648223877e-01 -1.829805038869380951e-02
2.653111517429351807e-01 -1.099929958581924438e-01
1.339862048625946045e-01 -2.038480490446090698e-01
4.363918676972389221e-02 -2.583524957299232483e-02
1.385906711220741272e-02 1.867728531360626221e-01
-1.482146382331848145e-01 2.717531919479370117e-01
-8.223397657275199890e-03 1.013859063386917114e-01
-2.371615469455718994e-01 7.690060138702392578e-02
1.646628230810165405e-01 -1.889418214559555054e-01
2.497029490768909454e-02 -2.033766359090805054e-03
-5.502979084849357605e-02 4.337434098124504089e-02
-1.021619811654090881e-01 6.393299251794815063e-02
1.398926079273223877e-01 -1.951330006122589111e-01
5.503171682357788086e-02 1.016364619135856628e-01
2.243749946355819702e-01 -3.524318709969520569e-02
-4.213537648320198059e-02 6.998069584369659424e-02
3.592126965522766113e-01 -2.168131172657012939e-01
2.510276734828948975e-01 -2.324521243572235107e-01
4.186170920729637146e-02 -9.170535951852798462e-02
-4.983786493539810181e-02 8.025800436735153198e-02
-3.099490404129028320e-01 2.305905371904373169e-01
1.410640478134155273e-01 -1.169194057583808899e-01
-2.382691651582717896e-01 1.295423358678817749e-01
1.064133867621421814e-01 -5.980424210429191589e-02
-2.027100026607513428e-01 9.543142281472682953e-03
6.938391923904418945e-02 -4.365530610084533691e-02
-1.940893195569515228e-02 -1.254830211400985718e-01
2.327580377459526062e-02 -1.786757558584213257e-01
-1.794446073472499847e-02 3.458512127399444580e-01
-2.116971313953399658e-01 1.979523748159408569e-01
1.364393383264541626e-01 8.145403116941452026e-02
2.543575167655944824e-01 -3.045673072338104248e-01
-9.232231974601745605e-02 1.859059780836105347e-01
9.636184573173522949e-02 -2.901754528284072876e-02
-8.358977735042572021e-02 2.007387876510620117e-01
1.963858865201473236e-02 -1.207834854722023010e-01
-3.294754922389984131e-01 3.190302550792694092e-01
-5.390304327011108398e-02 -1.008503586053848267e-01
-1.575017571449279785e-01 2.179552465677261353e-01
-1.862415857613086700e-02 2.376870810985565186e-01
2.071111500263214111e-01 -2.340955585241317749e-01
7.178169488906860352e-02 -3.362872079014778137e-02
1.270116120576858521e-01 -2.779614627361297607e-01
-1.240361761301755905e-02 6.044752895832061768e-02
2.165190279483795166e-01 -2.562452256679534912e-01
-2.799999415874481201e-01 1.476005762815475464e-01
1.800409257411956787e-01 -6.590421497821807861e-02
-3.000151813030242920e-01 2.923464477062225342e-01
3.394417166709899902e-01 -1.399865895509719849e-01
3.024120926856994629e-01 -1.957291364669799805e-01
3.192721605300903320e-01 -2.120164483785629272e-01
9.862245991826057434e-03 2.418110705912113190e-02
1.429511308670043945e-01 -6.857766956090927124e-02
1.391318887472152710e-01 -2.143556326627731323e-01
1.094146221876144409e-01 -1.241365224123001099e-01
-8.972813934087753296e-02 1.844397634267807007e-01
-7.951585948467254639e-02 -6.979719549417495728e-02
1.768995821475982666e-02 1.303220093250274658e-01
2.857829928398132324e-01 -3.773264959454536438e-02
-2.215176075696945190e-01 2.479474544525146484e-01
-1.507170200347900391e-01 4.024432972073554993e-02
2.673536911606788635e-02 -8.301198482513427734e-02
-1.371247917413711548e-01 2.141257524490356445e-01
-3.191910982131958008e-01 2.576298713684082031e-01
-2.790331542491912842e-01 3.048147857189178467e-01
1.703532040119171143e-01 -9.309329837560653687e-02
1.046553701162338257e-01 -1.933746486902236938e-01
-1.985877752304077148e-02 -3.203807398676872253e-02
-3.883020579814910889e-02 -7.181029021739959717e-02
-3.466194123029708862e-02 8.485314249992370605e-02
-8.674185723066329956e-03 -1.965886205434799194e-01
1.641072332859039307e-02 2.039705775678157806e-02
4.037636518478393555e-02 6.109267473220825195e-02
1.062630638480186462e-01 -1.193308457732200623e-01
-6.572763621807098389e-02 -1.406727284193038940e-01
3.131592180579900742e-03 -1.040767952799797058e-01
-7.783127017319202423e-03 2.369362860918045044e-01
-1.156619638204574585e-01 2.295494079589843750e-02
-2.069382369518280029e-01 2.266944646835327148e-01
8.825277909636497498e-03 7.033097743988037109e-02
-7.386954873800277710e-02 1.440565586090087891e-01
1.480727642774581909e-01 -2.577904462814331055e-01
-5.253292992711067200e-02 9.525664150714874268e-02
9.525909274816513062e-02 2.019391162320971489e-03
-2.932941773906350136e-03 -4.162861499935388565e-03
1.127507910132408142e-01 -9.233214706182479858e-02
-2.238251827657222748e-02 -3.144521638751029968e-02
3.940228745341300964e-02 -1.407790035009384155e-01
-1.443647686392068863e-02 5.054986476898193359e-02
1.991213485598564148e-02 1.017902698367834091e-02
2.545528300106525421e-02 -2.423411458730697632e-01
2.707020938396453857e-01 -2.004138939082622528e-02
-1.046362798660993576e-02 -9.048479795455932617e-02
-7.581862155348062515e-03 2.097776532173156738e-02
-3.605800867080688477e-02 1.066312566399574280e-01
3.761428222060203552e-02 -2.994552254676818848e-02
4.245040193200111389e-02 -1.490452587604522705e-01
8.400943875312805176e-02 -6.049037724733352661e-02
-2.808711258694529533e-03 -2.199980616569519043e-02
-2.893906552344560623e-03 -2.039608061313629150e-01
-1.266486048698425293e-01 -8.182080090045928955e-02
1.557420752942562103e-02 8.994653820991516113e-02
-7.161888480186462402e-02 3.025344200432300568e-02
1.644020080566406250e-01 1.433423906564712524e-02
-1.185653880238533020e-01 1.032136566936969757e-02
-7.305297069251537323e-03 7.451903074979782104e-02
1.198721211403608322e-02 -1.010333299636840820e-01
5.619839206337928772e-02 -1.583334505558013916e-01
1.185739338397979736e-01 4.018568899482488632e-03
-5.093896761536598206e-02 8.155854791402816772e-02
1.215899586677551270e-01 3.728628531098365784e-02
-1.307355910539627075e-01 6.417744792997837067e-03
-1.865625381469726562e-01 1.331779062747955322e-01
2.057528346776962280e-01 -1.023405119776725769e-01
9.446118772029876709e-02 -9.872151911258697510e-02
-9.421862661838531494e-02 2.799859456717967987e-02
1.085544098168611526e-02 -9.646571427583694458e-02
3.616470098495483398e-02 -2.923539280891418457e-01
-1.395755857229232788e-01 -7.168921828269958496e-02
-9.535658359527587891e-02 1.149239465594291687e-01
1.692215800285339355e-01 -3.915446996688842773e-02
5.379983410239219666e-02 -3.679935261607170105e-02
1.028382852673530579e-01 -1.458656191825866699e-01
-6.416354328393936157e-02 -2.762253955006599426e-02
-1.600164920091629028e-01 -9.498975239694118500e-03
8.200920373201370239e-02 -1.481632143259048462e-01
-2.627208828926086426e-01 8.998274803161621094e-02
-2.455266565084457397e-01 1.423557251691818237e-01
-1.835156828165054321e-01 -3.460663557052612305e-02
-9.499006904661655426e-03 5.753750354051589966e-02
1.183237973600625992e-02 7.228295505046844482e-02
-1.006975919008255005e-01 -1.649444997310638428e-01
-1.063381433486938477e-01 -9.009125083684921265e-02
5.878992751240730286e-02 5.304725095629692078e-02
-6.031714379787445068e-02 1.746610179543495178e-02
-4.787563346326351166e-03 1.561625599861145020e-01
-4.398345202207565308e-02 1.348680257797241211e-01
