-2.808195948600769043e-01 6.301067769527435303e-02
4.150845482945442200e-02 3.623524308204650879e-02
3.100757896900177002e-01 -4.250813275575637817e-02
-7.161565124988555908e-02 7.380189746618270874e-02
2.980720400810241699e-01 -1.970495283603668213e-01
1.506463140249252319e-01 -3.033067286014556885e-01
-1.313999891281127930e-01 3.036012351512908936e-01
-1.952986568212509155e-01 5.774309858679771423e-02
-3.304304480552673340e-01 1.974672824144363403e-01
2.732656300067901611e-01 -7.307190448045730591e-03
4.941341280937194824e-02 4.505434632301330566e-02
4.921127110719680786e-02 -9.327561408281326294e-02
3.730663359165191650e-01 -3.377119302749633789e-01
-1.463486850261688232e-01 2.619942724704742432e-01
-6.048418581485748291e-02 -1.265582144260406494e-01
-6.990978121757507324e-02 3.055740147829055786e-02
2.461796700954437256e-01 -2.415618747472763062e-01
-2.063591033220291138e-03 -1.177674978971481323e-01
-1.394236534833908081e-01 9.268759191036224365e-02
-2.749776840209960938e-01 1.119528859853744507e-01
-9.397633373737335205e-02 -1.820447593927383423e-01
-4.920973256230354309e-02 -4.418035969138145447e-02
-4.457418620586395264e-02 9.154742211103439331e-02
-3.700946569442749023e-01 4.207150042057037354e-01
4.856204241514205933e-02 -1.689061373472213745e-01
-3.782726707868278027e-04 2.417168766260147095e-02
-8.510882407426834106e-02 1.623867452144622803e-01
-3.771274685859680176e-01 3.020501732826232910e-01
1.604718118906021118e-01 -1.484960019588470459e-01
1.598221063613891602e-01 -1.395374983549118042e-01
-1.158071309328079224e-01 -4.599998518824577332e-02
-1.371787041425704956e-01 2.072457224130630493e-01
-2.873179614543914795e-01 3.348245620727539062e-01
-1.006533056497573853e-01 8.849824965000152588e-02
3.308006525039672852e-01 -1.795186698436737061e-01
1.952901333570480347e-01 -1.550799608230590820e-01
4.506337270140647888e-02 -2.925969660282135010e-03
3.731773793697357178e-02 -9.779866784811019897e-02
-3.295774385333061218e-02 7.742204517126083374e-02
2.646116316318511963e-01 -3.539692759513854980e-01
2.398715727031230927e-02 -1.549040228128433228e-01
-1.989378780126571655e-01 1.113309785723686218e-01
4.171007573604583740e-01 -2.623243331909179688e-01
2.920370995998382568e-01 -2.828454375267028809e-01
-1.764690726995468140e-01 1.886310875415802002e-01
1.907314807176589966e-01 -5.746708065271377563e-02
2.687771618366241455e-01 5.337394773960113525e-02
-1.517585068941116333e-01 2.974965274333953857e-01
8.723359555006027222e-02 -1.696511358022689819e-01
2.464573532342910767e-01 -1.596252918243408203e-01
2.587924897670745850e-01 -5.680491030216217041e-02
2.795073390007019043e-01 -4.256396293640136719e-01
1.650831550359725952e-01 -1.387829482555389404e-01
3.597285971045494080e-02 -1.585701704025268555e-01
-1.053755357861518860e-01 1.216812133789062500e-01
7.464590668678283691e-02 4.829567298293113708e-02
-1.789726465940475464e-01 1.294839382171630859e-01
-2.712074816226959229e-01 3.418734967708587646e-01
2.208909839391708374e-01 -2.916117608547210693e-01
1.718062162399291992e-01 -1.037208810448646545e-01
3.407789766788482666e-01 -2.902287840843200684e-01
-2.423967979848384857e-02 8.659343421459197998e-02
2.738493680953979492e-01 -1.286046802997589111e-01
6.754907779395580292e-03 -7.549745589494705200e-02
1.703422665596008301e-01 -1.968315392732620239e-01
5.609259605407714844e-01 -6.119105219841003418e-01
5.408473014831542969e-01 -3.979288637638092041e-01
3.080173134803771973e-01 -3.850317299365997314e-01
-5.376675724983215332e-01 6.135814189910888672e-01
6.348972916603088379e-01 -4.352868795394897461e-01
-6.394979953765869141e-01 5.517802238464355469e-01
4.243248403072357178e-01 -3.425695300102233887e-01
-3.722611665725708008e-01 3.730856180191040039e-01
-2.094449847936630249e-01 6.872309744358062744e-02
-2.910144925117492676e-01 8.752832189202308655e-03
6.835433840751647949e-01 -6.597626805305480957e-01
-8.474320918321609497e-02 7.867246121168136597e-02
-4.915028214454650879e-01 3.376570045948028564e-01
1.131961584091186523e+00 -8.629491329193115234e-01
7.555235177278518677e-02 -1.308073103427886963e-01
8.560334444046020508e-01 -8.060261607170104980e-01
4.257014095783233643e-01 -4.494400322437286377e-01
-4.417381584644317627e-01 2.542092800140380859e-01
1.393978949636220932e-02 9.430558979511260986e-02
4.699456095695495605e-01 -6.015635132789611816e-01
-8.048480004072189331e-02 1.707575172185897827e-01
-2.682183384895324707e-01 1.914333254098892212e-01
-4.020686745643615723e-01 4.731553196907043457e-01
3.538740873336791992e-01 -3.708741068840026855e-01
1.463970988988876343e-01 -2.580015063285827637e-01
3.480310142040252686e-01 -2.843638360500335693e-01
-2.337056994438171387e-01 2.504660487174987793e-01
-3.966006040573120117e-01 5.563428997993469238e-01
7.396391034126281738e-01 -5.178376436233520508e-01
-9.300552308559417725e-02 -3.584711626172065735e-02
-4.475575685501098633e-01 3.221963644027709961e-01
-6.007019281387329102e-01 5.385348200798034668e-01
4.380449056625366211e-01 -3.628442287445068359e-01
1.486546397209167480e-01 -1.839222609996795654e-01
3.549993634223937988e-01 -3.920265436172485352e-01
1.451919823884963989e-01 -1.538215428590774536e-01
-2.147366553544998169e-01 2.786334156990051270e-01
-3.235149681568145752e-01 2.263851612806320190e-01
6.208407282829284668e-01 -4.416650235652923584e-01
1.956266611814498901e-01 -2.366734147071838379e-01
-4.693840742111206055e-01 5.879884362220764160e-01
4.138209223747253418e-01 -3.682070672512054443e-01
-4.246041476726531982e-01 6.965206265449523926e-01
-4.441157281398773193e-01 4.036840498447418213e-01
3.200578391551971436e-01 -1.010315716266632080e-01
1.191747412085533142e-01 -5.661998316645622253e-02
-2.493150383234024048e-01 2.050498127937316895e-01
9.361045435070991516e-03 -1.789582967758178711e-01
6.609285473823547363e-01 -6.685684323310852051e-01
1.645260304212570190e-01 -1.781286438927054405e-03
5.906648635864257812e-01 -5.012832880020141602e-01
2.793798446655273438e-01 -2.881463170051574707e-01
3.112817406654357910e-01 -2.661694586277008057e-01
-3.003862500190734863e-01 1.720758527517318726e-01
-2.490035891532897949e-01 7.351073622703552246e-02
-7.899505496025085449e-01 5.224751234054565430e-01
3.264951705932617188e-01 -2.351448386907577515e-01
6.245951056480407715e-01 -6.965307593345642090e-01
-2.856523394584655762e-01 2.979534268379211426e-01
5.695021827705204487e-04 4.391658306121826172e-02
-1.592181771993637085e-01 -4.187197610735893250e-02
-6.275414675474166870e-02 1.437606811523437500e-01
1.165543049573898315e-01 -6.589379906654357910e-02
-6.245605349540710449e-01 8.873745203018188477e-01
9.019289612770080566e-01 -8.595025539398193359e-01
2.582944333553314209e-01 -1.714841276407241821e-01
1.810089685022830963e-02 -5.520159378647804260e-02
-4.310923516750335693e-01 2.936902642250061035e-01
-2.309470623731613159e-02 -1.105710491538047791e-01
-3.523419201374053955e-01 3.761171698570251465e-01
-6.326745748519897461e-01 6.336659193038940430e-01
-9.038744121789932251e-02 1.792483329772949219e-01
4.851946979761123657e-02 3.559898585081100464e-02
-4.928787946701049805e-01 4.337261319160461426e-01
-9.605788439512252808e-02 1.853136122226715088e-01
7.542187571525573730e-01 -7.198041677474975586e-01
-8.890443444252014160e-01 1.031970262527465820e+00
9.396760463714599609e-01 -8.589423894882202148e-01
-2.600290179252624512e-01 1.584162712097167969e-01
1.519511938095092773e-01 -2.230710983276367188e-01
-9.353969097137451172e-01 9.928241372108459473e-01
-6.430851221084594727e-01 7.747299075126647949e-01
4.058063924312591553e-01 -3.031068742275238037e-01
-2.756371796131134033e-01 6.000853180885314941e-01
-4.699320495128631592e-01 5.487733483314514160e-01
7.131929993629455566e-01 -6.515610814094543457e-01
-3.568926155567169189e-01 3.958594202995300293e-01
1.552482485771179199e+00 -1.610875129699707031e+00
8.027601838111877441e-01 -8.800471425056457520e-01
7.905436754226684570e-01 -7.640631198883056641e-01
-3.004246056079864502e-01 2.072152942419052124e-01
2.046927809715270996e-01 -1.623870581388473511e-01
8.013997673988342285e-01 -7.790244817733764648e-01
6.585531681776046753e-02 -2.525365054607391357e-01
2.627523802220821381e-02 1.010041609406471252e-01
-5.522255226969718933e-02 1.284454017877578735e-01
-4.663801193237304688e-01 4.551817774772644043e-01
1.201047539710998535e+00 -1.222738027572631836e+00
-3.644220530986785889e-01 4.600000381469726562e-01
-7.077760100364685059e-01 7.425935864448547363e-01
7.995274662971496582e-01 -8.507282733917236328e-01
-8.169785887002944946e-02 1.883277744054794312e-01
-7.194601744413375854e-02 2.512261867523193359e-01
1.191910028457641602e+00 -1.151220440864562988e+00
9.078525006771087646e-02 -3.121462650597095490e-02
1.761080026626586914e-01 9.276593476533889771e-02
9.560122489929199219e-01 -7.567239403724670410e-01
-2.104950882494449615e-02 3.762278705835342407e-02
3.696259856224060059e-01 -4.270847737789154053e-01
-3.387591540813446045e-01 5.369880199432373047e-01
-8.044959902763366699e-01 8.408460021018981934e-01
-7.106556296348571777e-01 9.341448545455932617e-01
9.347240924835205078e-01 -6.337037682533264160e-01
2.799506485462188721e-01 -6.387149542570114136e-02
7.889136075973510742e-01 -8.907721042633056641e-01
4.965214133262634277e-01 -3.605979382991790771e-01
-1.608089506626129150e-01 3.905863687396049500e-02
2.337940037250518799e-01 -3.241641521453857422e-01
-2.131975293159484863e-01 3.231029212474822998e-01
2.178216166794300079e-02 3.309473022818565369e-02
1.372186988592147827e-01 -4.939974471926689148e-02
4.601896703243255615e-01 -5.876915454864501953e-01
-1.101809367537498474e-01 2.264205962419509888e-01
1.351209878921508789e-01 -2.784139513969421387e-01
-5.354773402214050293e-01 5.269852280616760254e-01
-3.149694800376892090e-01 2.344366461038589478e-01
-9.300743341445922852e-01 1.021435618400573730e+00
-3.209145665168762207e-01 4.070983529090881348e-01
4.128591343760490417e-02 -3.884798660874366760e-02
9.725609421730041504e-02 -2.278009355068206787e-01
-9.262438863515853882e-02 -9.858441539108753204e-03
-8.864612877368927002e-02 6.824658066034317017e-02
-2.686612308025360107e-01 2.951180338859558105e-01
-4.822368174791336060e-02 5.190689489245414734e-02
-4.260546565055847168e-01 3.142350018024444580e-01
-3.943683505058288574e-01 2.193103283643722534e-01
1.631175875663757324e-01 -3.159379661083221436e-01
-3.357556164264678955e-01 4.002342224121093750e-01
-2.952257394790649414e-01 2.267582565546035767e-01
1.497758924961090088e-01 -1.094751581549644470e-01
-3.773313760757446289e-01 2.770733833312988281e-01
3.751429021358489990e-01 -2.381154298782348633e-01
-2.649519741535186768e-01 1.322870552539825439e-01
-1.900327503681182861e-01 2.404810488224029541e-01
-3.000719249248504639e-01 1.799591034650802612e-01
-1.847882121801376343e-01 2.501413226127624512e-01
2.377014309167861938e-01 -2.709013223648071289e-01
-2.556655406951904297e-01 4.060522615909576416e-01
-8.190529793500900269e-02 5.264615267515182495e-02
3.835385441780090332e-01 -3.544763922691345215e-01
-6.783084571361541748e-02 1.401772946119308472e-01
6.165328025817871094e-01 -5.983087420463562012e-01
2.488925307989120483e-01 -2.816693782806396484e-01
6.473817825317382812e-01 -5.258455276489257812e-01
-1.491679698228836060e-01 1.636138558387756348e-01
2.575627267360687256e-01 -2.429429143667221069e-01
5.286809802055358887e-02 -3.420129120349884033e-01
4.894119501113891602e-01 -4.935655891895294189e-01
2.869830699637532234e-03 -3.874866233672946692e-04
-7.763531059026718140e-02 2.276333719491958618e-01
-2.791103534400463104e-02 1.187927499413490295e-01
2.298979163169860840e-01 -3.290211558341979980e-01
1.623025387525558472e-01 -2.514382898807525635e-01
-2.868642210960388184e-01 4.493414163589477539e-01
4.646321237087249756e-01 -4.244063794612884521e-01
-1.350316703319549561e-01 9.999686479568481445e-02
-2.132727801799774170e-01 2.368065714836120605e-01
6.357374787330627441e-01 -8.278256058692932129e-01
-3.529018163681030273e-02 -4.527651518583297729e-02
-2.155406773090362549e-01 1.343938615173101425e-02
3.552358448505401611e-01 -1.069041341543197632e-01
1.897391974925994873e-01 -9.609363228082656860e-02
4.612501710653305054e-02 1.421528682112693787e-02
-1.411963067948818207e-02 -1.785806752741336823e-02
-7.043588906526565552e-02 3.449885249137878418e-01
1.990332156419754028e-01 -1.369352936744689941e-01
6.987653374671936035e-01 -6.373337507247924805e-01
-6.981610506772994995e-02 1.525757014751434326e-01
2.714312374591827393e-01 -1.779367774724960327e-01
1.963194459676742554e-01 -5.146896000951528549e-03
-7.389257103204727173e-02 -1.521075610071420670e-02
-7.958614081144332886e-02 1.058883741497993469e-01
2.459592930972576141e-02 5.364759638905525208e-02
-2.244869917631149292e-01 2.048377543687820435e-01
-5.646097287535667419e-02 5.330712348222732544e-02
3.328725993633270264e-01 -3.264032900333404541e-01
6.576898097991943359e-01 -5.418242812156677246e-01
7.613316178321838379e-01 -5.995997786521911621e-01
3.322880566120147705e-01 -1.399261355400085449e-01
-3.755073845386505127e-01 5.221365690231323242e-01
-2.058925032615661621e-01 3.624216020107269287e-01
