-3.749929368495941162e-01 3.710539937019348145e-01
-2.488534599542617798e-01 3.246533274650573730e-01
1.184481829404830933e-01 -6.916660070419311523e-02
3.954654633998870850e-01 -3.697667121887207031e-01
-4.301391541957855225e-01 2.692407071590423584e-01
3.173012137413024902e-01 -8.053164929151535034e-02
3.153415620326995850e-01 -2.369048446416854858e-02
-1.289529353380203247e-01 1.045738905668258667e-01
-2.536783516407012939e-01 2.257394939661026001e-01
3.018378913402557373e-01 -3.187544345855712891e-01
-3.799926936626434326e-01 2.780523896217346191e-01
-3.045610487461090088e-01 5.157828330993652344e-01
1.875788867473602295e-01 -2.257694955915212631e-03
1.011792421340942383e-01 -1.229649707674980164e-01
1.753917336463928223e-01 -1.897293925285339355e-01
-2.994283102452754974e-02 2.403914183378219604e-01
4.600454121828079224e-02 -4.160641133785247803e-02
4.844419658184051514e-02 -5.051347613334655762e-02
-2.843311131000518799e-01 2.976105213165283203e-01
3.890451788902282715e-01 -2.070471048355102539e-01
3.310977220535278320e-01 -6.480508297681808472e-02
-1.563470959663391113e-01 -2.422380819916725159e-02
-2.343145906925201416e-01 1.504706442356109619e-01
-6.048711016774177551e-02 1.051500141620635986e-01
-1.082066670060157776e-01 7.089499384164810181e-02
6.372895240783691406e-01 -4.465597569942474365e-01
-2.407437860965728760e-01 2.550471425056457520e-01
-1.049651801586151123e-01 1.191572844982147217e-01
-1.142441481351852417e-01 -2.060733735561370850e-01
1.752538979053497314e-01 -2.247077785432338715e-02
7.772777974605560303e-02 -1.577752530574798584e-01
-2.736648917198181152e-01 3.926092758774757385e-02
3.426868021488189697e-01 -4.509303271770477295e-01
2.103210091590881348e-01 -2.572032213211059570e-01
2.839399278163909912e-01 -5.033516287803649902e-01
1.780860424041748047e-01 -1.417270209640264511e-02
9.748494625091552734e-02 -1.342560648918151855e-01
5.873974561691284180e-01 -6.051009893417358398e-01
-2.425823062658309937e-01 2.901043891906738281e-01
3.047040998935699463e-01 -3.975242078304290771e-01
-2.174422740936279297e-01 -4.009529016911983490e-03
1.463743597269058228e-01 -3.546199798583984375e-01
-2.724693119525909424e-01 3.832823634147644043e-01
-1.064603552222251892e-01 3.138633370399475098e-01
1.081224009394645691e-01 -1.696368902921676636e-01
1.210874170064926147e-01 -7.645040750503540039e-02
-4.801792651414871216e-02 1.122634559869766235e-01
-2.467497251927852631e-02 3.770180046558380127e-02
-5.738341808319091797e-01 4.199606776237487793e-01
-3.628188371658325195e-02 -8.434652537107467651e-02
1.118410304188728333e-01 -3.283030167222023010e-02
5.292899608612060547e-01 -3.880952894687652588e-01
-2.141294628381729126e-01 2.513785660266876221e-01
3.861126601696014404e-01 -3.336254954338073730e-01
-2.123216092586517334e-01 9.202197194099426270e-02
-2.792492508888244629e-01 -4.059921950101852417e-02
-1.606515944004058838e-01 1.508083194494247437e-01
2.709450423717498779e-01 -1.483043879270553589e-01
4.291820228099822998e-01 -5.660876631736755371e-01
-1.017571166157722473e-01 2.722085118293762207e-01
7.689990103244781494e-02 -1.722273975610733032e-01
-7.492101192474365234e-02 2.075875103473663330e-01
-1.605363190174102783e-01 1.775907129049301147e-01
1.124688610434532166e-01 8.018542081117630005e-02
5.330405831336975098e-01 -5.397835373878479004e-01
5.056718587875366211e-01 -2.519223690032958984e-01
4.464447796344757080e-01 -5.388011336326599121e-01
-3.369395732879638672e-01 8.081783354282379150e-02
1.022435375489294529e-03 -4.241850599646568298e-02
1.617051959037780762e-01 -2.117912471294403076e-01
3.050128817558288574e-01 -3.701432049274444580e-01
5.926775336265563965e-01 -7.013811469078063965e-01
-6.085699796676635742e-01 4.840921461582183838e-01
3.493625819683074951e-01 -2.668768763542175293e-01
-7.216006517410278320e-01 6.635479331016540527e-01
6.647143959999084473e-01 -6.357341408729553223e-01
-5.570507645606994629e-01 6.983165144920349121e-01
4.785966128110885620e-02 1.015460714697837830e-01
-9.456495195627212524e-02 1.303747743368148804e-01
2.793315351009368896e-01 -1.347671896219253540e-01
-5.199050158262252808e-02 7.403861731290817261e-02
7.967995405197143555e-01 -8.794629573822021484e-01
-5.000575184822082520e-01 5.951921939849853516e-01
3.003856241703033447e-01 -3.281068503856658936e-01
3.511516153812408447e-01 -2.314770668745040894e-01
4.052768647670745850e-02 -1.711751222610473633e-01
-8.267616629600524902e-01 6.350766420364379883e-01
1.188067048788070679e-01 -1.928920298814773560e-01
-8.077211380004882812e-01 7.604825496673583984e-01
1.448655724525451660e-01 -2.001851499080657959e-01
-9.918606281280517578e-02 8.665457367897033691e-02
-4.204986616969108582e-02 1.046028658747673035e-01
-2.735502123832702637e-01 2.227463573217391968e-01
6.498102545738220215e-01 -4.669011235237121582e-01
8.330096304416656494e-02 -8.571102470159530640e-02
5.742980167269706726e-03 -1.068488880991935730e-02
4.505560696125030518e-01 -3.472147881984710693e-01
7.379745841026306152e-01 -5.312247276306152344e-01
6.045047640800476074e-01 -3.978568613529205322e-01
9.423638880252838135e-02 -1.261346042156219482e-01
-1.411773711442947388e-01 3.570756316184997559e-02
-4.428439438343048096e-01 3.802898526191711426e-01
1.781245172023773193e-01 -2.591867446899414062e-01
7.578690648078918457e-01 -6.906765699386596680e-01
1.248599067330360413e-01 5.087296292185783386e-02
7.665039896965026855e-01 -8.395248055458068848e-01
1.389515679329633713e-02 -3.139785677194595337e-02
-3.154745101928710938e-01 4.721585214138031006e-01
3.632655739784240723e-01 -3.183609247207641602e-01
1.720941513776779175e-01 -2.616043388843536377e-01
4.158460795879364014e-01 -4.618656635284423828e-01
-5.688251256942749023e-01 4.443844854831695557e-01
-6.682208776473999023e-01 6.530970931053161621e-01
3.967550992965698242e-01 -6.339190900325775146e-02
-6.745346784591674805e-01 8.491224050521850586e-01
5.820674896240234375e-01 -6.567527651786804199e-01
1.883161216974258423e-01 -3.738523721694946289e-01
-5.228129774332046509e-02 4.191732406616210938e-02
9.502852708101272583e-02 -1.771975308656692505e-01
-3.476814031600952148e-01 3.091318905353546143e-01
1.151793599128723145e-01 -1.095704063773155212e-01
-3.058140575885772705e-01 2.000796943902969360e-01
-4.131020605564117432e-01 4.280382692813873291e-01
-4.178278744220733643e-01 6.100817322731018066e-01
2.467383742332458496e-01 -2.503941059112548828e-01
3.231768310070037842e-01 -2.994448542594909668e-01
-1.822881982661783695e-03 -1.672180928289890289e-02
-8.277655839920043945e-01 9.168679714202880859e-01
-3.176089525222778320e-01 4.636787474155426025e-01
4.116734266281127930e-01 -5.049563646316528320e-01
3.758270740509033203e-01 -3.879360556602478027e-01
2.181332409381866455e-01 -2.817534208297729492e-01
5.854687839746475220e-02 -2.586161904036998749e-02
3.396284282207489014e-01 -2.702400684356689453e-01
-7.481265664100646973e-01 6.261422634124755859e-01
-1.389080733060836792e-01 7.186090573668479919e-03
1.160616874694824219e-01 -2.869929969310760498e-01
-2.853911817073822021e-01 1.790154874324798584e-01
-2.259978950023651123e-01 1.008663102984428406e-01
1.553471386432647705e-01 -1.286911517381668091e-01
-8.939122557640075684e-01 6.244694590568542480e-01
1.967750489711761475e-01 -9.894052147865295410e-02
-2.641230523586273193e-01 1.956519484519958496e-01
6.869964003562927246e-01 -8.849819898605346680e-01
-3.594462200999259949e-02 9.176056087017059326e-02
-7.391578983515501022e-03 -2.231793105602264404e-01
3.596909642219543457e-01 -4.228325486183166504e-01
7.014685869216918945e-01 -9.823554158210754395e-01
-2.138157486915588379e-01 2.973385155200958252e-01
6.223543286323547363e-01 -4.132929444313049316e-01
2.502186000347137451e-01 -2.301653474569320679e-01
3.206344544887542725e-01 -5.194164514541625977e-01
-4.950877428054809570e-01 3.385159671306610107e-01
1.539907604455947876e-01 -1.152600347995758057e-01
-1.552864462137222290e-01 2.151870913803577423e-02
-4.468284249305725098e-01 3.089886307716369629e-01
-6.682018041610717773e-01 4.548699557781219482e-01
-1.722947210073471069e-01 5.771610513329505920e-02
1.146156266331672668e-01 -2.135408222675323486e-01
-2.338083982467651367e-01 3.328603506088256836e-01
3.423614799976348877e-01 -3.062429428100585938e-01
3.104679882526397705e-01 -3.149876892566680908e-01
4.653307497501373291e-01 -4.839515984058380127e-01
-1.251583546400070190e-01 6.000672280788421631e-02
-5.686626210808753967e-02 -4.395152255892753601e-02
1.128011420369148254e-01 -8.995765447616577148e-02
-3.717699646949768066e-02 2.129383832216262817e-01
6.304977834224700928e-02 -1.048837788403034210e-02
5.372187495231628418e-01 -5.069044232368469238e-01
-1.613727509975433350e-01 1.477129459381103516e-01
-4.203175902366638184e-01 3.245477974414825439e-01
-3.609609901905059814e-01 1.679296493530273438e-01
3.802920281887054443e-01 -5.730836987495422363e-01
4.969464540481567383e-01 -6.734232902526855469e-01
1.043963953852653503e-01 -4.920253157615661621e-02
-4.109739065170288086e-01 4.147281050682067871e-01
3.286261260509490967e-01 -3.139936327934265137e-01
1.708657592535018921e-01 -2.017788589000701904e-01
6.179314851760864258e-02 1.579413563013076782e-02
3.995272517204284668e-01 -4.582220613956451416e-01
4.839803874492645264e-01 -3.718730211257934570e-01
2.676669657230377197e-01 -2.131021171808242798e-01
-4.078908860683441162e-01 4.314027428627014160e-01
-4.245700836181640625e-01 5.082982182502746582e-01
-2.797918915748596191e-01 3.252829313278198242e-01
4.590889438986778259e-02 7.844092696905136108e-02
8.110032081604003906e-01 -9.996203780174255371e-01
-8.869651705026626587e-02 1.637507826089859009e-01
-4.917282462120056152e-01 3.102989792823791504e-01
-4.198362231254577637e-01 2.354200780391693115e-01
1.815087050199508667e-01 -2.738276720046997070e-01
-6.944296360015869141e-01 7.549232840538024902e-01
-2.601017951965332031e-01 4.670007899403572083e-02
1.822604537010192871e-01 -1.313232630491256714e-01
1.332780867815017700e-01 -1.913998872041702271e-01
1.570567488670349121e-01 -7.868613302707672119e-02
1.119443476200103760e-01 -1.814667284488677979e-01
7.462415844202041626e-02 -1.724724471569061279e-01
-2.990838587284088135e-01 1.312541812658309937e-01
1.661933064460754395e-01 -2.710097432136535645e-01
9.716676175594329834e-02 -5.146646127104759216e-02
1.403007656335830688e-01 2.355001308023929596e-02
-6.347730755805969238e-02 9.556241333484649658e-02
-2.985565736889839172e-02 -8.239959366619586945e-03
-3.071399927139282227e-01 3.933929502964019775e-01
5.880704894661903381e-02 -1.466053873300552368e-01
-1.567946970462799072e-01 2.012673616409301758e-01
2.171465456485748291e-01 -2.196040153503417969e-01
8.612306416034698486e-02 1.059186235070228577e-01
1.305951327085494995e-01 -3.255016054026782513e-04
2.461441606283187866e-01 -1.794724166393280029e-01
2.906818985939025879e-01 -2.288156300783157349e-01
2.509900927543640137e-02 8.775952458381652832e-02
2.142240107059478760e-02 -3.729369863867759705e-02
1.427149772644042969e-01 -1.523733586072921753e-01
1.470207124948501587e-01 -1.500754654407501221e-01
7.034682482481002808e-02 -1.007586047053337097e-01
-1.010035723447799683e-01 1.369149386882781982e-01
1.330796480178833008e-01 3.551496937870979309e-02
-9.689152240753173828e-03 1.711852401494979858e-01
-3.133793175220489502e-01 2.647600471973419189e-01
9.334078431129455566e-02 -2.835774607956409454e-02
-4.200068861246109009e-02 9.702424705028533936e-02
-4.812555015087127686e-02 -1.354143470525741577e-01
4.598916694521903992e-02 -1.725733578205108643e-01
-4.622463136911392212e-02 5.016378685832023621e-02
1.257150992751121521e-02 -2.023852169513702393e-01
-1.654632836580276489e-01 1.491927057504653931e-01
-2.915286719799041748e-01 6.717081367969512939e-02
-3.995840623974800110e-02 8.512952923774719238e-02
-5.082172155380249023e-02 2.483534812927246094e-02
4.029252380132675171e-02 -1.728142797946929932e-01
1.420996934175491333e-01 -7.221616059541702271e-02
-3.743039816617965698e-02 1.643709093332290649e-01
-3.069092035293579102e-01 1.691569834947586060e-01
-1.028131544589996338e-01 1.731418371200561523e-01
2.121280580759048462e-01 -2.227426767349243164e-01
1.571987569332122803e-01 -2.890596687793731689e-01
-4.781293682754039764e-03 7.335551828145980835e-02
-9.121856838464736938e-02 3.846170753240585327e-02
-8.352874964475631714e-02 -7.539950311183929443e-02
1.780810207128524780e-01 -3.749642148613929749e-02
1.870159432291984558e-02 -6.643108278512954712e-02
2.433710359036922455e-02 -2.665207386016845703e-01
-1.445779502391815186e-01 -6.870089471340179443e-02
9.763414412736892700e-02 3.643381595611572266e-02
-9.986500442028045654e-02 6.395768374204635620e-02
1.938018761575222015e-02 2.410444170236587524e-01
-5.411105230450630188e-02 8.815241605043411255e-02
-5.171870067715644836e-02 -1.045971512794494629e-01
2.258601933717727661e-01 -3.044243156909942627e-01
-1.190720312297344208e-02 -1.138130798935890198e-01
-1.350557208061218262e-01 1.684555411338806152e-01
1.588206738233566284e-01 -4.827848076820373535e-02
-2.133094146847724915e-02 -9.904742985963821411e-02
-3.045147061347961426e-01 2.161690592765808105e-01
