-3.821033984422683716e-02 3.772494569420814514e-02
-1.846046149730682373e-01 2.555896341800689697e-02
1.335671544075012207e-01 -1.401708722114562988e-01
-3.775034472346305847e-02 -4.258209839463233948e-02
8.537952788174152374e-03 -4.061290528625249863e-03
-1.557756066322326660e-01 1.437032967805862427e-01
1.318337619304656982e-01 -1.213108077645301819e-01
-1.598404645919799805e-01 1.883147209882736206e-01
3.768957257270812988e-01 -1.132097542285919189e-01
-5.200715735554695129e-02 1.707168668508529663e-01
1.151630282402038574e-02 -1.969464868307113647e-01
-2.291991114616394043e-01 1.535989046096801758e-01
-1.384842246770858765e-01 1.516854614019393921e-01
4.121904075145721436e-02 -1.168491393327713013e-01
-9.060464799404144287e-02 3.447650372982025146e-01
2.590976059436798096e-01 -1.228318661451339722e-01
-3.458569049835205078e-01 1.434348225593566895e-01
-2.088734507560729980e-01 1.935680583119392395e-02
-1.226346418261528015e-01 7.647810876369476318e-02
-1.413746327161788940e-01 -8.605409413576126099e-02
6.100163236260414124e-02 -1.313639134168624878e-01
-2.018013745546340942e-01 6.278071552515029907e-02
-2.449980229139328003e-01 3.534829318523406982e-01
1.010129004716873169e-01 1.257886458188295364e-02
8.633266389369964600e-02 -7.793606817722320557e-02
-1.056695431470870972e-01 -1.956911534070968628e-01
-2.604399025440216064e-01 7.534759491682052612e-02
-2.096460461616516113e-01 1.064718738198280334e-01
-2.370110005140304565e-01 3.082234784960746765e-02
2.960404846817255020e-03 -1.035414636135101318e-01
1.769075989723205566e-01 -1.921998262405395508e-01
1.010330468416213989e-01 -1.082099303603172302e-01
1.262411177158355713e-01 -1.342337671667337418e-02
2.839576005935668945e-01 -3.976001441478729248e-01
1.371283084154129028e-01 -3.820657730102539062e-01
2.386357933282852173e-01 -2.244106978178024292e-01
-3.470224142074584961e-02 -3.319951891899108887e-02
1.894119977951049805e-01 -1.762269139289855957e-01
2.764256298542022705e-01 -3.310684561729431152e-01
-2.292619943618774414e-01 3.226966857910156250e-01
-2.386031150817871094e-01 1.605852246284484863e-01
-6.500972807407379150e-02 2.302839607000350952e-01
1.903674602508544922e-01 -2.570439875125885010e-02
1.817968487739562988e-02 -9.572641551494598389e-02
9.714796394109725952e-02 -8.522085845470428467e-02
1.147911921143531799e-01 -2.476257383823394775e-01
2.274550944566726685e-01 -3.647009730339050293e-01
3.150736987590789795e-01 -2.954973578453063965e-01
-3.117860257625579834e-01 7.626524567604064941e-02
1.695825457572937012e-01 -2.665826976299285889e-01
-2.825788408517837524e-02 1.346747875213623047e-01
9.881394356489181519e-02 -1.942352801561355591e-01
8.170600980520248413e-02 -8.891715109348297119e-02
-9.818319976329803467e-02 2.746337652206420898e-01
1.076695695519447327e-01 -2.715424299240112305e-01
1.034981980919837952e-01 8.206402510404586792e-02
9.596099704504013062e-02 -1.833312362432479858e-01
-5.786088854074478149e-02 5.914594233036041260e-02
-1.067851409316062927e-01 2.105412036180496216e-01
1.701121926307678223e-01 -1.840688735246658325e-01
-1.412458568811416626e-01 1.833782941102981567e-01
1.642533540725708008e-01 -3.259272575378417969e-01
1.130282208323478699e-01 -4.297796636819839478e-02
7.354919612407684326e-02 -1.638772487640380859e-01
-2.930657267570495605e-01 3.118140995502471924e-01
-2.551339864730834961e-01 1.869819164276123047e-01
2.384149134159088135e-01 -4.609465301036834717e-01
-1.886221617460250854e-01 2.512902915477752686e-01
1.684492826461791992e-01 -3.633770942687988281e-01
3.257490098476409912e-01 -2.819412946701049805e-01
3.029836416244506836e-01 -2.747454643249511719e-01
2.580706961452960968e-02 -2.758797630667686462e-02
-2.153477398678660393e-03 4.093530122190713882e-03
3.629249632358551025e-01 -1.769861578941345215e-01
-3.172461092472076416e-01 2.847816944122314453e-01
8.218930661678314209e-02 -4.616110026836395264e-02
-1.716116964817047119e-01 2.668959796428680420e-01
2.461379468441009521e-01 -4.104308187961578369e-01
-3.255966901779174805e-01 3.969732522964477539e-01
1.854767054319381714e-01 -1.212842464447021484e-01
-2.965068519115447998e-01 3.610948324203491211e-01
3.759839534759521484e-01 -2.266095578670501709e-01
-2.817758619785308838e-01 2.600209712982177734e-01
2.002884745597839355e-01 -6.943442672491073608e-02
2.933939993381500244e-01 -2.479902654886245728e-01
-1.683899909257888794e-01 1.706469208002090454e-01
-3.008641004562377930e-01 3.634023666381835938e-01
9.326468408107757568e-02 -2.459236532449722290e-01
1.552652716636657715e-01 -3.873362541198730469e-01
1.285158693790435791e-01 -2.755305767059326172e-01
-3.006722629070281982e-01 4.092970490455627441e-01
-1.758230328559875488e-01 3.619910478591918945e-01
-1.211520507931709290e-01 8.437469601631164551e-02
-1.675871387124061584e-02 7.169488072395324707e-02
2.276516109704971313e-01 -3.761073052883148193e-01
-3.070438504219055176e-01 5.106319785118103027e-01
-1.393240690231323242e-01 1.737410128116607666e-01
-4.109022021293640137e-01 3.006771504878997803e-01
2.973713874816894531e-01 -3.201609253883361816e-01
2.540110647678375244e-01 -3.728302121162414551e-01
3.391957283020019531e-01 -2.120553851127624512e-01
3.719319403171539307e-01 -2.437777221202850342e-01
4.399591982364654541e-01 -3.974021077156066895e-01
-3.053175806999206543e-01 4.035423696041107178e-01
-1.629258394241333008e-01 1.052184998989105225e-01
-1.227251291275024414e-01 2.063631117343902588e-01
-7.484591007232666016e-02 -4.786676540970802307e-02
4.106126725673675537e-02 1.049274392426013947e-02
3.934877812862396240e-01 -3.787827491760253906e-01
-1.515267044305801392e-01 -1.529911458492279053e-01
2.023810744285583496e-01 2.499270951375365257e-03
1.128714531660079956e-01 -3.577044606208801270e-01
-2.528730332851409912e-01 2.798050642013549805e-01
2.783613204956054688e-01 -1.753184050321578979e-01
2.160626649856567383e-02 1.567156426608562469e-02
1.707187145948410034e-01 -1.797201633453369141e-01
3.163570463657379150e-01 -2.735819220542907715e-01
-1.946927309036254883e-01 3.537281155586242676e-01
-2.461138218641281128e-01 3.160158693790435791e-01
2.498567402362823486e-01 -1.627933233976364136e-01
3.276812285184860229e-02 -8.768679201602935791e-02
-1.884491890668869019e-01 6.544288992881774902e-02
-1.147559136152267456e-01 1.583319753408432007e-01
-1.712783724069595337e-01 1.455795764923095703e-01
-3.604814708232879639e-01 2.853648960590362549e-01
3.337843120098114014e-01 -2.844037115573883057e-01
2.004605680704116821e-01 -2.428358048200607300e-01
-3.873546719551086426e-01 4.528426229953765869e-01
-8.770484477281570435e-02 4.032519645988941193e-03
2.948911115527153015e-02 1.517277806997299194e-01
9.093976765871047974e-02 -1.585416495800018311e-01
9.747847914695739746e-03 1.128622889518737793e-01
1.188271269202232361e-01 4.503531754016876221e-02
-3.596355020999908447e-02 2.269137054681777954e-01
2.188983112573623657e-01 -4.331881925463676453e-02
-3.760279417037963867e-01 2.098929584026336670e-01
1.662037968635559082e-01 -2.768126130104064941e-01
9.441585093736648560e-02 -1.255661994218826294e-01
7.474868907593190670e-04 -1.533760577440261841e-01
1.422484312206506729e-02 9.744083136320114136e-02
-1.928004324436187744e-01 3.381635621190071106e-02
-2.738275825977325439e-01 -5.802853405475616455e-02
-2.979500293731689453e-01 -1.187245175242424011e-02
3.053839318454265594e-02 -7.846847176551818848e-02
4.284954443573951721e-02 -7.572665810585021973e-02
-9.645622223615646362e-02 1.530921012163162231e-01
-1.076795607805252075e-01 2.059940844774246216e-01
1.475311666727066040e-01 -9.883646667003631592e-02
3.106805384159088135e-01 -1.436890065670013428e-01
6.256958004087209702e-03 3.019624352455139160e-01
-1.745746880769729614e-01 2.076465338468551636e-01
1.338516473770141602e-01 3.092750534415245056e-02
1.018966436386108398e-01 -2.060998976230621338e-01
1.144377961754798889e-01 -5.706908553838729858e-02
-9.596384316682815552e-02 2.134913206100463867e-01
2.525261789560317993e-02 2.043343186378479004e-01
-1.606697402894496918e-02 -6.338515877723693848e-02
6.194793805480003357e-02 -1.341709643602371216e-01
2.328259311616420746e-02 -2.070361226797103882e-01
1.434873938560485840e-01 -1.310833990573883057e-01
4.510298743844032288e-02 -1.578720510005950928e-01
1.081314980983734131e-01 -1.920571625232696533e-01
1.471554785966873169e-01 -1.326352655887603760e-01
1.658177673816680908e-01 -2.360854595899581909e-01
9.083155542612075806e-02 -1.164550930261611938e-01
-2.176517434418201447e-02 -1.443019658327102661e-01
-2.324565201997756958e-01 1.897761672735214233e-01
-2.344957292079925537e-01 1.636833101511001587e-01
1.873808652162551880e-01 -9.419689886271953583e-03
-1.936212033033370972e-01 1.355538666248321533e-01
9.912910312414169312e-02 -1.643767654895782471e-01
-1.293477322906255722e-02 1.262830793857574463e-01
1.741377711296081543e-01 -2.485829144716262817e-01
-1.312428861856460571e-01 -2.506349701434373856e-03
1.045794636011123657e-01 -1.270506083965301514e-01
1.211910173296928406e-01 -2.959726154804229736e-01
-3.532527983188629150e-01 1.456733793020248413e-01
2.349516898393630981e-01 -6.121805682778358459e-02
1.642824113368988037e-01 -3.606565594673156738e-01
-7.829985022544860840e-02 1.191701889038085938e-01
2.368889600038528442e-01 -2.394353598356246948e-01
-2.566431164741516113e-01 1.167212799191474915e-01
2.541405260562896729e-01 -2.536499500274658203e-01
-5.968101322650909424e-02 -4.641149565577507019e-02
6.044256314635276794e-02 1.221718862652778625e-01
4.630130901932716370e-02 -1.735703498125076294e-01
-1.389449089765548706e-01 -6.949143111705780029e-02
1.076847612857818604e-01 -1.455506235361099243e-01
-1.264618784189224243e-01 1.115220189094543457e-01
3.071318268775939941e-01 -1.574658304452896118e-01
-1.422698050737380981e-01 2.715543210506439209e-01
-3.276023566722869873e-01 1.101960241794586182e-01
3.712188685312867165e-03 1.156976744532585144e-01
-1.080051809549331665e-01 3.674606606364250183e-02
-9.856553375720977783e-02 -5.685031414031982422e-02
-2.174956724047660828e-02 4.528296366333961487e-02
-1.567552536725997925e-01 2.785354256629943848e-01
-1.428305655717849731e-01 1.192234158515930176e-01
1.255261301994323730e-01 -1.563051789999008179e-01
1.519806534051895142e-01 2.118731616064906120e-03
2.009985782206058502e-02 -5.905932933092117310e-02
-2.815512418746948242e-01 2.855594456195831299e-01
5.743516981601715088e-02 1.366348862648010254e-01
-2.016548765823245049e-03 7.821799069643020630e-02
2.611273713409900665e-02 -1.881156675517559052e-02
-6.013866513967514038e-04 3.635640442371368408e-02
-9.860803186893463135e-02 -2.719927579164505005e-02
2.001252211630344391e-02 -7.672747131437063217e-03
-1.894844919443130493e-01 1.638461053371429443e-01
-6.044414266943931580e-02 1.152437478303909302e-01
-1.327478676103055477e-03 -1.463794708251953125e-01
2.785169892013072968e-02 -9.398220479488372803e-02
-1.272810399532318115e-01 2.821935713291168213e-02
-2.005649209022521973e-01 3.645741939544677734e-02
-2.782326936721801758e-02 2.576010823249816895e-01
-1.042500659823417664e-01 5.017787218093872070e-02
2.476532757282257080e-01 -3.393945470452308655e-02
-9.128064662218093872e-02 -1.221217438578605652e-01
-8.198741823434829712e-02 1.202792003750801086e-01
-2.748557329177856445e-01 7.439465075731277466e-02
-2.732378989458084106e-02 3.387213125824928284e-02
-2.362604252994060516e-02 -7.803797721862792969e-02
1.487720608711242676e-01 -1.165603995323181152e-01
1.345811635255813599e-01 -9.027741849422454834e-02
-2.236108481884002686e-02 -9.929256141185760498e-02
1.845601350069046021e-01 -6.264993548393249512e-02
1.000932902097702026e-01 4.433601722121238708e-02
5.553463846445083618e-02 -7.487000524997711182e-02
6.547797471284866333e-02 7.137041538953781128e-02
2.535168528556823730e-01 -1.830901354551315308e-01
-2.290918380022048950e-01 4.019465744495391846e-01
-8.751551061868667603e-02 -2.056183665990829468e-02
1.255286186933517456e-01 -1.032164543867111206e-01
-4.829969257116317749e-02 5.736376345157623291e-02
2.216309756040573120e-01 -9.121138602495193481e-02
-1.801963336765766144e-02 -1.197229772806167603e-01
-1.580050401389598846e-02 -1.220424845814704895e-02
1.337048318237066269e-02 -3.083383738994598389e-01
1.393567491322755814e-02 -1.664692014455795288e-01
3.546291887760162354e-01 -2.495943456888198853e-01
1.678976416587829590e-01 -1.813199222087860107e-01
9.639568626880645752e-03 -1.030194386839866638e-01
-1.720366328954696655e-01 2.343101799488067627e-01
5.118330568075180054e-02 -1.803111582994461060e-01
-2.983372844755649567e-02 1.394191980361938477e-01
9.536034613847732544e-02 -2.372600510716438293e-02
3.049293160438537598e-01 -1.560671627521514893e-01
-2.433994971215724945e-02 1.132120639085769653e-01
1.281009912490844727e-01 -1.480324417352676392e-01
-1.533149392344057560e-03 5.164454504847526550e-02
-1.173804793506860733e-02 9.438688308000564575e-02
9.976475685834884644e-02 -2.673562169075012207e-01
-2.170988917350769043e-01 2.302166372537612915e-01
7.871706038713455200e-02 -1.544467061758041382e-01
4.536298662424087524e-02 -4.368609189987182617e-02
2.554253675043582916e-02 -2.095093019306659698e-02
