1.477425396442413330e-01 -1.805516034364700317e-01
4.091253876686096191e-01 -3.258917033672332764e-01
-3.381443321704864502e-01 4.409042000770568848e-01
2.807809710502624512e-01 -2.213990986347198486e-01
-4.728808104991912842e-01 4.794681966304779053e-01
-3.041299432516098022e-02 2.146886736154556274e-01
-4.177363216876983643e-02 -1.426102221012115479e-02
-2.130165398120880127e-01 6.912782788276672363e-02
3.293684124946594238e-01 -3.900288343429565430e-01
-2.120024114847183228e-01 2.424897700548171997e-01
-9.911045432090759277e-03 4.774273559451103210e-02
-2.515651285648345947e-01 7.416722178459167480e-02
-9.216165542602539062e-02 -6.395977735519409180e-02
-1.234084833413362503e-02 1.376292854547500610e-01
-1.256217062473297119e-01 1.395085602998733521e-01
1.319926977157592773e-01 -1.253010183572769165e-01
9.039939939975738525e-02 -2.753661759197711945e-02
2.797591388225555420e-01 -4.253767728805541992e-01
2.827916741371154785e-01 -1.810423135757446289e-01
5.106836929917335510e-02 -1.657477468252182007e-01
2.735615707933902740e-02 3.656180948019027710e-02
-1.349775940179824829e-01 9.653913974761962891e-02
2.549497485160827637e-01 -1.475831717252731323e-01
-2.229612916707992554e-01 -6.683510541915893555e-02
-2.350182682275772095e-01 2.265311479568481445e-01
-3.333497643470764160e-01 4.171472787857055664e-01
3.208711147308349609e-01 -3.554720580577850342e-01
1.074964925646781921e-01 4.710702970623970032e-02
-3.777608647942543030e-02 1.332768201828002930e-01
-3.113091588020324707e-01 3.677304089069366455e-01
3.100335299968719482e-01 -2.658438384532928467e-01
-5.624242499470710754e-02 -9.745083661982789636e-05
-1.434233225882053375e-02 1.285489201545715332e-01
2.695660889148712158e-01 -2.728542983531951904e-01
-2.617402672767639160e-01 4.026185870170593262e-01
5.904196575284004211e-02 -3.209303319454193115e-02
-2.643026784062385559e-02 -2.568483352661132812e-01
-3.528917431831359863e-01 3.883881568908691406e-01
2.447895556688308716e-01 -2.213473170995712280e-01
3.373607248067855835e-02 1.406985521316528320e-01
-8.735284954309463501e-02 1.955648660659790039e-01
-1.534855365753173828e-01 1.360861659049987793e-01
-1.608336418867111206e-01 2.022667974233627319e-01
-4.782577455043792725e-01 3.944342136383056641e-01
-1.454335600137710571e-01 4.003562405705451965e-02
-4.880450963973999023e-01 4.447051286697387695e-01
9.742752462625503540e-02 2.103440463542938232e-03
-2.398595660924911499e-01 2.520021200180053711e-01
-1.497752591967582703e-02 1.062744483351707458e-01
-1.591532379388809204e-01 1.870415210723876953e-01
2.064259052276611328e-01 -9.789599478244781494e-02
-2.675771340727806091e-02 3.558964235708117485e-03
-3.653300460427999496e-03 -3.676396608352661133e-02
-4.348259866237640381e-01 1.425891667604446411e-01
-2.428271621465682983e-01 8.167365938425064087e-02
4.717505872249603271e-01 -2.720612585544586182e-01
2.376170307397842407e-01 -3.405801653861999512e-01
-5.614767074584960938e-01 3.597355782985687256e-01
2.733511328697204590e-01 -2.673247158527374268e-01
9.733820706605911255e-02 -1.670860648155212402e-01
-2.824085354804992676e-01 1.325316131114959717e-01
3.180970251560211182e-01 -2.448171079158782959e-01
1.996013969182968140e-01 -1.439254432916641235e-01
4.061402752995491028e-02 -8.377301692962646484e-02
1.642998866736888885e-02 2.060588635504245758e-02
5.508645176887512207e-01 -6.609421372413635254e-01
-1.518533676862716675e-01 2.762258946895599365e-01
-1.703894697129726410e-02 3.891130036208778620e-04
-2.023427486419677734e-01 1.729813516139984131e-01
-5.310593247413635254e-01 4.377337694168090820e-01
-5.391452927142381668e-03 3.618048131465911865e-02
-2.714990265667438507e-02 -1.978126317262649536e-01
4.506272673606872559e-01 -4.150489568710327148e-01
-5.337768420577049255e-02 6.709237396717071533e-02
1.180910468101501465e-01 8.588650822639465332e-02
-2.654659450054168701e-01 1.923045963048934937e-01
-1.665614545345306396e-01 2.686722576618194580e-01
-4.115142524242401123e-01 4.134109914302825928e-01
1.181874517351388931e-02 6.645809393376111984e-03
-3.239507377147674561e-01 2.954611182212829590e-01
3.999145328998565674e-02 3.583088144659996033e-02
1.787345111370086670e-01 -3.391160964965820312e-01
-2.149012871086597443e-02 -2.318543940782546997e-02
2.477733343839645386e-01 -2.904196381568908691e-01
-1.600308418273925781e-01 1.377737224102020264e-01
1.609694510698318481e-01 -3.734703361988067627e-01
3.647032976150512695e-01 -2.040941715240478516e-01
-2.656922303140163422e-02 -1.884588152170181274e-01
-1.662141084671020508e-01 1.131815016269683838e-01
3.392329066991806030e-02 1.560143101960420609e-02
-1.258990615606307983e-01 -7.892905175685882568e-02
1.999222934246063232e-01 -3.077057898044586182e-01
-1.274676411412656307e-03 -3.703391179442405701e-02
3.411580026149749756e-01 -7.291964441537857056e-02
3.348203301429748535e-01 -2.503159642219543457e-01
-1.578342914581298828e-01 -3.431174159049987793e-02
6.495604664087295532e-02 1.100843995809555054e-01
1.011071130633354187e-01 -1.028634980320930481e-01
9.612381458282470703e-03 1.612592786550521851e-01
7.512193173170089722e-02 1.376463174819946289e-01
-3.272406160831451416e-01 2.342569679021835327e-01
2.759262323379516602e-01 -6.053440645337104797e-02
2.268989980220794678e-01 -1.071273684501647949e-01
9.948484599590301514e-02 -6.458234041929244995e-02
-1.809525117278099060e-02 -3.962621465325355530e-02
-3.641141951084136963e-01 3.042377829551696777e-01
1.441072523593902588e-01 -1.456734538078308105e-01
-2.229075282812118530e-01 3.924539089202880859e-01
4.639455303549766541e-02 2.137891948223114014e-02
-4.464245140552520752e-01 4.420663416385650635e-01
1.750390790402889252e-02 -1.360113173723220825e-01
-3.960253894329071045e-01 1.426134109497070312e-01
-2.211578637361526489e-01 4.306296408176422119e-01
9.497673250734806061e-03 -6.966675072908401489e-02
-2.309922501444816589e-02 9.890750795602798462e-02
-3.513221740722656250e-01 2.951609194278717041e-01
1.889310963451862335e-02 1.292900741100311279e-01
-3.586838841438293457e-01 4.300916194915771484e-01
-2.037291526794433594e-01 3.557435274124145508e-01
2.722956240177154541e-01 -2.212783396244049072e-01
-1.070396378636360168e-01 1.496698707342147827e-02
-5.398878455162048340e-01 5.203266143798828125e-01
8.316550403833389282e-02 4.180100187659263611e-02
-2.034282982349395752e-01 2.524349391460418701e-01
4.790528118610382080e-01 -2.799647748470306396e-01
-1.717863790690898895e-02 8.548814803361892700e-03
6.019982695579528809e-02 -1.352614611387252808e-01
-1.476849168539047241e-01 8.335411548614501953e-02
6.527959704399108887e-01 -5.438462495803833008e-01
1.929494738578796387e-01 -4.001399576663970947e-01
-2.220158576965332031e-01 3.053300678730010986e-01
1.296766996383666992e-01 -9.343111515045166016e-02
1.144197210669517517e-01 -1.090223491191864014e-01
2.498267777264118195e-02 -1.810952275991439819e-01
2.353443503379821777e-01 -7.341321092098951340e-03
-7.125217914581298828e-01 7.239834070205688477e-01
-2.103184908628463745e-01 3.447079658508300781e-01
5.033897161483764648e-01 -5.962164402008056641e-01
-7.133148312568664551e-01 4.899311959743499756e-01
3.337966799736022949e-01 -3.014628887176513672e-01
4.240361750125885010e-01 -4.254986047744750977e-01
-1.389561891555786133e-01 2.118120193481445312e-01
-3.856081664562225342e-01 4.574876129627227783e-01
2.911573350429534912e-01 -3.222452104091644287e-01
2.983903288841247559e-01 -3.818101584911346436e-01
5.767780542373657227e-02 -1.588093042373657227e-01
-5.832256078720092773e-01 4.555350244045257568e-01
-4.422688484191894531e-01 4.467727839946746826e-01
2.301351130008697510e-01 -1.986106038093566895e-01
1.294840872287750244e-01 -7.994798012077808380e-03
-6.023564934730529785e-01 7.198052406311035156e-01
2.799676060676574707e-01 -3.510679602622985840e-01
5.566643476486206055e-01 -4.279668927192687988e-01
2.109379917383193970e-01 -1.542803049087524414e-01
-4.205970764160156250e-01 5.733054280281066895e-01
-4.088436067104339600e-01 4.120752513408660889e-01
-2.666707336902618408e-01 2.719898521900177002e-01
2.964253425598144531e-01 -3.496826887130737305e-01
3.819329738616943359e-01 -1.891074031591415405e-01
-2.819228768348693848e-01 2.432951629161834717e-01
-4.512465298175811768e-01 5.611562132835388184e-01
2.270942330360412598e-01 -1.802647486329078674e-02
-4.378528892993927002e-01 5.630347132682800293e-01
1.106698513031005859e-01 -8.561044186353683472e-02
2.552601397037506104e-01 -2.874019145965576172e-01
-7.965632528066635132e-02 1.030897423624992371e-01
2.036983221769332886e-01 -4.260230958461761475e-01
-3.487149178981781006e-01 4.709851145744323730e-01
-4.337739050388336182e-01 5.166475176811218262e-01
-3.805036246776580811e-01 4.837177097797393799e-01
9.556992352008819580e-02 -2.291340082883834839e-01
-3.293085992336273193e-01 1.319065988063812256e-01
1.325672119855880737e-01 -8.763335645198822021e-02
-1.533907055854797363e-01 4.455009475350379944e-02
3.650382459163665771e-01 -2.132745534181594849e-01
-1.964307725429534912e-01 1.422825455665588379e-01
3.387009203433990479e-01 -3.849559724330902100e-01
-6.468944549560546875e-01 6.507416367530822754e-01
8.333745002746582031e-01 -6.455783843994140625e-01
6.721472740173339844e-01 -4.903884232044219971e-01
-5.337960124015808105e-01 4.273069500923156738e-01
-2.043402940034866333e-01 9.798808395862579346e-02
3.162219524383544922e-01 -3.108343780040740967e-01
-2.106803804636001587e-01 1.533947587013244629e-01
8.741542696952819824e-02 8.818222582340240479e-02
-4.871833920478820801e-01 3.941788971424102783e-01
-5.856357887387275696e-02 -1.145079266279935837e-02
-3.864144682884216309e-01 2.545308768749237061e-01
-4.329228103160858154e-01 4.008688032627105713e-01
6.161270290613174438e-02 1.310619413852691650e-01
1.704279333353042603e-01 -1.392105221748352051e-01
2.884494364261627197e-01 -4.332569241523742676e-01
2.302307635545730591e-01 -9.465667605400085449e-02
-1.705890744924545288e-01 -7.759775221347808838e-02
-1.321923732757568359e-01 1.296104937791824341e-01
9.262004494667053223e-02 -1.128688976168632507e-01
7.978620380163192749e-02 -4.114560037851333618e-02
-1.806692928075790405e-01 2.256931513547897339e-01
8.108270913362503052e-02 8.824314177036285400e-02
4.740325808525085449e-01 -3.622734844684600830e-01
-2.169428467750549316e-01 7.859461009502410889e-02
-1.637437492609024048e-01 8.058681152760982513e-03
-3.096085786819458008e-01 2.670424580574035645e-01
-1.309503167867660522e-01 1.209344640374183655e-01
3.907803893089294434e-01 -1.986512541770935059e-01
-2.151522971689701080e-02 2.146599292755126953e-01
-1.233203858137130737e-01 9.730834513902664185e-02
1.873658448457717896e-01 2.625235542654991150e-02
3.163565695285797119e-02 9.043965488672256470e-03
-2.006854116916656494e-01 8.433963358402252197e-02
-1.940699815750122070e-01 1.710542738437652588e-01
-2.196489423513412476e-01 1.174605861306190491e-01
2.726490795612335205e-01 -2.566112875938415527e-01
9.394565224647521973e-02 -9.536302834749221802e-02
-7.205317169427871704e-02 4.660007730126380920e-02
3.119839541614055634e-02 -1.233483385294675827e-02
-7.731667906045913696e-02 1.375185791403055191e-02
2.690097317099571228e-02 -1.618816256523132324e-01
4.642153903841972351e-02 9.785599261522293091e-02
-4.624594151973724365e-01 2.442759722471237183e-01
1.386431753635406494e-01 -1.096887737512588501e-01
-2.019706964492797852e-01 3.976925089955329895e-02
1.915360987186431885e-01 -1.583659052848815918e-01
-1.698804050683975220e-01 2.103646695613861084e-01
-1.785694360733032227e-01 2.326317429542541504e-01
1.828226596117019653e-01 -7.503277063369750977e-02
8.264350146055221558e-02 -1.801488399505615234e-01
1.924626827239990234e-01 -1.716725528240203857e-01
-1.115302462130784988e-02 9.226752072572708130e-02
-7.123384624719619751e-02 4.355019927024841309e-01
-8.958330750465393066e-02 1.242483500391244888e-02
-2.569127827882766724e-02 2.190216928720474243e-01
-1.427602469921112061e-01 6.598374247550964355e-02
1.313245203346014023e-02 1.494475603103637695e-01
-3.763276338577270508e-01 2.331001907587051392e-01
-2.342479974031448364e-01 2.249780446290969849e-01
-1.426850855350494385e-01 1.211337093263864517e-02
-2.563455998897552490e-01 2.122048288583755493e-02
-6.214481219649314880e-02 6.701795011758804321e-02
1.038604751229286194e-01 -1.527610272169113159e-01
-5.304133147001266479e-02 -5.080395843833684921e-03
-2.710628509521484375e-01 2.027853131294250488e-01
1.205810979008674622e-01 -5.182148143649101257e-02
3.188966959714889526e-02 3.056873939931392670e-02
3.818259388208389282e-02 1.673015207052230835e-01
-2.850975990295410156e-01 4.822348058223724365e-01
-5.530311539769172668e-02 -1.118420585989952087e-01
-3.868668526411056519e-02 4.694638773798942566e-02
1.393542289733886719e-01 -2.490049451589584351e-01
-2.175066433846950531e-02 8.329138904809951782e-02
-7.758296281099319458e-02 -1.741758547723293304e-02
-1.373818982392549515e-02 -7.745432108640670776e-02
-1.288592517375946045e-01 -5.605574324727058411e-02
6.647565960884094238e-02 -1.802820414304733276e-01
4.598374366760253906e-01 -3.372724950313568115e-01
2.744597196578979492e-01 -2.489335089921951294e-01
