1.540544033050537109e-01 -1.745553165674209595e-01
-4.960729554295539856e-02 3.544205725193023682e-01
2.737260237336158752e-02 2.889804914593696594e-02
-1.928188204765319824e-01 2.050624415278434753e-02
-5.897604301571846008e-02 -5.194366350769996643e-02
2.398741096258163452e-01 -3.221801817417144775e-01
-1.103939581662416458e-02 1.188592538237571716e-01
2.919588983058929443e-01 -2.825041115283966064e-01
1.430816352367401123e-01 -2.410781830549240112e-01
-1.809069365262985229e-01 1.654083877801895142e-01
6.144229695200920105e-02 1.599146127700805664e-01
2.168937027454376221e-01 -1.397055387496948242e-01
2.408642768859863281e-01 -1.081433668732643127e-01
-9.611207991838455200e-02 1.471894383430480957e-01
-2.090386301279067993e-01 2.343132942914962769e-01
-2.093571424484252930e-01 -1.565785706043243408e-02
-3.852642774581909180e-01 3.276607990264892578e-01
-7.406076788902282715e-02 1.334374547004699707e-01
1.402952522039413452e-01 -5.979951471090316772e-02
2.570109963417053223e-01 -2.087554931640625000e-01
-1.322432756423950195e-01 7.665352523326873779e-02
2.230357751250267029e-02 -1.119117811322212219e-01
-1.269473731517791748e-01 2.333731390535831451e-02
9.911113418638706207e-03 2.870625257492065430e-01
-3.749546408653259277e-01 2.727283537387847900e-01
7.164923846721649170e-02 -7.265350222587585449e-02
3.323078155517578125e-01 -1.485951393842697144e-01
-2.854316532611846924e-01 3.359351754188537598e-01
2.821857631206512451e-01 -3.418735265731811523e-01
1.186343580484390259e-01 3.644401207566261292e-02
9.037312865257263184e-02 -1.285042017698287964e-01
2.965660691261291504e-01 -2.341788858175277710e-01
1.101129874587059021e-01 -8.702405542135238647e-02
-8.147609978914260864e-02 1.579329818487167358e-01
-1.689836531877517700e-01 6.641512364149093628e-02
-1.391310840845108032e-01 3.415660858154296875e-01
4.920794069766998291e-01 -3.094124197959899902e-01
-4.676316976547241211e-01 3.851899504661560059e-01
-7.900327444076538086e-02 1.089027598500251770e-01
3.989176452159881592e-01 -2.518733441829681396e-01
-1.522787809371948242e-01 5.416657403111457825e-02
1.451730877161026001e-01 -1.845164895057678223e-01
-4.512162804603576660e-01 4.205562472343444824e-01
-1.762684434652328491e-01 3.068475723266601562e-01
2.075719386339187622e-01 7.720537483692169189e-02
5.191650614142417908e-02 -2.654843926429748535e-01
-9.285408072173595428e-03 8.956147730350494385e-02
2.333050817251205444e-01 -1.383429020643234253e-01
6.637273728847503662e-02 1.849884167313575745e-02
-6.366636604070663452e-02 1.235455498099327087e-01
1.265163123607635498e-01 -1.291768848896026611e-01
-2.274657040834426880e-01 2.001266032457351685e-01
-3.244688808917999268e-01 2.901478111743927002e-01
9.406276792287826538e-02 -4.452320560812950134e-02
4.111851379275321960e-02 -1.035521477460861206e-01
2.366420626640319824e-01 -3.489213585853576660e-01
-2.008956074714660645e-01 1.389893144369125366e-01
-4.356496781110763550e-02 4.242684692144393921e-02
-1.023556292057037354e-01 9.058561921119689941e-02
1.053548529744148254e-01 -1.804216057062149048e-01
-1.988946646451950073e-01 1.646918803453445435e-01
-1.536969691514968872e-01 8.126774430274963379e-02
2.058169804513454437e-02 1.540910750627517700e-01
3.156007826328277588e-01 -3.168148994445800781e-01
-3.075669407844543457e-01 4.300932884216308594e-01
-4.793057963252067566e-02 -7.884132792241871357e-04
-2.764345109462738037e-01 1.922735720872879028e-01
1.869974881410598755e-01 -4.105465114116668701e-02
-6.061432510614395142e-02 1.893712431192398071e-01
-3.782609403133392334e-01 3.872747421264648438e-01
-4.433864653110504150e-01 4.992056190967559814e-01
-7.490552216768264771e-02 1.595871299505233765e-01
5.196967124938964844e-01 -4.540079236030578613e-01
3.609122633934020996e-01 -3.054238855838775635e-01
-2.369156032800674438e-01 3.159701526165008545e-01
-1.685231178998947144e-01 3.454280793666839600e-01
9.212351590394973755e-02 -3.712919354438781738e-01
-5.981505513191223145e-01 5.571771860122680664e-01
-8.516669273376464844e-02 3.596298769116401672e-02
5.338408797979354858e-02 8.531883358955383301e-02
-7.722952961921691895e-01 9.233503341674804688e-01
3.659417629241943359e-01 -4.087675213813781738e-01
9.943920373916625977e-01 -6.832079291343688965e-01
1.059584379196166992e+00 -1.112907052040100098e+00
-5.411374568939208984e-01 5.394106507301330566e-01
3.136598765850067139e-01 -4.019583463668823242e-01
4.298700988292694092e-01 -4.487197697162628174e-01
-5.625725388526916504e-01 4.122753441333770752e-01
-3.508951961994171143e-01 4.741519093513488770e-01
-5.988953635096549988e-02 1.274589449167251587e-01
3.024230003356933594e-01 -2.796549499034881592e-01
4.275607876479625702e-03 9.072166681289672852e-02
4.175360500812530518e-01 -3.107564449310302734e-01
3.795985504984855652e-02 9.063873440027236938e-02
1.006188765168190002e-01 1.009390652179718018e-01
1.139723658561706543e-01 1.435646712779998779e-01
-5.775966122746467590e-02 2.872885204851627350e-03
-8.139563202857971191e-01 9.143687486648559570e-01
-2.897641360759735107e-01 2.520151734352111816e-01
-6.217969059944152832e-01 5.461731553077697754e-01
-4.550497829914093018e-01 4.027875363826751709e-01
-1.182890608906745911e-01 2.733616232872009277e-01
9.442844241857528687e-02 -2.823219895362854004e-01
2.465589046478271484e-01 -2.633104324340820312e-01
4.162076413631439209e-01 -3.961544930934906006e-01
3.827485144138336182e-01 -3.756144344806671143e-01
-4.800415039062500000e-01 4.317596554756164551e-01
-2.685794532299041748e-01 4.398772418498992920e-01
9.004854410886764526e-02 1.291613280773162842e-02
-2.048673480749130249e-01 2.735192179679870605e-01
-1.898760795593261719e-01 -3.645424498245120049e-03
2.816936373710632324e-01 -2.603011429309844971e-01
5.953073501586914062e-01 -6.984594464302062988e-01
2.384275197982788086e-01 -3.559761643409729004e-01
3.112936615943908691e-01 -5.211032032966613770e-01
-1.021831274032592773e+00 1.256822824478149414e+00
-8.701835870742797852e-01 9.447572231292724609e-01
-3.876071050763130188e-02 9.256671369075775146e-02
4.465477764606475830e-01 -5.680819153785705566e-01
1.242689415812492371e-01 -1.072222441434860229e-01
-4.730498045682907104e-02 -9.687239676713943481e-02
2.044736593961715698e-01 3.593052388168871403e-04
2.811668999493122101e-02 -4.921289160847663879e-02
5.455289967358112335e-03 1.818200796842575073e-01
8.074089884757995605e-02 -3.114776127040386200e-02
3.774833381175994873e-01 -3.471167385578155518e-01
-4.350777864456176758e-01 1.912374347448348999e-01
5.288150310516357422e-01 -5.637313127517700195e-01
8.837758302688598633e-01 -6.862627863883972168e-01
2.147774696350097656e-01 -4.752253592014312744e-01
-4.118205308914184570e-01 4.533984363079071045e-01
-5.300605893135070801e-01 5.966764688491821289e-01
2.314267680048942566e-02 6.556204520165920258e-03
2.925823032855987549e-01 -4.195297658443450928e-01
-1.024791598320007324e+00 8.694527745246887207e-01
3.824030756950378418e-01 -4.847929477691650391e-01
-5.192739963531494141e-01 4.155715703964233398e-01
7.256941199302673340e-01 -5.829845070838928223e-01
1.153244376182556152e+00 -1.224876165390014648e+00
2.133798599243164062e+00 -2.161791086196899414e+00
-4.563644230365753174e-01 3.909130394458770752e-01
-1.156958103179931641e+00 8.815279006958007812e-01
7.026645541191101074e-02 -5.336597561836242676e-02
2.693325877189636230e-01 -1.074515506625175476e-01
3.279951810836791992e-01 -2.026530057191848755e-01
1.127413272857666016e+00 -8.601791858673095703e-01
1.546476483345031738e-01 -1.318757142871618271e-02
-1.078602552413940430e+00 1.052379131317138672e+00
-2.379702776670455933e-01 2.392595112323760986e-01
2.715923264622688293e-02 1.612532697618007660e-02
-3.315476477146148682e-01 4.421530067920684814e-01
-3.803903162479400635e-01 3.153493702411651611e-01
-1.338776707649230957e+00 1.283206820487976074e+00
-6.212557554244995117e-01 6.815574169158935547e-01
-2.431041449308395386e-01 8.647517114877700806e-02
-5.684137940406799316e-01 6.118312478065490723e-01
-5.894294381141662598e-01 5.747388601303100586e-01
5.431243777275085449e-01 -4.530233144760131836e-01
-8.759093880653381348e-01 1.009930968284606934e+00
4.767289757728576660e-01 -5.213418602943420410e-01
-8.842619657516479492e-01 8.629683256149291992e-01
1.994921267032623291e-01 -1.572265028953552246e-01
-1.157948255538940430e+00 1.218048214912414551e+00
-2.090487480163574219e-01 2.111240923404693604e-01
8.738213777542114258e-01 -8.253240585327148438e-01
2.006694078445434570e-01 -1.657444834709167480e-01
-4.563454389572143555e-01 5.906662344932556152e-01
1.682559996843338013e-01 -2.879876494407653809e-01
-1.470770835876464844e+00 1.689154744148254395e+00
-9.022291749715805054e-02 1.249108463525772095e-01
1.493437290191650391e+00 -1.371740221977233887e+00
-2.006049156188964844e+00 1.986493229866027832e+00
6.918128579854965210e-02 -2.116700857877731323e-01
6.934005022048950195e-02 -8.752521872520446777e-02
-2.353211045265197754e-01 3.377206623554229736e-01
6.275103092193603516e-01 -6.087035536766052246e-01
1.912313401699066162e-01 -3.607127070426940918e-01
-1.402208805084228516e+00 1.274056911468505859e+00
6.082741022109985352e-01 -8.085162043571472168e-01
3.126216530799865723e-01 -2.822906970977783203e-01
-4.741691052913665771e-01 6.985064148902893066e-01
5.104189515113830566e-01 -8.185125589370727539e-01
6.128562092781066895e-01 -5.760570168495178223e-01
8.950468897819519043e-01 -6.828630566596984863e-01
6.224314682185649872e-03 -1.153914481401443481e-01
6.495177149772644043e-01 -7.021467089653015137e-01
-6.138761639595031738e-01 5.332155823707580566e-01
-8.475569486618041992e-01 7.903565168380737305e-01
-2.608738243579864502e-01 2.161434143781661987e-01
-2.920222878456115723e-01 5.156597495079040527e-01
4.810302555561065674e-01 -4.515925645828247070e-01
1.458533644676208496e+00 -1.340476751327514648e+00
-5.508197005838155746e-03 -1.651283353567123413e-01
3.055211603641510010e-01 -2.411941885948181152e-01
3.722732886672019958e-02 -5.448805168271064758e-02
6.319950520992279053e-02 -3.453840687870979309e-02
-3.407786190509796143e-01 2.184167653322219849e-01
-2.968416810035705566e-01 1.303801536560058594e-01
-9.972085058689117432e-02 -1.266487091779708862e-01
3.110589087009429932e-01 -1.802625656127929688e-01
2.025086432695388794e-01 -1.350522190332412720e-01
1.826796084642410278e-01 -4.031770527362823486e-01
6.830491870641708374e-02 -9.213297814130783081e-02
4.422345757484436035e-01 -5.399188995361328125e-01
2.018577754497528076e-01 -1.785777807235717773e-01
-2.838316261768341064e-01 4.211445450782775879e-01
7.491847872734069824e-02 -3.202929394319653511e-03
1.582188308238983154e-01 1.428599059581756592e-01
4.854453355073928833e-02 5.867470800876617432e-02
2.256196290254592896e-01 -2.451495379209518433e-01
8.791269361972808838e-02 3.967776428908109665e-03
-2.575572393834590912e-02 1.104327365756034851e-01
-4.851995408535003662e-01 4.231762886047363281e-01
1.766707897186279297e-01 9.801053255796432495e-02
-3.399783670902252197e-01 5.501646399497985840e-01
-6.766301393508911133e-01 3.223570585250854492e-01
-2.522919178009033203e-01 1.997863501310348511e-01
-5.229728817939758301e-01 3.985235691070556641e-01
3.971216380596160889e-01 -3.451671302318572998e-01
-3.262062668800354004e-01 1.604798883199691772e-01
2.164777219295501709e-01 -1.936491280794143677e-01
1.226889714598655701e-02 -4.568576440215110779e-02
-3.049861490726470947e-01 4.235743582248687744e-01
8.303303271532058716e-02 -2.699896991252899170e-01
1.167988702654838562e-01 -1.613627821207046509e-01
7.155215740203857422e-02 -1.343539506196975708e-01
-4.009457528591156006e-01 5.752238631248474121e-01
1.710296571254730225e-01 -1.379809230566024780e-01
7.733333110809326172e-02 -2.843713760375976562e-01
-1.935651302337646484e-01 1.659395992755889893e-01
-1.902802288532257080e-01 2.263247221708297729e-01
1.238529905676841736e-01 -7.002115994691848755e-02
-3.716417849063873291e-01 4.238415360450744629e-01
-1.348409242928028107e-02 9.860359877347946167e-02
5.387483239173889160e-01 -3.545210659503936768e-01
-2.304793000221252441e-01 2.387156039476394653e-01
-8.371496945619583130e-02 9.578235447406768799e-02
1.974913328886032104e-01 -2.936903834342956543e-01
8.009269088506698608e-02 2.200281322002410889e-01
3.989635035395622253e-02 -5.217647645622491837e-03
3.320606648921966553e-01 -5.447707176208496094e-01
8.306697756052017212e-02 1.102121472358703613e-01
1.170752942562103271e-01 -2.789474837481975555e-02
2.817779779434204102e-01 -5.535639449954032898e-02
-8.212863206863403320e-01 7.007676362991333008e-01
1.938792914152145386e-01 -9.858506172895431519e-02
-1.345513910055160522e-01 1.091921818442642689e-03
5.783594250679016113e-01 -5.270898342132568359e-01
-3.813143968582153320e-01 3.830139040946960449e-01
4.464078545570373535e-01 -4.110369682312011719e-01
-4.693313539028167725e-01 3.164430260658264160e-01
1.891047321259975433e-02 -1.371294260025024414e-01
-1.210948601365089417e-01 2.247100919485092163e-01
-1.744811087846755981e-01 7.826542109251022339e-02
3.036133646965026855e-01 -3.013882935047149658e-01
4.000636935234069824e-01 -4.963172376155853271e-01
