-3.252266943454742432e-01 3.892699480056762695e-01
4.815060496330261230e-01 -1.461480855941772461e-01
2.872729208320379257e-03 9.407982230186462402e-02
1.961638629436492920e-01 -3.662341237068176270e-01
2.653492987155914307e-01 -2.057125866413116455e-01
-2.176913022994995117e-01 2.044063210487365723e-01
-1.575390249490737915e-01 1.063003838062286377e-01
-2.922223806381225586e-01 5.901469662785530090e-02
-3.576610982418060303e-01 5.557031631469726562e-01
-2.030963003635406494e-01 2.685865163803100586e-01
-4.303549975156784058e-02 7.075583934783935547e-02
8.712149225175380707e-03 1.334356367588043213e-01
-6.426367163658142090e-02 2.153049856424331665e-01
-3.183275833725929260e-02 6.282018870115280151e-02
-8.814497292041778564e-02 -3.664979478344321251e-03
-5.923754721879959106e-02 1.864656247198581696e-02
-2.395073920488357544e-01 3.729179203510284424e-01
3.099372386932373047e-01 -2.429437637329101562e-01
1.837832629680633545e-01 -9.871716611087322235e-04
-2.939434647560119629e-01 2.972336113452911377e-01
-2.224175333976745605e-01 1.601253002882003784e-01
-2.235209047794342041e-01 1.758002340793609619e-01
7.886731624603271484e-02 3.688381239771842957e-02
-6.076948344707489014e-02 1.182873621582984924e-01
3.380323052406311035e-01 -1.832462549209594727e-01
-7.055664062500000000e-02 -2.713849954307079315e-02
2.039498537778854370e-01 -3.482028245925903320e-01
-1.718356162309646606e-01 3.007822930812835693e-01
4.035495221614837646e-01 -1.764991879463195801e-01
-1.035488303750753403e-02 -1.407769173383712769e-01
5.835274234414100647e-02 -1.122095361351966858e-01
-1.312602893449366093e-03 5.501032993197441101e-02
-5.555242672562599182e-02 2.146943211555480957e-01
-5.840252339839935303e-02 1.885645687580108643e-01
3.104493916034698486e-01 -2.915740609169006348e-01
6.457199901342391968e-02 -1.964607089757919312e-01
1.068078447133302689e-02 1.998700499534606934e-01
5.475817620754241943e-02 -1.265031248331069946e-01
1.287441700696945190e-02 -9.487424045801162720e-02
-2.575258612632751465e-01 4.225410521030426025e-02
-2.572021633386611938e-02 6.568327546119689941e-02
-3.504244610667228699e-02 -1.150490045547485352e-01
-1.818446367979049683e-01 1.819625049829483032e-01
-2.201686426997184753e-02 1.489088386297225952e-01
-1.938190124928951263e-02 2.146963402628898621e-02
2.235974371433258057e-01 -2.456075549125671387e-01
-9.980827569961547852e-02 4.391550645232200623e-02
9.842874854803085327e-02 -1.146029233932495117e-01
1.114913728088140488e-02 -1.091083139181137085e-01
-6.877876073122024536e-02 -1.842254996299743652e-01
-1.266271770000457764e-01 8.355975896120071411e-02
2.507402934134006500e-02 3.587115928530693054e-02
-1.006055325269699097e-01 2.215017564594745636e-02
1.338302791118621826e-01 -6.919953972101211548e-02
1.824259944260120392e-02 3.658303990960121155e-02
-1.544667035341262817e-01 3.459177911281585693e-01
1.768635772168636322e-02 -7.577939331531524658e-02
5.645916610956192017e-02 -7.348680496215820312e-02
-3.272084295749664307e-01 3.234519958496093750e-01
6.071561947464942932e-02 5.624688416719436646e-02
-3.295040428638458252e-01 2.280381917953491211e-01
-2.996350638568401337e-02 2.130815088748931885e-01
1.345836222171783447e-01 4.517844691872596741e-02
-2.330126939341425896e-03 -1.513993293046951294e-01
-2.121986299753189087e-01 2.084180116653442383e-01
1.268872469663619995e-01 -1.033152639865875244e-01
3.023758828639984131e-01 -2.977349758148193359e-01
1.254949867725372314e-01 -6.990420073270797729e-02
2.867543101310729980e-01 -2.980159521102905273e-01
2.200571149587631226e-01 -2.740938961505889893e-01
2.454768270254135132e-01 -7.236431539058685303e-02
-1.756443679332733154e-01 5.091306567192077637e-02
-2.827882766723632812e-01 2.289443612098693848e-01
-1.774208545684814453e-01 2.028340548276901245e-01
-3.908786177635192871e-01 3.419760763645172119e-01
2.701142132282257080e-01 -2.283301055431365967e-01
-1.847346723079681396e-01 2.846483886241912842e-01
8.581245690584182739e-02 -1.080336570739746094e-01
-1.303005516529083252e-01 1.933081895112991333e-01
-1.632106751203536987e-01 4.330955445766448975e-01
-3.489093780517578125e-01 4.600302875041961670e-01
-3.409265875816345215e-01 1.869020760059356689e-01
-3.933159634470939636e-02 1.159410402178764343e-01
-2.789552509784698486e-01 4.713971316814422607e-01
2.407567799091339111e-01 -1.934979259967803955e-01
-1.395349670201539993e-02 -3.259895145893096924e-01
-1.119998991489410400e-01 3.056069090962409973e-02
-3.975972905755043030e-02 6.916781514883041382e-02
-1.125206500291824341e-01 -2.663041837513446808e-02
3.519402146339416504e-01 -3.304329514503479004e-01
8.956881612539291382e-02 -1.592438220977783203e-01
1.153034120798110962e-01 -5.775850638747215271e-02
-2.469530887901782990e-02 1.358473021537065506e-02
-8.840339630842208862e-02 3.946949262171983719e-03
4.145733118057250977e-01 -2.661759853363037109e-01
-1.172107011079788208e-01 4.913289472460746765e-02
1.133049279451370239e-01 1.806439310312271118e-01
-4.038786888122558594e-01 3.652921319007873535e-01
2.733939588069915771e-01 -2.808476090431213379e-01
3.264272809028625488e-01 -4.102036058902740479e-01
-2.511704266071319580e-01 2.431028932332992554e-01
3.221025168895721436e-01 -1.357048898935317993e-01
-1.484785322099924088e-02 -1.008901894092559814e-01
-2.661266326904296875e-01 3.469403386116027832e-01
-2.430287301540374756e-01 2.776173949241638184e-01
1.803583800792694092e-01 -3.892964422702789307e-01
-7.263758033514022827e-02 1.009582504630088806e-01
8.861012011766433716e-02 2.245877683162689209e-01
3.962036073207855225e-01 -2.820951342582702637e-01
4.387756288051605225e-01 -3.134089112281799316e-01
3.341007232666015625e-01 -3.037721514701843262e-01
-5.093378201127052307e-02 1.952342502772808075e-02
5.110201239585876465e-01 -2.488649636507034302e-01
2.225762009620666504e-01 -2.689668536186218262e-02
3.769358098506927490e-01 -3.548334836959838867e-01
-3.082526288926601410e-02 1.791319400072097778e-01
3.010608255863189697e-01 -1.034114360809326172e-01
3.651816546916961670e-01 -4.129155576229095459e-01
1.568393595516681671e-02 -5.462716892361640930e-02
-2.507091462612152100e-01 4.100427031517028809e-01
-1.474679857492446899e-01 1.655268669128417969e-01
1.997616142034530640e-01 4.919932782649993896e-02
-4.205360114574432373e-01 3.075917065143585205e-01
-1.298306584358215332e-01 -5.257699638605117798e-02
-1.576041579246520996e-01 3.041105270385742188e-01
4.005742445588111877e-02 6.981055438518524170e-02
2.881488502025604248e-01 -5.169201269745826721e-02
-3.259856719523668289e-03 1.489776372909545898e-01
-2.877421081066131592e-01 3.640174269676208496e-01
5.693604703992605209e-03 -1.113283038139343262e-01
2.893918752670288086e-01 -2.727751135826110840e-01
6.390015035867691040e-02 4.735293984413146973e-02
-1.319598555564880371e-01 -1.404444575309753418e-01
-1.372847110033035278e-01 2.709894068539142609e-02
-3.630527257919311523e-01 4.847622811794281006e-01
1.932753622531890869e-01 -8.466380089521408081e-02
-2.247351855039596558e-01 3.362947106361389160e-01
-1.444336213171482086e-02 5.360411107540130615e-02
-1.193645671010017395e-01 1.737389266490936279e-01
2.216765582561492920e-01 -7.322644814848899841e-03
5.975884199142456055e-02 1.085883900523185730e-01
1.239233687520027161e-01 -1.798274815082550049e-01
8.438453078269958496e-03 -3.954835608601570129e-02
3.631860911846160889e-01 -3.110174238681793213e-01
5.981561169028282166e-02 -1.555144437588751316e-03
1.429775357246398926e-01 -3.161244690418243408e-01
-1.039788648486137390e-01 3.315255641937255859e-01
-3.542423993349075317e-02 4.766194522380828857e-02
-2.624959051609039307e-01 2.748803496360778809e-01
-9.238689392805099487e-02 2.847533226013183594e-01
1.760952472686767578e-01 -9.633315354585647583e-02
3.864560425281524658e-01 -2.606914341449737549e-01
9.761971980333328247e-02 -1.045165807008743286e-01
3.492457568645477295e-01 -2.275904864072799683e-01
-2.368968725204467773e-02 3.531618788838386536e-02
5.118011310696601868e-02 -6.073811650276184082e-02
2.912128567695617676e-01 -1.794723719358444214e-01
-2.026011496782302856e-01 2.859210968017578125e-01
-1.652502715587615967e-01 -6.653945893049240112e-02
-6.592616438865661621e-02 9.274200350046157837e-02
-3.483486175537109375e-01 3.162804245948791504e-01
-1.112982109189033508e-01 1.063791103661060333e-02
1.661117821931838989e-01 -2.222581952810287476e-01
1.581281572580337524e-01 -2.320607751607894897e-01
4.802108556032180786e-02 2.065557986497879028e-01
2.485244274139404297e-01 -9.845500439405441284e-02
-5.079720169305801392e-02 8.358594030141830444e-02
1.013953462243080139e-01 -6.790918111801147461e-02
1.433028727769851685e-01 2.147334162145853043e-03
-8.446052670478820801e-03 -1.338334232568740845e-01
1.680261641740798950e-01 -3.140550851821899414e-01
-3.912481293082237244e-02 -8.769719302654266357e-02
-2.823125943541526794e-02 2.106120288372039795e-01
-1.802948676049709320e-02 3.788501955568790436e-03
3.823058009147644043e-01 -3.427960872650146484e-01
1.715483814477920532e-01 -3.076209425926208496e-01
-1.575902402400970459e-01 3.476852178573608398e-01
-3.151186108589172363e-01 2.481816560029983521e-01
-5.103113055229187012e-01 3.179447054862976074e-01
-8.411382138729095459e-02 -7.635990530252456665e-02
1.616341322660446167e-01 -3.586694896221160889e-01
1.477902978658676147e-01 -5.379386618733406067e-02
5.074663460254669189e-02 1.020876970142126083e-02
1.326191425323486328e-01 -2.596859335899353027e-01
3.453289270401000977e-01 -2.392037659883499146e-01
-1.383880712091922760e-02 -1.194600295275449753e-02
3.653509616851806641e-01 -2.437669783830642700e-01
-1.892048120498657227e-01 -7.672093063592910767e-02
-2.583291828632354736e-01 3.113194704055786133e-01
-1.095809414982795715e-01 1.634413748979568481e-01
-1.872462481260299683e-01 2.086641341447830200e-01
1.868434846401214600e-01 -1.249018907546997070e-01
-1.585059463977813721e-01 8.621264994144439697e-02
2.255198061466217041e-01 -1.991664767265319824e-01
2.464167028665542603e-01 -9.308066964149475098e-02
1.145536601543426514e-01 -1.208177134394645691e-01
-1.603861711919307709e-02 3.815085440874099731e-02
-7.202775776386260986e-02 2.561323940753936768e-01
-2.268749475479125977e-01 5.570884793996810913e-02
-2.032740116119384766e-01 1.261978149414062500e-01
-2.209611684083938599e-01 1.473161578178405762e-01
2.254104316234588623e-01 -2.983688414096832275e-01
-6.027372926473617554e-02 8.743351697921752930e-02
-4.238381609320640564e-02 1.470200866460800171e-01
-1.724215596914291382e-01 5.632874555885791779e-03
1.628571748733520508e-01 -9.995422512292861938e-02
-1.818259656429290771e-01 8.657013624906539917e-02
1.194271147251129150e-01 -1.125755719840526581e-02
-1.572922766208648682e-01 -2.019111998379230499e-02
-4.205246269702911377e-01 9.731519222259521484e-02
6.639817357063293457e-02 -1.392720043659210205e-01
-2.372277434915304184e-03 1.010955963283777237e-02
-2.004354745149612427e-01 2.422571927309036255e-01
-3.475627303123474121e-01 2.480757236480712891e-01
1.913239359855651855e-01 -1.289582401514053345e-01
-1.004795450717210770e-02 3.065221197903156281e-02
9.748666733503341675e-02 -2.903113840147852898e-03
5.240073800086975098e-02 -1.664385497570037842e-01
-1.887176930904388428e-01 1.029540821909904480e-01
2.176349312067031860e-01 -8.497915416955947876e-02
-1.034484207630157471e-01 4.377083852887153625e-02
3.033921681344509125e-02 -8.831825852394104004e-02
-1.514616012573242188e-01 -2.454095333814620972e-02
-7.038710266351699829e-02 1.474172156304121017e-02
-6.848195195198059082e-02 9.399734437465667725e-02
2.396699637174606323e-01 -4.604153931140899658e-01
3.542184531688690186e-01 -3.087427616119384766e-01
1.208810880780220032e-01 -9.122312813997268677e-02
-1.875029802322387695e-01 7.081596553325653076e-02
2.393951639533042908e-03 1.949628591537475586e-01
7.775598764419555664e-02 1.503932178020477295e-01
1.123294979333877563e-01 -5.919299647212028503e-02
1.730136200785636902e-02 -1.641830056905746460e-01
1.067968308925628662e-01 1.128885373473167419e-01
-5.758499726653099060e-02 -4.306166246533393860e-02
1.732378602027893066e-01 -1.016582250595092773e-01
6.977305561304092407e-02 2.246302319690585136e-03
2.826147377490997314e-01 -2.980132102966308594e-01
8.476720750331878662e-02 -1.757011115550994873e-01
-2.588134817779064178e-02 -4.765850678086280823e-02
-5.468827113509178162e-02 -3.367161378264427185e-02
3.801082074642181396e-02 -3.923440352082252502e-02
-2.775980532169342041e-02 -5.847536772489547729e-02
-9.060704708099365234e-02 1.195356547832489014e-01
2.000975906848907471e-01 -2.335298508405685425e-01
-1.220517903566360474e-01 2.503564655780792236e-01
-3.149791657924652100e-01 2.359289675951004028e-01
-2.341649085283279419e-01 1.873424351215362549e-01
-4.170281440019607544e-02 1.242557466030120850e-01
1.088149193674325943e-02 -4.577580839395523071e-02
-4.447801969945430756e-03 2.357071451842784882e-02
1.140502840280532837e-01 -2.313993722200393677e-01
-3.292627036571502686e-01 4.240507781505584717e-01
-3.639285266399383545e-01 2.425110638141632080e-01
7.646559923887252808e-02 -2.896035313606262207e-01
2.789867818355560303e-01 -1.877421438694000244e-01
