8.210689760744571686e-03 2.120556235313415527e-01
3.429090976715087891e-02 4.842862952500581741e-03
1.847454532980918884e-02 2.614425681531429291e-02
1.340841054916381836e-01 -1.773596704006195068e-01
1.980504542589187622e-01 -1.002970188856124878e-01
-2.090217322111129761e-01 7.961212098598480225e-02
-1.472734101116657257e-02 3.570780530571937561e-02
-1.499480605125427246e-01 -6.093942001461982727e-02
2.419565804302692413e-02 2.332794480025768280e-02
7.147613912820816040e-02 -7.082826644182205200e-02
-1.048603802919387817e-01 4.435909539461135864e-02
4.821701720356941223e-02 -5.304238200187683105e-02
-1.142096817493438721e-01 1.184273138642311096e-01
-1.700724214315414429e-01 1.009351611137390137e-01
-1.330087054520845413e-02 5.547078698873519897e-02
8.294316940009593964e-03 -4.749916866421699524e-02
-1.213379651308059692e-01 1.863835901021957397e-01
1.424697935581207275e-01 -5.130632966756820679e-02
-2.729393541812896729e-02 5.477573722600936890e-02
-2.585268951952457428e-02 -2.331250114366412163e-03
-6.435905396938323975e-02 7.065893709659576416e-02
1.512458920478820801e-02 -2.009976953268051147e-01
-1.050091683864593506e-01 3.102724254131317139e-01
1.866939216852188110e-01 -1.204325109720230103e-01
-8.805701136589050293e-02 9.175443649291992188e-02
-1.275828778743743896e-01 2.087328135967254639e-01
4.360987618565559387e-02 5.953241884708404541e-02
-2.329160831868648529e-02 -8.904063701629638672e-02
3.250225782394409180e-01 -9.989028424024581909e-02
-1.524642407894134521e-01 1.741133332252502441e-01
-2.397925853729248047e-01 5.065812170505523682e-02
-1.796730756759643555e-01 1.498904377222061157e-01
-1.066150292754173279e-01 1.499079465866088867e-01
1.359943747520446777e-01 -2.759532928466796875e-01
3.122895956039428711e-01 -5.727964639663696289e-02
8.119557052850723267e-02 -1.312160044908523560e-01
-2.877135574817657471e-02 -1.206946969032287598e-01
1.125034764409065247e-01 1.050750166177749634e-02
-2.128110639750957489e-02 1.527184993028640747e-02
-8.888418227434158325e-02 2.459795325994491577e-01
-1.552510410547256470e-01 1.064667329192161560e-01
-3.547469899058341980e-02 9.365817904472351074e-02
6.541621685028076172e-02 8.317689411342144012e-03
-1.141082420945167542e-01 -3.869205247610807419e-03
2.183714509010314941e-01 5.110124126076698303e-02
-9.750658273696899414e-02 1.773012131452560425e-01
2.457253634929656982e-02 2.698988653719425201e-02
-2.013157680630683899e-02 -6.042878702282905579e-02
-3.286759555339813232e-02 -1.010823100805282593e-01
-1.173109039664268494e-01 1.065871044993400574e-01
5.463754013180732727e-02 2.090427726507186890e-01
-1.320873387157917023e-02 -1.633861809968948364e-01
-5.065304785966873169e-02 9.225838631391525269e-02
-6.381103396415710449e-02 2.041851133108139038e-01
-5.847775191068649292e-02 2.955507487058639526e-02
-1.361092031002044678e-01 1.976317018270492554e-01
-2.951119840145111084e-02 2.197161763906478882e-01
-1.721658930182456970e-02 2.166577801108360291e-02
6.983856111764907837e-02 -2.546321600675582886e-02
9.224341809749603271e-02 -1.708478033542633057e-01
1.397840231657028198e-01 -3.284215694293379784e-03
-2.052057087421417236e-01 1.505459398031234741e-01
3.170685097575187683e-02 4.608641611412167549e-04
6.667735427618026733e-02 -1.281009316444396973e-01
-2.586953714489936829e-02 1.837512105703353882e-01
1.109092384576797485e-01 3.713594749569892883e-02
-7.607255876064300537e-02 6.217697262763977051e-02
1.566337049007415771e-01 -5.920575559139251709e-02
3.273092508316040039e-01 -2.912171781063079834e-01
-1.290906406939029694e-02 -2.506062984466552734e-01
2.382555305957794189e-01 -2.432797551155090332e-01
-5.170995835214853287e-03 -6.207548826932907104e-02
1.110120862722396851e-02 1.206349581480026245e-01
-8.430973440408706665e-02 2.191505162045359612e-03
-1.060391962528228760e-01 1.741591989994049072e-01
-9.364687837660312653e-03 1.549607068300247192e-01
-1.448058038949966431e-01 1.758283376693725586e-01
-1.220687106251716614e-01 3.824144974350929260e-02
-2.323809862136840820e-01 1.408220231533050537e-01
-1.308121979236602783e-01 1.206398829817771912e-01
-1.254807263612747192e-01 1.898866593837738037e-01
-2.489998489618301392e-01 6.476867198944091797e-02
5.818893387913703918e-02 2.451061829924583435e-02
-3.589343726634979248e-01 6.271824240684509277e-02
-9.811701253056526184e-03 -5.907421559095382690e-02
-3.543921932578086853e-02 -1.164389997720718384e-01
1.064837574958801270e-01 -1.517817974090576172e-01
-1.014426723122596741e-01 1.565258800983428955e-01
2.795311212539672852e-01 -2.309041470289230347e-01
-3.418770432472229004e-02 -1.565214991569519043e-01
1.126381829380989075e-01 -9.536847472190856934e-02
6.914161145687103271e-02 -3.302999772131443024e-03
6.394875794649124146e-02 -1.865627020597457886e-01
-9.479751437902450562e-02 9.051125496625900269e-02
2.131880223751068115e-01 -3.468707576394081116e-02
-1.232749074697494507e-01 1.335044354200363159e-01
-1.362891942262649536e-01 -4.035653546452522278e-02
-1.461920142173767090e-01 6.632057577371597290e-02
1.621865034103393555e-01 -2.674131393432617188e-01
6.502888351678848267e-02 -1.641869097948074341e-01
-8.126128464937210083e-02 1.504074782133102417e-01
2.260902523994445801e-01 -3.195836842060089111e-01
2.234740257263183594e-01 -5.726772546768188477e-02
-1.567251682281494141e-01 2.967363893985748291e-01
-8.492377400398254395e-02 2.611307501792907715e-01
-1.958691477775573730e-01 3.225862979888916016e-02
2.444193325936794281e-02 -6.312637776136398315e-02
-1.005608513951301575e-01 5.192513018846511841e-02
9.671805053949356079e-02 -1.725474298000335693e-01
-1.760706491768360138e-02 -1.468420922756195068e-01
6.958074122667312622e-02 -2.818860113620758057e-01
-8.775784634053707123e-03 3.780740499496459961e-02
-1.786559671163558960e-01 1.525218486785888672e-01
2.492275461554527283e-02 1.957797706127166748e-01
-5.555838719010353088e-02 -5.626732483506202698e-02
-9.444109350442886353e-02 2.396665215492248535e-01
3.939784690737724304e-02 -6.490379571914672852e-02
3.429099917411804199e-01 -2.323920130729675293e-01
2.826149761676788330e-01 -1.057502999901771545e-01
-1.855136156082153320e-01 9.341815114021301270e-02
-1.098173484206199646e-01 1.760044693946838379e-01
1.221686676144599915e-01 -5.583422631025314331e-02
1.507931388914585114e-02 -6.597222760319709778e-03
2.435537576675415039e-01 -2.898534238338470459e-01
-1.716009378433227539e-01 -3.360116854310035706e-02
1.271760370582342148e-02 2.740387916564941406e-01
2.140319496393203735e-01 -1.705307960510253906e-01
8.958297967910766602e-02 2.501649260520935059e-01
-1.877195090055465698e-01 -1.255710422992706299e-01
1.869543194770812988e-01 -1.752891987562179565e-01
8.929343894124031067e-03 -1.625063568353652954e-01
-1.322558987885713577e-02 4.092093184590339661e-02
8.058182150125503540e-02 -2.283021993935108185e-02
-5.483711138367652893e-02 1.232113465666770935e-01
-1.647983193397521973e-01 2.137189507484436035e-01
9.755862504243850708e-02 4.993715882301330566e-02
-7.329948991537094116e-02 1.711372658610343933e-02
6.235006824135780334e-02 -2.022642344236373901e-01
-1.963628977537155151e-01 1.051537599414587021e-02
-4.997518379241228104e-03 -4.605829343199729919e-02
-9.900933504104614258e-02 2.354957312345504761e-01
2.210763245820999146e-01 -3.106422722339630127e-01
1.335190236568450928e-01 -1.071892827749252319e-01
2.101874202489852905e-01 -2.557833194732666016e-01
3.833712637424468994e-02 3.486350551247596741e-02
-3.037964925169944763e-02 2.530258707702159882e-02
-4.504955559968948364e-02 1.145285293459892273e-01
-1.819582134485244751e-01 2.478065639734268188e-01
-1.496724784374237061e-01 4.039893299341201782e-02
-1.474413461983203888e-02 -1.805503852665424347e-02
-1.309107393026351929e-01 7.509208470582962036e-02
-6.932208780199289322e-03 8.940609544515609741e-02
1.976978220045566559e-02 -2.554449141025543213e-01
1.026019454002380371e-01 1.790649071335792542e-02
-3.068963885307312012e-01 3.166734874248504639e-01
-1.760732233524322510e-01 1.262684911489486694e-01
2.214050889015197754e-01 -3.460113406181335449e-01
-3.141917586326599121e-01 6.047426536679267883e-02
-3.169823065400123596e-02 9.495691210031509399e-02
-1.718387752771377563e-01 6.903810054063796997e-02
-8.717267215251922607e-02 2.558476924896240234e-01
1.576554775238037109e-02 -1.517428308725357056e-01
1.656325906515121460e-01 -1.075613796710968018e-01
2.671218477189540863e-02 -5.664415284991264343e-02
-1.921904273331165314e-02 -1.063986942172050476e-01
-1.596730053424835205e-01 1.020948961377143860e-02
-1.343203037977218628e-01 2.248703241348266602e-01
3.018544986844062805e-02 -3.579514846205711365e-02
-9.888312220573425293e-02 9.782913327217102051e-02
-8.454564213752746582e-02 -7.139136642217636108e-02
6.416752189397811890e-02 -1.829404681921005249e-01
2.325839847326278687e-01 -1.896785050630569458e-01
-7.876569405198097229e-03 -8.515766821801662445e-03
-1.005971729755401611e-01 -5.575624108314514160e-02
-5.001325625926256180e-03 -2.467740923166275024e-01
-2.153894007205963135e-01 -3.674914315342903137e-02
-1.046773344278335571e-01 3.093761205673217773e-01
7.630639523267745972e-02 2.365292608737945557e-02
9.114160202443599701e-03 9.372650831937789917e-02
-2.596597969532012939e-01 1.218587756156921387e-01
7.743871212005615234e-02 -4.554067179560661316e-02
-2.439360171556472778e-01 -2.811581827700138092e-02
-7.827776670455932617e-02 -2.158696949481964111e-01
-3.720402717590332031e-02 6.031914148479700089e-03
1.599056571722030640e-01 -1.724201887845993042e-01
2.748025394976139069e-02 -2.349767833948135376e-03
1.583196073770523071e-01 -3.106550574302673340e-01
-1.425544470548629761e-01 1.645689606666564941e-01
2.139165066182613373e-02 -1.322337985038757324e-01
-6.328299641609191895e-02 2.128038257360458374e-01
-2.700451314449310303e-01 9.913687407970428467e-02
-2.334478348493576050e-01 1.222989261150360107e-01
1.089934958145022392e-03 2.055462151765823364e-01
2.490669339895248413e-01 -2.876455783843994141e-01
7.714604586362838745e-02 -1.690608412027359009e-01
1.048853844404220581e-01 -8.808983117341995239e-02
2.040025591850280762e-01 -1.751595139503479004e-01
-7.685385644435882568e-02 -1.444618403911590576e-01
1.579977869987487793e-01 -6.566958874464035034e-02
-1.333929747343063354e-01 -3.619673848152160645e-02
1.003227382898330688e-01 7.318308949470520020e-02
-3.520883247256278992e-02 -1.324693560600280762e-01
8.714109659194946289e-02 -7.591059058904647827e-02
-9.105624258518218994e-02 1.218789145350456238e-01
-2.889784276485443115e-01 3.628942966461181641e-01
1.439548004418611526e-02 -1.399276256561279297e-01
-2.181265354156494141e-01 2.694906480610370636e-02
-5.039321631193161011e-02 -3.727189963683485985e-03
-1.633661538362503052e-01 2.821447253227233887e-01
-1.752894371747970581e-01 2.060378044843673706e-01
-1.954156160354614258e-01 1.608996838331222534e-01
-7.450416684150695801e-02 1.619699038565158844e-02
-6.047899648547172546e-02 9.903077781200408936e-02
-1.647249907255172729e-01 2.115146815776824951e-01
1.352327615022659302e-01 -1.359768807888031006e-01
-1.340947300195693970e-01 1.846999526023864746e-01
6.696948781609535217e-03 -1.573642045259475708e-01
1.325319409370422363e-01 4.851053282618522644e-02
8.035538345575332642e-02 -7.356604933738708496e-02
1.621396839618682861e-01 -6.928813457489013672e-02
2.066869735717773438e-01 3.516289219260215759e-02
-4.336268175393342972e-03 -8.991394937038421631e-02
-7.980947196483612061e-02 2.121813595294952393e-01
9.974692016839981079e-02 -4.354046657681465149e-02
-9.290330857038497925e-02 1.897788792848587036e-01
6.497775018215179443e-02 -7.284551113843917847e-02
2.307340055704116821e-01 -1.706991493701934814e-01
4.694484546780586243e-02 -8.377489447593688965e-02
6.955467164516448975e-03 1.290353685617446899e-01
-2.428180426359176636e-01 5.134964361786842346e-02
-1.895965933799743652e-01 6.297907233238220215e-02
-1.122546494007110596e-01 1.816788464784622192e-01
1.031745299696922302e-01 6.459119915962219238e-02
-7.152181118726730347e-02 2.410926856100559235e-02
2.870303988456726074e-01 -9.838093072175979614e-02
-1.849632412195205688e-01 2.938163280487060547e-01
-1.308426707983016968e-01 4.094470292329788208e-02
2.433364093303680420e-01 -1.982647925615310669e-01
2.289264053106307983e-01 -1.767456978559494019e-01
-3.011396825313568115e-01 3.569985330104827881e-01
5.059292912483215332e-02 -4.074943438172340393e-02
-1.417485624551773071e-01 -4.398625716567039490e-02
2.033364474773406982e-01 -2.340869605541229248e-02
2.960511147975921631e-01 -1.623178571462631226e-01
1.698940396308898926e-01 -9.383881092071533203e-02
-1.647807806730270386e-01 1.147635877132415771e-01
-1.312734633684158325e-01 -7.193194329738616943e-02
-3.051142394542694092e-01 9.566262364387512207e-02
1.428627520799636841e-01 -1.072606667876243591e-01
1.711053252220153809e-01 -3.561516478657722473e-02
7.618713378906250000e-02 -4.582406952977180481e-02
-2.649283409118652344e-01 -7.498696912080049515e-03
-3.119969069957733154e-01 1.404109299182891846e-01
-3.413582444190979004e-01 1.840837597846984863e-01
-1.023404151201248169e-01 -5.652951449155807495e-02
-2.390480935573577881e-01 2.372202724218368530e-01
