-2.371074110269546509e-01 1.008504480123519897e-01
6.713203340768814087e-02 9.709548950195312500e-02
2.636295370757579803e-02 1.595036238431930542e-01
3.397180438041687012e-01 -3.310742974281311035e-01
-2.386969476938247681e-01 2.152031660079956055e-01
-1.465219110250473022e-01 5.742770433425903320e-02
-6.019508466124534607e-02 4.768120124936103821e-02
1.109409406781196594e-01 -4.383768513798713684e-02
4.078713059425354004e-02 -6.838285923004150391e-02
-2.280711233615875244e-01 9.568257629871368408e-02
-3.361835479736328125e-01 3.563385009765625000e-01
-8.566807210445404053e-02 1.805486530065536499e-01
5.231465771794319153e-02 1.045783832669258118e-01
-4.922102764248847961e-02 1.870994120836257935e-01
1.617954969406127930e-01 3.729189559817314148e-02
-1.386418342590332031e-01 4.111432135105133057e-01
2.294392287731170654e-01 -1.914085745811462402e-01
-7.416275143623352051e-02 1.453604102134704590e-01
3.536834567785263062e-02 -5.695915967226028442e-02
4.884523898363113403e-02 -1.074718907475471497e-01
-2.888717502355575562e-02 -1.083345264196395874e-01
-6.476712226867675781e-02 -2.209618315100669861e-02
-5.774033814668655396e-02 -1.347603350877761841e-01
-2.003597468137741089e-01 2.488196939229965210e-01
-1.632048189640045166e-01 1.421694606542587280e-01
-4.711616039276123047e-01 3.670119643211364746e-01
8.012483268976211548e-02 -1.551625225692987442e-02
2.424918860197067261e-02 -1.516666114330291748e-01
-1.591379791498184204e-01 1.328777968883514404e-01
-1.870221644639968872e-01 3.702085092663764954e-02
3.026014268398284912e-01 -3.274914920330047607e-01
-8.323515206575393677e-02 1.943650096654891968e-02
1.353752315044403076e-01 -3.899160623550415039e-01
1.503384113311767578e-02 3.199833333492279053e-01
-3.302756845951080322e-01 3.051061332225799561e-01
2.074574232101440430e-01 -4.872822389006614685e-02
-1.678465008735656738e-01 4.323733039200305939e-03
-1.143519952893257141e-01 2.275300323963165283e-01
1.023649796843528748e-01 -2.906767725944519043e-01
2.401881963014602661e-01 -2.758234143257141113e-01
2.645956575870513916e-01 -4.049987196922302246e-01
7.421021163463592529e-02 8.511833730153739452e-04
-1.055380925536155701e-01 -6.810416281223297119e-02
-5.493402108550071716e-02 1.630501598119735718e-01
-6.020645797252655029e-02 -3.295545279979705811e-02
-5.072843655943870544e-02 -3.201210498809814453e-02
-1.662217229604721069e-01 1.841576248407363892e-01
-1.495450288057327271e-01 2.908059023320674896e-02
7.317698746919631958e-02 1.196765303611755371e-01
7.877143472433090210e-02 1.542651802301406860e-01
-1.225497107952833176e-02 2.125493735074996948e-01
-1.188220549374818802e-02 5.775285139679908752e-02
-8.892326802015304565e-02 5.263090506196022034e-02
-1.190374866127967834e-01 7.576015591621398926e-02
4.967050254344940186e-01 -2.908076643943786621e-01
-1.864989101886749268e-01 -6.269721686840057373e-02
7.618905603885650635e-02 -1.620468869805335999e-02
4.893235117197036743e-02 -1.054793000221252441e-01
4.471972957253456116e-02 1.271920371800661087e-02
2.046397179365158081e-01 -2.574321031570434570e-01
-2.798025608062744141e-01 2.959290742874145508e-01
6.574511528015136719e-02 -1.065928712487220764e-01
-2.728090621531009674e-02 -8.922831714153289795e-02
-3.844303488731384277e-01 2.685527205467224121e-01
8.776165544986724854e-02 -1.245958134531974792e-01
3.334023356437683105e-01 -2.750762701034545898e-01
1.617429554462432861e-01 -1.492665559053421021e-01
2.276121973991394043e-01 -4.581528306007385254e-01
9.088705293834209442e-03 4.468987509608268738e-02
3.819221556186676025e-01 -1.965696662664413452e-01
-1.388177089393138885e-02 -7.905684411525726318e-03
-2.451200932264328003e-01 6.120596081018447876e-02
2.218261361122131348e-01 -1.003970429301261902e-01
1.007769629359245300e-01 -3.609909489750862122e-02
-1.581512689590454102e-01 1.109440177679061890e-01
1.047229543328285217e-01 -2.189238816499710083e-01
8.722090721130371094e-02 -1.128267198801040649e-01
2.626158297061920166e-01 -2.726080715656280518e-01
-4.163937270641326904e-01 3.505081832408905029e-01
-2.306807041168212891e-01 2.741314768791198730e-01
1.335396915674209595e-01 -2.361653596162796021e-01
-2.737476229667663574e-01 2.702745795249938965e-01
-1.392450034618377686e-01 2.551371753215789795e-01
-5.450363829731941223e-02 8.009547740221023560e-02
-5.189216136932373047e-01 3.420633673667907715e-01
-2.282850891351699829e-01 1.127758100628852844e-01
1.190640851855278015e-01 -3.274025917053222656e-01
1.824055053293704987e-02 1.290891170501708984e-01
4.400820657610893250e-02 3.754649683833122253e-02
-3.116473555564880371e-01 4.435458779335021973e-01
-2.182852178812026978e-01 3.209810554981231689e-01
-2.815754115581512451e-01 1.290589123964309692e-01
-4.415420889854431152e-01 3.411029279232025146e-01
-3.868723809719085693e-01 2.858304977416992188e-01
5.716696009039878845e-02 -4.600245878100395203e-02
-7.552669197320938110e-02 -6.575173139572143555e-02
2.797074019908905029e-01 -3.476191461086273193e-01
2.649333775043487549e-01 4.992259200662374496e-03
-3.901468813419342041e-01 2.800056338310241699e-01
-2.317977324128150940e-02 -1.421933174133300781e-01
-3.633599877357482910e-01 3.033150732517242432e-01
-3.429336249828338623e-01 2.992251515388488770e-01
3.547917604446411133e-01 -2.848330736160278320e-01
7.152872532606124878e-02 -3.631770983338356018e-02
4.182742536067962646e-01 -2.571063339710235596e-01
6.181268021464347839e-02 -7.910542935132980347e-02
-2.574990093708038330e-01 2.157431542873382568e-01
1.507170945405960083e-01 -3.468534648418426514e-01
3.297004103660583496e-01 -3.429452478885650635e-01
-6.902623176574707031e-02 8.792096376419067383e-02
-2.404778152704238892e-01 3.143242299556732178e-01
-3.283923268318176270e-01 3.281065821647644043e-01
-3.893556594848632812e-01 2.641597390174865723e-01
8.258378505706787109e-02 -5.377930030226707458e-02
3.042255155742168427e-02 -9.142505377531051636e-02
1.835841238498687744e-01 -2.243853658437728882e-01
-1.879403591156005859e-01 2.755552828311920166e-01
-9.534294903278350830e-02 -4.200893454253673553e-03
4.404259920120239258e-01 -4.192928373813629150e-01
-3.040288984775543213e-01 2.920609116554260254e-01
-6.056286394596099854e-02 1.425769031047821045e-01
3.335666358470916748e-01 -2.775409519672393799e-01
-4.651322364807128906e-01 4.225329756736755371e-01
1.392663270235061646e-01 -1.634457707405090332e-01
-4.378288090229034424e-01 1.984696090221405029e-01
2.130168378353118896e-01 -1.785363405942916870e-01
-1.453432738780975342e-01 2.112083733081817627e-01
-3.821765780448913574e-01 4.888450503349304199e-01
-1.153480783104896545e-01 1.359514147043228149e-01
1.832668334245681763e-01 -2.129197865724563599e-01
-7.926347851753234863e-02 -1.184028387069702148e-01
-1.352961063385009766e-01 2.010961771011352539e-01
-5.726184695959091187e-02 -9.068521112203598022e-02
3.331307470798492432e-01 -4.351649582386016846e-01
-7.395931333303451538e-02 7.774093002080917358e-02
1.362780630588531494e-01 -2.966709136962890625e-01
-7.649962604045867920e-02 1.655508577823638916e-01
-1.819336041808128357e-02 -1.580813340842723846e-02
-1.905411779880523682e-01 2.215034663677215576e-01
1.860544830560684204e-01 -2.345566898584365845e-01
3.850000500679016113e-01 -8.903013914823532104e-02
1.249399706721305847e-01 -9.556876495480537415e-03
2.137536415830254555e-03 -1.660102009773254395e-01
-1.451034247875213623e-01 3.423618152737617493e-02
8.311793953180313110e-02 -1.035332009196281433e-01
-3.129468262195587158e-01 3.338921666145324707e-01
-3.377712666988372803e-01 1.921441107988357544e-01
1.376165747642517090e-01 -5.864191800355911255e-02
-3.711863160133361816e-01 3.279234766960144043e-01
5.547334253787994385e-02 -3.214433789253234863e-02
1.216111611574888229e-02 3.163040801882743835e-02
-2.691180706024169922e-01 1.152837574481964111e-01
-2.381947934627532959e-01 2.125417888164520264e-01
-1.763080209493637085e-01 3.106100857257843018e-01
-5.424356460571289062e-02 -1.665377318859100342e-01
-7.476103305816650391e-02 1.201230585575103760e-01
-2.902036309242248535e-01 3.598404824733734131e-01
6.445858627557754517e-02 -1.487657576799392700e-01
-2.526873052120208740e-01 1.775156110525131226e-01
1.998234242200851440e-01 -3.159313797950744629e-01
1.380464583635330200e-01 -2.215498834848403931e-01
-2.158495634794235229e-01 1.211056709289550781e-01
-1.499737352132797241e-01 2.675208747386932373e-01
2.718168683350086212e-02 1.300011128187179565e-01
1.676503866910934448e-01 -1.623843461275100708e-01
-2.020295113325119019e-01 2.687332630157470703e-01
1.528257876634597778e-01 -2.096335887908935547e-01
-9.566468745470046997e-02 8.236388862133026123e-02
4.898471236228942871e-01 -3.076471090316772461e-01
-2.712559401988983154e-01 2.914451658725738525e-01
-3.172527849674224854e-01 3.539902865886688232e-01
3.774187862873077393e-01 -3.910192549228668213e-01
4.071038588881492615e-02 -1.782692968845367432e-01
7.498398423194885254e-02 9.382317773997783661e-03
-9.311128407716751099e-02 7.576409727334976196e-02
-2.231619954109191895e-01 3.263335824012756348e-01
1.368217617273330688e-01 -1.602074801921844482e-01
-9.574004262685775757e-02 -2.128068655729293823e-01
7.795370370149612427e-02 -1.354966759681701660e-01
3.621295094490051270e-02 -1.343944221735000610e-01
-4.271104186773300171e-02 1.275239139795303345e-01
5.926356464624404907e-02 -1.303140888921916485e-03
-6.560692191123962402e-02 -1.154116615653038025e-01
3.170109167695045471e-02 1.234983373433351517e-02
1.819037944078445435e-01 -2.129624970257282257e-02
6.945317983627319336e-02 -1.343798935413360596e-01
3.870314359664916992e-02 8.993521332740783691e-02
1.302697062492370605e-01 -1.455982178449630737e-01
-1.955616474151611328e-01 2.525603473186492920e-01
-6.941347569227218628e-02 -4.508524015545845032e-02
-6.654763221740722656e-02 1.337245106697082520e-01
-7.732471078634262085e-02 1.852238923311233521e-01
-1.649959199130535126e-02 -1.815617829561233521e-01
1.459763385355472565e-02 6.201579049229621887e-02
-5.002956837415695190e-02 9.591789543628692627e-02
1.093970537185668945e-01 -2.073832042515277863e-02
-8.477379381656646729e-02 1.331767439842224121e-01
-2.745246700942516327e-02 -2.561314031481742859e-02
1.496992632746696472e-02 1.044758781790733337e-01
1.907235234975814819e-01 -1.364268958568572998e-01
2.074755579233169556e-01 -9.826855361461639404e-02
3.110422380268573761e-02 -9.381482005119323730e-02
2.339393086731433868e-02 8.704478293657302856e-02
-6.045367568731307983e-02 -1.786588281393051147e-01
1.137551665306091309e-01 -1.852603256702423096e-01
3.527362048625946045e-01 -1.799622327089309692e-01
3.848553448915481567e-02 -9.741515852510929108e-03
-1.008153185248374939e-01 5.186416208744049072e-03
1.416316162794828415e-02 2.000105082988739014e-01
-3.088255524635314941e-01 2.284204959869384766e-02
1.489171534776687622e-01 3.556421771645545959e-02
3.762657567858695984e-02 -4.805300757288932800e-02
2.163940370082855225e-01 -1.094036363065242767e-02
-1.535531431436538696e-01 3.182652294635772705e-01
3.932862356305122375e-02 -4.459773190319538116e-03
-1.517808288335800171e-01 3.827514648437500000e-01
-5.790804326534271240e-02 1.208022981882095337e-01
-1.849169135093688965e-01 4.661011695861816406e-01
-4.755168780684471130e-02 5.359893664717674255e-02
2.172184586524963379e-01 -1.106961816549301147e-01
-1.296357065439224243e-01 2.348285317420959473e-01
-1.175166741013526917e-01 1.124983653426170349e-01
2.635818421840667725e-01 -1.075896993279457092e-01
1.669849008321762085e-01 -2.148381471633911133e-01
4.903366789221763611e-02 -3.070225715637207031e-01
4.960164078511297703e-04 6.484369188547134399e-02
-1.372145861387252808e-01 1.511792689561843872e-01
8.759384043514728546e-03 6.370561569929122925e-02
-2.417419552803039551e-01 2.283319272100925446e-02
-5.169271957129240036e-03 -3.870280086994171143e-02
6.840983778238296509e-02 -8.555243909358978271e-02
1.402377784252166748e-01 5.341858416795730591e-02
1.106504499912261963e-01 -7.229192554950714111e-02
-2.444628179073333740e-01 5.624890327453613281e-02
-3.996225893497467041e-01 1.121163144707679749e-01
3.648290410637855530e-02 3.484206274151802063e-02
1.843444630503654480e-02 -1.687320172786712646e-01
-1.145066041499376297e-02 -2.816226519644260406e-02
-1.385805010795593262e-01 1.515699028968811035e-01
-6.539279967546463013e-02 1.163242608308792114e-01
-1.114394292235374451e-01 3.158599138259887695e-02
-5.491824820637702942e-03 -1.408434212207794189e-01
-1.253538280725479126e-01 1.522835437208414078e-02
2.004340142011642456e-01 -1.108096763491630554e-01
-1.961740702390670776e-01 2.412621490657329559e-02
-8.421450853347778320e-02 -7.173820585012435913e-02
3.540435433387756348e-02 -1.590022891759872437e-01
7.882037758827209473e-02 9.119895100593566895e-02
-1.805312782526016235e-01 7.157556712627410889e-02
-6.485549360513687134e-02 -1.681836098432540894e-01
1.011425554752349854e-01 1.091783959418535233e-02
-7.896307855844497681e-03 -7.980267703533172607e-02
-9.547152370214462280e-02 3.316397219896316528e-02
4.368235543370246887e-02 -2.748387120664119720e-02
-5.960348248481750488e-02 8.559021353721618652e-02
-8.697964251041412354e-02 -5.243010446429252625e-02
