-2.940171211957931519e-02 -9.524393081665039062e-02
5.814952403306961060e-02 -1.382777541875839233e-01
6.626672297716140747e-02 8.720077574253082275e-02
1.331301331520080566e-01 -2.679095230996608734e-02
1.153424680233001709e-01 -6.334734708070755005e-02
3.329477086663246155e-02 -2.368340641260147095e-01
1.386677175760269165e-01 -2.374083250761032104e-01
-2.982853055000305176e-01 3.396253585815429688e-01
1.168182939291000366e-01 -2.400416433811187744e-01
1.220951043069362640e-02 1.553294211626052856e-01
1.340034455060958862e-01 1.635034009814262390e-02
2.102217376232147217e-01 5.815049633383750916e-02
-3.615598976612091064e-01 3.927266001701354980e-01
3.767313957214355469e-01 -4.065409898757934570e-01
2.044852674007415771e-01 -1.734407395124435425e-01
1.527961939573287964e-01 -3.814335167407989502e-02
1.325759142637252808e-01 -1.189581751823425293e-01
-1.090995222330093384e-01 1.144605502486228943e-01
1.288003921508789062e-01 -1.080964356660842896e-01
1.579563915729522705e-01 -1.300785690546035767e-01
-1.097489297389984131e-01 -8.521329611539840698e-02
2.350375801324844360e-02 -1.038428694009780884e-01
1.068424060940742493e-01 5.811668187379837036e-02
-3.579305112361907959e-01 1.863261014223098755e-01
1.948990970849990845e-01 2.041019499301910400e-02
4.576721042394638062e-02 -1.007379144430160522e-01
2.215225845575332642e-01 -3.028183430433273315e-02
1.007320284843444824e-01 -2.089067697525024414e-01
1.151565983891487122e-01 -3.004334308207035065e-02
2.201182097196578979e-01 -3.802613019943237305e-01
-2.477572262287139893e-01 3.981707692146301270e-01
-2.550550699234008789e-01 4.594760239124298096e-01
1.973484158515930176e-01 -1.966825425624847412e-01
-3.019194900989532471e-01 2.827650010585784912e-01
-2.498070001602172852e-01 1.047691553831100464e-01
-1.146861612796783447e-01 8.891556411981582642e-02
3.236460983753204346e-01 -1.480995267629623413e-01
-4.238779544830322266e-01 1.786043643951416016e-01
-1.181350722908973694e-01 2.096667736768722534e-01
1.702013313770294189e-01 6.345585733652114868e-02
-7.806269824504852295e-02 -1.112771406769752502e-01
3.576299548149108887e-02 6.484138220548629761e-02
-3.527379631996154785e-01 4.037999510765075684e-01
-1.966640949249267578e-01 1.142516657710075378e-01
9.186436235904693604e-02 -4.937932640314102173e-02
3.671353757381439209e-01 -4.000835120677947998e-01
-8.752425014972686768e-02 -6.936008483171463013e-02
-9.765182435512542725e-02 9.797393530607223511e-02
1.543511003255844116e-01 -4.396699070930480957e-01
7.240485399961471558e-02 1.023090481758117676e-01
1.732942089438438416e-02 -1.317330747842788696e-01
1.486169099807739258e-01 -3.660775721073150635e-01
3.440100550651550293e-01 -2.195710539817810059e-01
-3.882801830768585205e-01 2.298673391342163086e-01
-1.094909161329269409e-01 -3.783760964870452881e-02
1.807340532541275024e-01 -2.348780632019042969e-01
4.821265339851379395e-01 -4.890583157539367676e-01
3.705662786960601807e-01 -2.793945372104644775e-01
-1.399392336606979370e-01 2.572525143623352051e-01
2.261999696493148804e-01 -3.535313531756401062e-02
1.801848411560058594e-01 -1.257536858320236206e-01
-2.566752433776855469e-01 1.117290854454040527e-01
1.011997833847999573e-02 -1.519766449928283691e-01
-1.536022126674652100e-02 -2.007025480270385742e-01
6.635216623544692993e-02 -1.378731280565261841e-01
1.250127315521240234e+00 -1.354242444038391113e+00
9.041133522987365723e-02 1.225109770894050598e-01
-5.162826776504516602e-01 5.801225304603576660e-01
7.642762064933776855e-01 -4.795525968074798584e-01
-3.701774775981903076e-01 3.161980509757995605e-01
-4.105578958988189697e-01 2.771714329719543457e-01
-4.406143724918365479e-01 4.359962046146392822e-01
9.778339266777038574e-01 -7.407785058021545410e-01
-2.238571345806121826e-01 1.131502389907836914e-01
2.706675529479980469e-01 -2.332974970340728760e-01
8.720104098320007324e-01 -7.984188795089721680e-01
-1.148013234138488770e+00 1.037838816642761230e+00
1.207515835762023926e+00 -1.171634554862976074e+00
6.063868999481201172e-01 -8.440367579460144043e-01
2.056508660316467285e-01 -3.691560924053192139e-01
8.242750763893127441e-01 -6.526128649711608887e-01
-4.010422527790069580e-01 1.915512830018997192e-01
6.963562965393066406e-01 -8.898426890373229980e-01
1.725269854068756104e-01 -1.901340037584304810e-01
-2.933900803327560425e-02 -2.998339943587779999e-02
1.275000452995300293e+00 -1.187567114830017090e+00
1.636200100183486938e-01 -1.115676909685134888e-01
4.362891241908073425e-02 5.240374803543090820e-02
8.327320218086242676e-02 7.451683282852172852e-02
-3.686452209949493408e-01 3.023024499416351318e-01
3.512635231018066406e-01 -3.102751076221466064e-01
-2.854125499725341797e-01 3.464164435863494873e-01
-6.135120987892150879e-01 5.024621486663818359e-01
1.864288151264190674e-01 -7.520642876625061035e-02
-1.615808367729187012e+00 1.619680047035217285e+00
-6.126267910003662109e-01 7.580951452255249023e-01
6.036802530288696289e-01 -4.443231225013732910e-01
-1.374237239360809326e-01 8.699814788997173309e-04
7.937288880348205566e-01 -6.233080029487609863e-01
-1.103073120117187500e+00 9.326209425926208496e-01
3.812662363052368164e-01 -4.908536076545715332e-01
2.510898932814598083e-02 -5.341742560267448425e-02
-2.861081957817077637e-01 3.950520455837249756e-01
4.760923087596893311e-01 -5.275710225105285645e-01
4.847038686275482178e-01 -5.553852319717407227e-01
4.034989699721336365e-02 -1.688357293605804443e-01
-4.132567346096038818e-01 1.822981536388397217e-01
8.757194876670837402e-02 -1.163468137383460999e-01
-1.993177086114883423e-01 1.344138234853744507e-01
5.970610380172729492e-01 -6.508570313453674316e-01
3.986992239952087402e-01 -2.451894730329513550e-01
5.528748035430908203e-01 -7.107941508293151855e-01
2.631815969944000244e-01 -3.869126439094543457e-01
-3.163392841815948486e-01 3.859296143054962158e-01
5.181567743420600891e-02 -1.033059358596801758e-01
2.657435536384582520e-01 -4.338250458240509033e-01
4.312288388609886169e-02 -8.786280453205108643e-02
-4.265056848526000977e-01 4.656487405300140381e-01
4.707243442535400391e-01 -3.728560805320739746e-01
4.917955100536346436e-01 -4.333523213863372803e-01
-4.972468316555023193e-01 4.190083146095275879e-01
1.182078242301940918e+00 -1.124583601951599121e+00
6.549242734909057617e-01 -6.015697121620178223e-01
-7.969019412994384766e-01 6.678016781806945801e-01
-3.015762269496917725e-01 2.970978617668151855e-01
-7.436136603355407715e-01 1.040505647659301758e+00
-3.494063019752502441e-01 3.233134150505065918e-01
-5.417110323905944824e-01 7.283735871315002441e-01
2.422507479786872864e-02 -6.071358453482389450e-03
1.259970903396606445e+00 -1.188691020011901855e+00
-2.176171988248825073e-01 2.188585996627807617e-01
-4.401979744434356689e-01 4.342507719993591309e-01
-2.196804136037826538e-01 1.392192244529724121e-01
-2.274596393108367920e-01 2.185533642768859863e-01
-4.471643269062042236e-01 5.622739344835281372e-02
-4.399054050445556641e-01 4.330270588397979736e-01
1.026867404580116272e-01 -3.756575882434844971e-01
-3.912440538406372070e-01 4.476508498191833496e-01
-3.050756156444549561e-01 2.756560742855072021e-01
6.388236582279205322e-02 -2.813943028450012207e-01
4.665715992450714111e-02 -7.102159410715103149e-02
-1.407321095466613770e-01 7.770658284425735474e-02
8.334887027740478516e-01 -8.072298765182495117e-01
5.008277297019958496e-01 -3.753387629985809326e-01
-9.124473482370376587e-02 5.452089011669158936e-03
-4.681513309478759766e-01 4.475851058959960938e-01
-2.676498591899871826e-01 2.850320339202880859e-01
3.201175332069396973e-01 -5.494634509086608887e-01
4.586658179759979248e-01 -3.681284487247467041e-01
1.010102629661560059e+00 -8.373922109603881836e-01
2.863630354404449463e-01 -3.064181804656982422e-01
3.013183474540710449e-01 -2.940036654472351074e-01
7.855070382356643677e-02 -1.355761885643005371e-01
-7.514309138059616089e-02 2.982994168996810913e-02
3.306271731853485107e-01 -3.148040175437927246e-01
1.815439164638519287e-01 3.513791784644126892e-02
-4.711868762969970703e-01 4.561217427253723145e-01
2.436829656362533569e-01 -5.840321183204650879e-01
-7.992104887962341309e-01 7.779031395912170410e-01
-5.555565357208251953e-01 6.325343251228332520e-01
-8.621550798416137695e-01 9.159325361251831055e-01
1.501576006412506104e-01 -1.904582232236862183e-01
3.846961855888366699e-01 -3.147060275077819824e-01
-3.216726183891296387e-01 1.272487342357635498e-01
9.107909798622131348e-01 -7.067354321479797363e-01
3.184835612773895264e-01 -1.201670840382575989e-01
5.459934845566749573e-02 2.131920605897903442e-01
4.755646586418151855e-01 -5.455146431922912598e-01
5.359972119331359863e-01 -8.297853469848632812e-01
6.073393821716308594e-01 -6.358147859573364258e-01
2.773213386535644531e-01 -1.682016402482986450e-01
-2.786406576633453369e-01 4.266194105148315430e-01
-8.117478489875793457e-01 8.193330764770507812e-01
4.539772868156433105e-01 -2.554287612438201904e-01
2.097187191247940063e-02 -1.202754527330398560e-01
5.870911478996276855e-01 -5.858173370361328125e-01
1.914454251527786255e-01 -1.003520637750625610e-01
-2.239804118871688843e-01 3.992918431758880615e-01
-5.105975866317749023e-01 4.744776487350463867e-01
2.026834785938262939e-01 -1.849139779806137085e-01
-1.001092568039894104e-01 4.243773221969604492e-02
-3.736604750156402588e-01 1.305386722087860107e-01
1.759705841541290283e-01 -4.762355685234069824e-01
1.377672404050827026e-01 -1.696817427873611450e-01
1.076725497841835022e-01 1.005431544035673141e-02
4.131730198860168457e-01 -3.234581649303436279e-01
6.040425598621368408e-02 1.031607463955879211e-01
-3.155925869941711426e-02 -8.954589813947677612e-02
-6.775266528129577637e-01 4.601022601127624512e-01
-1.521162539720535278e-01 2.740789353847503662e-01
-8.122210502624511719e-01 6.706367731094360352e-01
-6.763368248939514160e-01 8.628255128860473633e-01
-8.413748815655708313e-03 5.727367848157882690e-02
1.528398543596267700e-01 -2.708346247673034668e-01
-1.764807701110839844e-01 -3.822042047977447510e-02
-3.515375256538391113e-01 3.462466001510620117e-01
-4.683230444788932800e-02 -2.152769714593887329e-01
-9.430640190839767456e-02 1.044032648205757141e-01
1.541700959205627441e-01 -4.508189857006072998e-02
-8.099676668643951416e-02 2.998281419277191162e-01
-4.871927946805953979e-02 4.673787951469421387e-02
9.288072586059570312e-02 -5.770729854702949524e-02
1.424819417297840118e-02 -1.051285117864608765e-01
-1.228741258382797241e-01 3.513441607356071472e-02
-8.956667035818099976e-02 1.478587836027145386e-01
4.184241965413093567e-02 2.209288626909255981e-02
2.489649653434753418e-01 -2.694810628890991211e-01
1.400216072797775269e-01 -6.105380505323410034e-02
-2.046230621635913849e-02 -1.001152545213699341e-01
-1.552380770444869995e-01 1.167076006531715393e-01
-1.661465875804424286e-02 -4.093465860933065414e-03
1.888035684823989868e-01 -1.026990041136741638e-01
3.577450811862945557e-01 -2.996881604194641113e-01
2.488178610801696777e-01 -2.694063782691955566e-01
-1.261343657970428467e-01 -1.882824301719665527e-02
1.254574060440063477e-01 6.368089467287063599e-02
2.835736870765686035e-01 -2.029979526996612549e-01
3.903757035732269287e-01 -2.032147943973541260e-01
4.274829104542732239e-02 -1.890126466751098633e-01
-1.096828281879425049e-01 -3.848852217197418213e-02
1.666466444730758667e-01 1.256343275308609009e-01
2.331069856882095337e-01 -2.925577163696289062e-01
-1.146837547421455383e-01 3.070500493049621582e-01
-1.427065134048461914e-01 8.082851767539978027e-02
-5.981574300676584244e-03 1.993304789066314697e-01
8.825590834021568298e-03 6.051433831453323364e-02
5.470180138945579529e-02 -1.579478234052658081e-01
-3.228288590908050537e-01 6.828425824642181396e-02
3.063104152679443359e-01 -2.119699567556381226e-01
8.136247843503952026e-02 -1.425713300704956055e-01
-7.352326810359954834e-02 2.285587042570114136e-01
1.328305155038833618e-01 -1.022575721144676208e-01
-8.784928172826766968e-02 -3.845942020416259766e-02
3.156024217605590820e-01 -3.017659187316894531e-01
6.088086590170860291e-02 -2.227448113262653351e-02
3.950215759687125683e-04 -1.187082305550575256e-01
-1.845118403434753418e-01 8.743381500244140625e-02
1.447578370571136475e-01 -3.888922035694122314e-01
-1.665953360497951508e-02 3.089275211095809937e-02
2.536770701408386230e-01 -3.473015129566192627e-02
-1.225471682846546173e-02 5.452473834156990051e-02
-1.305133998394012451e-01 -9.803447127342224121e-02
-7.374903559684753418e-02 1.339606195688247681e-01
2.331105172634124756e-01 -2.008407264947891235e-01
-1.344417184591293335e-01 -4.209758341312408447e-02
-1.887227743864059448e-01 1.542748361825942993e-01
1.324026435613632202e-01 -2.823853306472301483e-02
1.650373786687850952e-01 -1.054705381393432617e-01
1.121863424777984619e-01 -1.976885944604873657e-01
1.063734591007232666e-01 1.495134979486465454e-01
-2.110487669706344604e-01 1.628900468349456787e-01
9.362202137708663940e-02 -2.121239602565765381e-01
6.679262220859527588e-02 1.148651167750358582e-01
2.333394996821880341e-02 -2.157880365848541260e-02
-2.884267270565032959e-01 1.113181635737419128e-01
-2.101472951471805573e-02 -4.784929379820823669e-02
