8.737926930189132690e-02 -1.633116453886032104e-01
7.444182634353637695e-01 -5.526272058486938477e-01
4.627710953354835510e-02 -3.189533203840255737e-02
4.074473679065704346e-01 -4.486966729164123535e-01
3.489457368850708008e-01 -1.397162377834320068e-01
2.093719085678458214e-03 7.174544781446456909e-02
-2.727368175983428955e-01 2.520430684089660645e-01
-4.156847000122070312e-01 4.396106302738189697e-01
-4.515646770596504211e-02 6.728575378656387329e-02
-1.249435842037200928e-01 9.893152117729187012e-02
-2.889506286010146141e-03 -6.720814108848571777e-02
1.779252737760543823e-01 -5.599758401513099670e-02
-3.030128479003906250e-01 3.515082895755767822e-01
-2.653424069285392761e-02 -5.929322540760040283e-02
-2.545878887176513672e-01 4.032062590122222900e-01
3.288612365722656250e-01 -7.118943333625793457e-02
9.559715539216995239e-02 -2.058285772800445557e-01
3.979488313198089600e-01 -3.604097664356231689e-01
8.758082240819931030e-02 -1.046380102634429932e-01
4.951406419277191162e-01 -3.780211508274078369e-01
-2.898762822151184082e-01 5.160126090049743652e-01
2.056490480899810791e-01 -5.470276623964309692e-02
7.296423614025115967e-02 -1.039288565516471863e-01
5.687557458877563477e-01 -5.148978233337402344e-01
1.684528887271881104e-01 -1.666191667318344116e-01
2.955530583858489990e-01 -2.251291424036026001e-01
1.686954312026500702e-02 -1.826102137565612793e-01
6.443358957767486572e-02 -2.629148364067077637e-01
-3.225191831588745117e-01 2.556735575199127197e-01
-5.478928238153457642e-02 2.161648720502853394e-01
1.357929129153490067e-02 1.276494115591049194e-01
8.934609591960906982e-02 1.222899649292230606e-02
-1.423504799604415894e-01 2.855204045772552490e-02
4.339864253997802734e-01 -3.001469075679779053e-01
-1.424852409400045872e-03 -1.147449612617492676e-01
-3.515434265136718750e-02 -1.960541754961013794e-01
-6.239896267652511597e-02 2.142562866210937500e-01
-3.829799294471740723e-01 1.754578948020935059e-01
2.400135546922683716e-01 -2.149093300104141235e-01
1.185266971588134766e-01 -2.223092168569564819e-01
-4.384746849536895752e-01 2.996503710746765137e-01
-5.367931723594665527e-01 3.133128583431243896e-01
-2.783932983875274658e-01 4.076223671436309814e-01
-1.761437654495239258e-01 3.225027918815612793e-01
-2.923838794231414795e-01 4.336610436439514160e-01
-3.441084325313568115e-01 4.512815773487091064e-01
3.184993863105773926e-01 -2.463121265172958374e-01
-2.740956842899322510e-01 3.065776824951171875e-01
1.038275361061096191e-01 -2.660211622714996338e-01
-6.004379391670227051e-01 6.352323293685913086e-01
-1.106131263077259064e-02 1.641064882278442383e-01
4.739170372486114502e-01 -2.665989696979522705e-01
-8.055231571197509766e-01 6.275551915168762207e-01
3.748888671398162842e-01 -2.184942364692687988e-01
1.120183393359184265e-01 -4.959292709827423096e-02
1.108233407139778137e-01 -8.312792330980300903e-02
-3.835754096508026123e-01 3.310233056545257568e-01
4.069815874099731445e-01 -4.097633957862854004e-01
2.091382443904876709e-01 -2.498110979795455933e-01
-3.076227009296417236e-01 4.636811614036560059e-01
-5.303520560264587402e-01 3.398487865924835205e-01
2.380109131336212158e-01 -1.937841325998306274e-01
-7.315985858440399170e-02 1.640275269746780396e-01
-3.756422400474548340e-01 4.969541728496551514e-01
-1.698313504457473755e-01 7.714262604713439941e-02
4.891896247863769531e-01 -5.539627671241760254e-01
4.362235069274902344e-01 -3.589407205581665039e-01
8.913589119911193848e-01 -7.030214071273803711e-01
-1.863639503717422485e-01 1.070823147892951965e-01
5.946373343467712402e-01 -7.240964174270629883e-01
-4.086594581604003906e-01 3.581602871417999268e-01
4.974000751972198486e-01 -4.552470743656158447e-01
5.380282998085021973e-01 -5.236678123474121094e-01
-5.955261588096618652e-01 6.744969487190246582e-01
1.818474531173706055e-01 -7.047459483146667480e-02
4.795371294021606445e-01 -6.323523521423339844e-01
-4.524536728858947754e-01 6.455129981040954590e-01
7.185722887516021729e-02 -1.699367910623550415e-01
2.616390287876129150e-01 -3.650470077991485596e-01
-3.674117922782897949e-01 3.600974678993225098e-01
4.846648573875427246e-01 -2.496862113475799561e-01
-2.589182257652282715e-01 1.981713026762008667e-01
3.231678009033203125e-01 -2.552995383739471436e-01
6.405429244041442871e-01 -5.465859174728393555e-01
-3.580496907234191895e-01 3.194733858108520508e-01
8.374154567718505859e-01 -6.827709078788757324e-01
6.685412526130676270e-01 -6.158069372177124023e-01
4.777331352233886719e-01 -5.487090349197387695e-01
-3.916180729866027832e-01 2.038317918777465820e-01
5.838733315467834473e-01 -3.955868780612945557e-01
7.629181742668151855e-01 -8.921900987625122070e-01
-1.385898888111114502e-01 1.189379859715700150e-02
-3.777399659156799316e-01 4.289628565311431885e-01
5.084941387176513672e-01 -5.793390274047851562e-01
2.542847990989685059e-01 -3.120751976966857910e-01
-2.344193011522293091e-01 1.890871077775955200e-01
-6.653881669044494629e-01 5.511702895164489746e-01
9.281121492385864258e-01 -7.632709145545959473e-01
-2.284963876008987427e-01 2.637258768081665039e-01
-1.367093473672866821e-01 1.641158908605575562e-01
-7.854656130075454712e-02 1.560752186924219131e-02
-4.443110525608062744e-01 5.820155739784240723e-01
9.475839138031005859e-02 -1.238232403993606567e-01
5.174677968025207520e-01 -5.335808396339416504e-01
-7.128061652183532715e-01 9.246739149093627930e-01
-6.619812846183776855e-01 6.651379466056823730e-01
7.237407565116882324e-01 -5.799640417098999023e-01
-6.931608915328979492e-01 6.318944096565246582e-01
1.012808531522750854e-01 1.069268863648176193e-02
-5.691430568695068359e-01 5.288255810737609863e-01
-2.987738847732543945e-01 2.457398325204849243e-01
-4.041228592395782471e-01 3.650452494621276855e-01
2.404227256774902344e-01 -2.228178828954696655e-01
-7.216406464576721191e-01 6.951839327812194824e-01
-4.001471400260925293e-02 -1.860397495329380035e-02
3.119807243347167969e-01 -2.520098388195037842e-01
-6.519423127174377441e-01 5.386942028999328613e-01
5.764280557632446289e-01 -5.089437961578369141e-01
-4.334168508648872375e-02 -8.354512602090835571e-02
6.614693999290466309e-01 -7.339079976081848145e-01
-8.609072566032409668e-01 7.854466438293457031e-01
1.173924207687377930e-01 -1.845491677522659302e-01
-1.110745742917060852e-01 -1.166385486721992493e-01
1.957727372646331787e-01 -9.384718537330627441e-02
2.374029308557510376e-01 -2.744387984275817871e-01
3.920951187610626221e-01 -5.221723318099975586e-01
2.808329164981842041e-01 -4.591609835624694824e-01
-6.672896146774291992e-01 6.271058320999145508e-01
-6.419363617897033691e-01 6.296054124832153320e-01
4.934416413307189941e-01 -5.371235609054565430e-01
2.546775341033935547e-01 -1.359281875193119049e-02
-1.198356524109840393e-01 1.106133460998535156e-01
7.348569035530090332e-01 -7.742444276809692383e-01
3.695824146270751953e-01 -3.137480914592742920e-01
5.252499878406524658e-02 1.360019855201244354e-02
-4.701101481914520264e-01 5.567957162857055664e-01
3.899187147617340088e-01 -2.466562390327453613e-01
-3.404438793659210205e-01 5.080529451370239258e-01
-8.209557533264160156e-01 7.963075041770935059e-01
-6.656323075294494629e-01 6.037777066230773926e-01
1.552551537752151489e-01 2.226811088621616364e-02
1.649946421384811401e-01 -3.131818771362304688e-01
-2.173824701458215714e-03 1.095342114567756653e-01
-1.526704281568527222e-01 1.886419765651226044e-02
-2.247572541236877441e-01 3.131137788295745850e-01
-4.781494438648223877e-01 5.244495272636413574e-01
1.911575905978679657e-02 -1.233550719916820526e-02
7.550194263458251953e-01 -7.235808372497558594e-01
-2.867448925971984863e-01 1.642368882894515991e-01
-2.244597077369689941e-01 1.647408306598663330e-01
5.011060833930969238e-01 -5.528126358985900879e-01
7.999973893165588379e-01 -6.695090532302856445e-01
-5.019817948341369629e-01 3.675004541873931885e-01
3.235716521739959717e-01 -4.246526658535003662e-01
4.477133750915527344e-01 -3.680037558078765869e-01
3.759361505508422852e-01 -7.642176002264022827e-02
1.294530481100082397e-01 -2.901645936071872711e-02
6.969806551933288574e-02 -1.392169147729873657e-01
5.086319446563720703e-01 -4.776291549205780029e-01
-8.803454041481018066e-01 6.939643025398254395e-01
3.734351694583892822e-02 8.549983054399490356e-02
-3.853722214698791504e-01 3.086740970611572266e-01
5.578081011772155762e-01 -3.814008533954620361e-01
-4.042872190475463867e-01 2.619430124759674072e-01
-6.558038592338562012e-01 7.320937514305114746e-01
3.555853962898254395e-01 -3.301917016506195068e-01
4.790167510509490967e-01 -7.149487137794494629e-01
-4.825472533702850342e-01 4.959100782871246338e-01
7.565748095512390137e-01 -1.021888375282287598e+00
-1.860903203487396240e-01 -5.793308466672897339e-02
-5.743964314460754395e-01 5.013629794120788574e-01
6.218702793121337891e-01 -3.860446214675903320e-01
-7.109479978680610657e-03 -5.156705528497695923e-02
-2.861689031124114990e-01 1.545089632272720337e-01
7.090775370597839355e-01 -7.305276393890380859e-01
-4.445957243442535400e-01 3.874084055423736572e-01
-6.319610029458999634e-02 -2.304408848285675049e-01
1.078434288501739502e-01 -3.447043299674987793e-01
-5.913807153701782227e-01 6.683416366577148438e-01
2.133162021636962891e-01 -3.288933262228965759e-02
3.080126345157623291e-01 -4.341789186000823975e-01
4.659562930464744568e-02 -1.432862877845764160e-01
3.755389153957366943e-01 -3.742578327655792236e-01
-3.535083830356597900e-01 2.220541536808013916e-01
9.801563620567321777e-02 1.215425729751586914e-01
-4.959967136383056641e-01 5.771850943565368652e-01
2.832054495811462402e-01 -2.895600199699401855e-01
3.565616011619567871e-01 -1.652745604515075684e-01
-9.382495284080505371e-01 6.670724153518676758e-01
1.027540564537048340e+00 -8.440132737159729004e-01
-9.200776219367980957e-01 8.305382132530212402e-01
-7.888833284378051758e-01 8.498193621635437012e-01
-2.168266922235488892e-01 1.606628894805908203e-01
2.796467840671539307e-01 -2.476462423801422119e-01
1.610597670078277588e-01 -2.673118710517883301e-01
1.575695127248764038e-01 -3.557907417416572571e-02
6.397950649261474609e-01 -6.443066000938415527e-01
2.011913210153579712e-01 -7.642335444688796997e-02
6.102521345019340515e-02 1.142623648047447205e-02
2.325521260499954224e-01 1.033497527241706848e-01
3.486712872982025146e-01 -3.254376351833343506e-01
-1.542895734310150146e-01 2.683467790484428406e-02
1.629143059253692627e-01 1.294781081378459930e-02
8.439110219478607178e-02 9.774136543273925781e-02
3.110545873641967773e-01 -2.156822234392166138e-01
-4.185410588979721069e-02 1.313851624727249146e-01
6.252666562795639038e-02 2.015780098736286163e-02
-3.746473416686058044e-02 -2.746456488966941833e-02
-1.283720731735229492e-01 1.075433567166328430e-01
-2.419890090823173523e-02 -1.910138279199600220e-01
2.586677968502044678e-01 -1.108362991362810135e-02
5.821902677416801453e-02 2.377132922410964966e-01
-4.418739676475524902e-02 -3.269024193286895752e-03
-3.033866882324218750e-01 3.695803284645080566e-01
4.677881002426147461e-01 -2.607338428497314453e-01
1.585764288902282715e-01 -1.499893069267272949e-01
-2.834327146410942078e-02 2.834348082542419434e-01
5.353265628218650818e-02 9.883634746074676514e-02
-7.768952846527099609e-02 1.314646601676940918e-01
-9.137630462646484375e-02 4.933753982186317444e-03
-1.989367045462131500e-02 1.163996383547782898e-01
-2.134549468755722046e-01 3.761226534843444824e-01
2.143567427992820740e-02 -1.121833473443984985e-01
-6.256030797958374023e-01 5.025048255920410156e-01
-8.005641400814056396e-02 -1.943838782608509064e-02
-3.987055644392967224e-02 8.996213227510452271e-02
1.239494904875755310e-01 -2.067992687225341797e-01
-2.536696195602416992e-01 1.040446385741233826e-01
-3.503710031509399414e-01 5.336213707923889160e-01
5.490159988403320312e-01 -5.484712123870849609e-01
-6.472313404083251953e-02 1.857307739555835724e-02
-9.149928390979766846e-02 1.639920622110366821e-01
3.846496641635894775e-01 -3.190688192844390869e-01
2.513768710196018219e-02 -1.130376979708671570e-01
-3.160184919834136963e-01 1.789578348398208618e-01
-1.467114686965942383e-01 7.899531163275241852e-03
-2.746538817882537842e-01 1.757982671260833740e-01
-8.232896775007247925e-02 2.180802226066589355e-01
-8.024489134550094604e-02 1.361034959554672241e-01
-1.562242954969406128e-01 1.056869924068450928e-01
7.044633477926254272e-02 -1.462191939353942871e-01
3.696478158235549927e-02 1.340758614242076874e-02
2.965704537928104401e-02 1.421258896589279175e-01
1.959461867809295654e-01 -2.932133898138999939e-02
4.216527342796325684e-01 -4.036529064178466797e-01
-1.048178300261497498e-01 1.135345324873924255e-01
2.722754478454589844e-01 -3.827160596847534180e-01
-8.157273381948471069e-02 2.436959296464920044e-01
-4.345443844795227051e-02 -1.889093779027462006e-02
-3.589337468147277832e-01 2.111469805240631104e-01
-1.376291811466217041e-01 2.127683013677597046e-01
1.174180060625076294e-01 -1.437872648239135742e-01
-5.914841964840888977e-02 -3.227237844839692116e-03
3.171513080596923828e-01 -2.902597188949584961e-01
5.513992905616760254e-02 -6.110150367021560669e-02
-2.100449949502944946e-01 1.302933841943740845e-01
