2.158861905336380005e-01 -2.491573393344879150e-01
-1.687339395284652710e-01 1.510611623525619507e-01
-1.512363702058792114e-01 7.129000127315521240e-02
-8.074954152107238770e-03 2.218557596206665039e-01
7.587236166000366211e-02 1.387302875518798828e-01
-1.001551151275634766e-01 -3.270695358514785767e-02
-1.181629672646522522e-01 5.782286822795867920e-02
3.744132444262504578e-02 1.290682703256607056e-01
-7.573947310447692871e-02 2.510064840316772461e-01
3.874147310853004456e-02 -1.798697113990783691e-01
-2.243717461824417114e-01 6.481913477182388306e-02
-1.213413104414939880e-01 6.217872723937034607e-02
-3.315566480159759521e-02 2.723092734813690186e-01
-2.973878383636474609e-01 1.300723254680633545e-01
-4.669470712542533875e-02 1.020834296941757202e-01
1.476645320653915405e-01 -3.323931619524955750e-02
-9.099027514457702637e-02 9.449847042560577393e-02
-9.185713529586791992e-02 8.085317164659500122e-02
-2.014060132205486298e-02 4.478774964809417725e-02
-2.240908592939376831e-01 7.125853002071380615e-02
-2.208177745342254639e-02 -2.081483304500579834e-01
9.689755737781524658e-02 3.147495735902339220e-04
-1.070073395967483521e-01 1.252632737159729004e-01
1.636096239089965820e-01 -2.116154320538043976e-02
-1.319731920957565308e-01 1.090940907597541809e-01
-1.017592325806617737e-01 -3.323613852262496948e-02
1.918905824422836304e-01 -9.503376483917236328e-02
1.107467934489250183e-01 -1.327653974294662476e-01
-2.723817713558673859e-02 3.377538919448852539e-02
1.083130538463592529e-01 -6.711617857217788696e-02
8.668924123048782349e-02 -6.652837246656417847e-02
9.217239916324615479e-02 -1.292043132707476616e-03
4.212621226906776428e-02 4.629264026880264282e-02
-1.413091868162155151e-01 1.565607935190200806e-01
-1.633633375167846680e-01 1.965292543172836304e-01
7.085095345973968506e-02 -3.877529874444007874e-02
-3.012162744998931885e-01 2.316559553146362305e-01
1.549079418182373047e-01 -1.201932057738304138e-01
1.868120580911636353e-01 -1.997724324464797974e-01
-9.918086975812911987e-02 1.155759245157241821e-01
8.187531679868698120e-02 -1.745274662971496582e-01
1.044164746999740601e-01 -4.106534272432327271e-02
-1.344947814941406250e-01 -9.872508794069290161e-02
2.289196848869323730e-02 4.253248497843742371e-02
-8.389420807361602783e-02 4.061440005898475647e-02
-6.526229530572891235e-02 -1.206082180142402649e-01
6.679657846689224243e-02 1.291198469698429108e-02
-3.482069671154022217e-01 2.282576709985733032e-01
1.197382956743240356e-01 -2.594147622585296631e-01
-1.524183526635169983e-02 6.554860156029462814e-04
-3.051420487463474274e-02 -2.209105193614959717e-01
-2.718026041984558105e-01 1.409015059471130371e-01
-1.427007168531417847e-01 8.900978416204452515e-02
1.415400207042694092e-01 -2.300771027803421021e-01
-1.236570999026298523e-01 -1.479587703943252563e-01
-5.557527393102645874e-02 -6.592626869678497314e-02
1.669230759143829346e-01 -8.534228056669235229e-02
-5.734624341130256653e-02 -6.684958189725875854e-02
-2.136151045560836792e-01 9.692249447107315063e-02
2.342204749584197998e-01 -7.060966640710830688e-02
-1.277058422565460205e-01 -6.258546561002731323e-02
-1.964953914284706116e-02 2.426651567220687866e-01
-2.727732644416391850e-04 1.177060231566429138e-01
1.969451457262039185e-01 -8.132086694240570068e-02
1.281692981719970703e-01 -2.016282379627227783e-01
-1.835766285657882690e-01 1.128076389431953430e-01
-4.692943766713142395e-02 2.507840991020202637e-01
-1.691426187753677368e-01 1.419446170330047607e-01
-2.347319619730114937e-03 5.560223013162612915e-02
-1.381020992994308472e-01 8.387367427349090576e-02
-2.199990153312683105e-01 1.644912660121917725e-01
-1.761473268270492554e-01 9.710429608821868896e-02
-1.623287498950958252e-01 1.927506625652313232e-01
2.235529869794845581e-01 -1.939648538827896118e-01
-1.303132325410842896e-01 6.973872333765029907e-02
5.089212954044342041e-02 -6.168328970670700073e-02
-2.670706510543823242e-01 1.879516392946243286e-01
-1.799588352441787720e-01 -3.137492807582020760e-03
-5.857811123132705688e-02 4.693628847599029541e-02
3.218262791633605957e-01 -8.160334825515747070e-02
-3.740874305367469788e-02 2.259029746055603027e-01
3.634829074144363403e-02 8.686597459018230438e-03
1.121857613325119019e-01 -2.270613908767700195e-01
-1.819057315587997437e-01 1.865072250366210938e-01
1.798986494541168213e-01 -6.625264883041381836e-02
-1.512942612171173096e-01 1.446685940027236938e-01
-2.069242327706888318e-04 3.057480454444885254e-01
1.189902201294898987e-01 -5.025291442871093750e-02
2.754908613860607147e-02 1.668028086423873901e-01
-2.135352194309234619e-01 7.706082612276077271e-02
-1.291116774082183838e-01 4.993548616766929626e-02
-1.088679209351539612e-01 -4.486463591456413269e-02
-3.021666407585144043e-01 1.652784794569015503e-01
-5.564992502331733704e-02 6.935643404722213745e-02
-7.090196013450622559e-02 1.245226114988327026e-01
2.962282896041870117e-01 -3.010114729404449463e-01
1.190593317151069641e-01 8.921471238136291504e-02
-1.581449806690216064e-01 1.794114261865615845e-01
-2.098834812641143799e-01 2.063319832086563110e-01
1.240110173821449280e-01 -2.512679100036621094e-01
-2.451720237731933594e-01 4.847798496484756470e-02
9.684914350509643555e-02 -6.872837245464324951e-02
1.020207479596138000e-01 -4.604244604706764221e-02
-7.496288418769836426e-02 1.665631234645843506e-01
5.503829941153526306e-02 5.345217511057853699e-02
3.049230575561523438e-01 4.194400086998939514e-02
2.299711406230926514e-01 -2.180893123149871826e-01
2.098440825939178467e-01 -1.560026109218597412e-01
3.245305642485618591e-02 -1.259389966726303101e-01
7.067316025495529175e-02 -8.482159674167633057e-02
-2.284962311387062073e-02 -3.057372272014617920e-01
-1.235822439193725586e-01 4.815498739480972290e-02
1.763345114886760712e-02 -5.089997313916683197e-03
-8.288117498159408569e-02 1.316503137350082397e-01
6.519646942615509033e-02 -1.744624227285385132e-01
-1.993708461523056030e-01 2.549737691879272461e-01
-1.821488887071609497e-01 1.920622140169143677e-01
4.853807389736175537e-02 -2.208075672388076782e-01
-8.536605164408683777e-03 1.871038377285003662e-01
-2.539952993392944336e-01 1.054546684026718140e-01
8.629492670297622681e-02 -2.656517922878265381e-01
7.516568899154663086e-02 -1.374091207981109619e-01
-2.654187679290771484e-01 8.492944389581680298e-02
-1.128833517432212830e-01 1.115653812885284424e-01
-1.989276260137557983e-01 1.483349055051803589e-01
2.978520654141902924e-02 1.268224269151687622e-01
-3.738868236541748047e-02 -2.358448803424835205e-01
2.249651998281478882e-01 -1.349655091762542725e-01
1.365162283182144165e-01 -2.251895964145660400e-01
-9.832584112882614136e-02 1.872027069330215454e-01
8.163972944021224976e-02 8.172198385000228882e-02
2.415374964475631714e-01 -6.029698252677917480e-02
-2.321984767913818359e-01 3.489759936928749084e-02
-7.206656038761138916e-02 1.328419744968414307e-01
1.700247824192047119e-02 9.837367385625839233e-02
1.429563611745834351e-01 -5.979629978537559509e-02
1.097191274166107178e-01 -9.694837033748626709e-02
-1.752036213874816895e-01 7.685331255197525024e-02
1.538498699665069580e-01 -2.280270010232925415e-01
-7.482052594423294067e-02 -4.380838072393089533e-04
2.372424863278865814e-02 9.759204089641571045e-02
-8.646185696125030518e-02 1.184037402272224426e-01
-8.267853409051895142e-02 9.243317693471908569e-02
2.843901515007019043e-01 -1.704186648130416870e-01
-1.255401670932769775e-01 8.933415263891220093e-02
-1.500112470239400864e-02 1.206032633781433105e-01
-1.969524100422859192e-02 -1.514093279838562012e-01
-1.169625595211982727e-01 -3.006084077060222626e-02
2.272845944389700890e-03 -1.181659325957298279e-01
-1.178435981273651123e-01 2.427648156881332397e-01
-6.927349418401718140e-02 2.202855646610260010e-01
-7.367654144763946533e-02 6.463494151830673218e-02
2.255339622497558594e-01 -2.368129044771194458e-01
6.140125170350074768e-02 2.453605532646179199e-01
3.467348590493202209e-02 9.498761594295501709e-02
-5.562961101531982422e-02 -5.564220622181892395e-02
-6.236280314624309540e-03 -3.828376159071922302e-02
1.442369669675827026e-01 -2.006106972694396973e-01
1.318531036376953125e-01 -5.858013778924942017e-02
4.395709559321403503e-02 -2.235536724328994751e-01
2.965861260890960693e-01 -1.249441131949424744e-01
-1.465684734284877777e-03 1.693307161331176758e-01
-1.439889520406723022e-01 2.186489701271057129e-01
1.682898402214050293e-01 -8.936960995197296143e-02
2.589881122112274170e-01 -2.488797158002853394e-02
-3.339901566505432129e-02 1.219641864299774170e-01
1.126293936977162957e-04 -2.741154655814170837e-02
-7.166673988103866577e-02 1.807170510292053223e-01
-1.617731153964996338e-01 3.325422853231430054e-02
3.821611031889915466e-02 -1.526586059480905533e-02
1.850101863965392113e-03 -5.878251418471336365e-02
2.144428342580795288e-01 -1.640543341636657715e-01
-8.399834483861923218e-02 -2.027922309935092926e-02
2.481234222650527954e-01 -1.042185053229331970e-01
1.489732861518859863e-01 -1.792183518409729004e-01
-1.581209301948547363e-01 1.634005606174468994e-01
-9.671466052532196045e-02 -3.845245577394962311e-03
1.732875108718872070e-01 -2.912760525941848755e-02
-2.946161478757858276e-02 -1.123296320438385010e-01
-1.464955359697341919e-01 8.823578804731369019e-02
-3.816203027963638306e-02 4.558545723557472229e-02
9.230574220418930054e-02 -6.159566715359687805e-02
-1.514281481504440308e-01 -9.516232647001743317e-03
1.851318925619125366e-01 -1.676724255084991455e-01
-1.665280610322952271e-01 1.341158896684646606e-01
2.730764150619506836e-01 -8.028074167668819427e-03
-1.101834252476692200e-01 1.252529677003622055e-02
6.691195070743560791e-03 -3.275180160999298096e-01
3.476184010505676270e-01 -2.409435510635375977e-01
-6.219240836799144745e-03 1.561100929975509644e-01
1.915070563554763794e-01 -3.306200504302978516e-01
1.457570642232894897e-01 -2.475759387016296387e-01
4.436233267188072205e-02 -8.488108962774276733e-02
-2.224572896957397461e-01 2.177060544490814209e-01
-5.212729796767234802e-03 -1.309987530112266541e-02
2.619621530175209045e-02 -8.700344711542129517e-03
-1.278668940067291260e-01 1.325852274894714355e-01
1.110963821411132812e-01 -9.330343455076217651e-02
1.082806382328271866e-02 -8.246665447950363159e-02
1.054618582129478455e-01 -1.136810984462499619e-02
1.773099303245544434e-01 -5.340067669749259949e-02
2.510094456374645233e-02 8.453094959259033203e-02
5.935028567910194397e-02 3.665045276284217834e-02
-2.234751544892787933e-02 -2.863710559904575348e-02
2.638643085956573486e-01 -1.308447122573852539e-01
1.447699964046478271e-02 8.077023550868034363e-03
2.149509340524673462e-01 -2.156921476125717163e-01
2.125146389007568359e-01 -2.786166369915008545e-01
-2.536873100325465202e-03 2.251911163330078125e-01
1.115733757615089417e-01 -8.196296542882919312e-02
1.066821292042732239e-01 1.849920302629470825e-01
6.405626237392425537e-02 -1.571800857782363892e-01
1.274048388004302979e-01 -9.064848721027374268e-02
-2.901976108551025391e-01 1.387152373790740967e-01
-7.399959117174148560e-02 1.313540637493133545e-01
1.896963566541671753e-01 -2.855019271373748779e-01
-1.011515185236930847e-01 -5.079982057213783264e-02
4.681009426712989807e-02 1.525516808032989502e-01
-2.880579419434070587e-02 -8.571615070104598999e-02
-2.762392461299896240e-01 2.139647901058197021e-01
-4.705140739679336548e-02 2.703880071640014648e-01
2.182421237230300903e-01 -1.718656122684478760e-01
2.454832382500171661e-02 -1.096599176526069641e-01
9.965160489082336426e-02 -1.958827674388885498e-01
2.106640636920928955e-01 2.731134369969367981e-02
-6.195534486323595047e-03 -2.198583632707595825e-02
5.443503707647323608e-02 7.011726498603820801e-02
8.703985065221786499e-02 -9.857150167226791382e-02
1.733971759676933289e-02 -1.414578855037689209e-01
-9.667767211794853210e-03 7.318558543920516968e-02
1.684064269065856934e-01 -3.570585250854492188e-01
-8.660943806171417236e-02 2.173292189836502075e-01
8.299498260021209717e-02 -4.529939591884613037e-02
8.856148272752761841e-02 -1.091568097472190857e-01
-2.323642373085021973e-02 1.174022853374481201e-01
1.596750319004058838e-01 -2.745963335037231445e-01
4.762756172567605972e-03 -1.828217953443527222e-01
-1.470049470663070679e-01 -4.930153116583824158e-02
-2.690508216619491577e-02 9.957557916641235352e-02
-1.432104259729385376e-01 1.162446513772010803e-01
-9.249512851238250732e-02 5.665881559252738953e-02
-1.179027259349822998e-01 1.201295666396617889e-02
-1.518748551607131958e-01 4.526396747678518295e-03
-1.577925831079483032e-01 1.316816061735153198e-01
-2.953054010868072510e-01 2.256669662892818451e-02
1.188503652811050415e-01 9.853024967014789581e-03
-1.948270052671432495e-01 2.192669063806533813e-01
8.899176865816116333e-02 -1.161209493875503540e-01
-1.577876359224319458e-01 2.083048373460769653e-01
4.883214831352233887e-02 1.882072538137435913e-01
-1.687700450420379639e-01 9.552086889743804932e-02
9.094940871000289917e-02 -2.856100201606750488e-01
1.489292383193969727e-01 -2.485403791069984436e-02
-1.026591360569000244e-01 4.363655671477317810e-02
2.375088259577751160e-02 -8.671369403600692749e-02
1.172729060053825378e-01 -1.222330406308174133e-01
