3.954976424574851990e-02 1.181392893195152283e-01
-2.307105809450149536e-01 1.757074594497680664e-01
-8.031351864337921143e-02 5.773380771279335022e-02
-1.444035861641168594e-02 1.457751076668500900e-02
9.658593684434890747e-02 -1.086409687995910645e-01
9.447039663791656494e-02 4.711434710770845413e-03
1.200698465108871460e-01 -1.854468435049057007e-01
2.790546715259552002e-01 -2.391703575849533081e-01
-1.728466828353703022e-03 -1.148483678698539734e-01
-1.237428039312362671e-01 1.953349560499191284e-01
3.315542638301849365e-02 -2.467566877603530884e-01
-2.565689757466316223e-02 -8.688852936029434204e-02
-2.460152842104434967e-02 2.513323910534381866e-02
8.834059536457061768e-02 9.358564764261245728e-02
1.085933521389961243e-01 4.816164076328277588e-02
1.022995077073574066e-02 -1.034391298890113831e-01
-1.775088161230087280e-01 2.487092614173889160e-01
2.546169161796569824e-01 -2.500199377536773682e-01
-1.135135889053344727e-01 6.823244690895080566e-02
1.210929304361343384e-01 -2.752482891082763672e-01
1.042431313544511795e-02 7.069915533065795898e-02
5.715641006827354431e-02 -1.531688123941421509e-01
2.446655333042144775e-01 -2.632924914360046387e-01
7.444251328706741333e-02 -1.999284476041793823e-01
5.470133945345878601e-02 -2.122172713279724121e-01
8.335381746292114258e-02 -6.606352981179952621e-03
-3.092820942401885986e-01 1.388145685195922852e-01
-3.485579192638397217e-01 1.264472603797912598e-01
6.993719935417175293e-02 -5.476180929690599442e-03
-7.967620342969894409e-02 7.629718631505966187e-02
-3.648386597633361816e-01 1.555173248052597046e-01
-8.051906526088714600e-02 4.994736984372138977e-02
-1.901542991399765015e-01 1.552830934524536133e-01
-5.332168191671371460e-02 -5.716305598616600037e-02
2.645337879657745361e-01 -2.438066154718399048e-01
-1.946447342634201050e-01 2.048469781875610352e-01
1.625974178314208984e-01 1.252024769783020020e-01
-2.638889253139495850e-01 2.967904210090637207e-01
2.214618325233459473e-01 -3.057819008827209473e-01
2.384871542453765869e-01 3.727436438202857971e-02
-3.583802282810211182e-01 2.091740220785140991e-01
-1.680299639701843262e-01 1.394841223955154419e-01
-3.634238839149475098e-01 2.145334482192993164e-01
9.906014055013656616e-02 3.224639967083930969e-02
-2.539385855197906494e-01 6.578650325536727905e-02
6.401106715202331543e-02 -5.538173019886016846e-02
-6.520938128232955933e-02 -5.946774035692214966e-02
3.454958200454711914e-01 -2.562438845634460449e-01
-6.738772243261337280e-02 -6.682957522571086884e-03
5.036464706063270569e-02 2.075739204883575439e-01
2.552245557308197021e-01 -3.159160017967224121e-01
-3.482040390372276306e-02 3.772411495447158813e-02
1.078123524785041809e-01 -2.116154730319976807e-01
-2.932736277580261230e-02 -3.822724893689155579e-02
-9.354747086763381958e-02 1.279558241367340088e-01
1.749949902296066284e-01 -4.804832115769386292e-02
1.862280070781707764e-02 6.830769032239913940e-02
-5.783157423138618469e-03 -2.141583561897277832e-01
3.674513660371303558e-03 -2.663683295249938965e-01
1.833359301090240479e-01 -2.843655347824096680e-01
-8.535192906856536865e-02 7.351581752300262451e-02
2.641947865486145020e-01 -9.216280281543731689e-02
4.199074506759643555e-01 -3.066720068454742432e-01
-1.843975931406021118e-01 2.517246305942535400e-01
-2.648057639598846436e-01 3.738776743412017822e-01
-1.272995918989181519e-01 2.429634332656860352e-01
-3.420896828174591064e-01 8.147970773279666901e-03
1.982809156179428101e-01 -3.511785566806793213e-01
-1.808135509490966797e-01 1.268267631530761719e-01
2.939305603504180908e-01 -2.055281847715377808e-01
1.590302735567092896e-01 -1.289823651313781738e-01
2.598719596862792969e-01 -2.749221026897430420e-01
2.543359063565731049e-02 -1.143191456794738770e-01
-3.249391317367553711e-01 4.643994569778442383e-01
-1.420353725552558899e-02 -3.102638944983482361e-02
-1.415696740150451660e-01 1.424828823655843735e-02
-3.330295979976654053e-01 3.145289123058319092e-01
1.035569906234741211e-01 -1.002986133098602295e-01
-2.179812490940093994e-01 2.243585139513015747e-01
2.659189514815807343e-02 1.540125161409378052e-01
-2.071850001811981201e-01 1.851655542850494385e-01
1.655369549989700317e-01 7.715607434511184692e-02
-4.747784733772277832e-01 3.028745651245117188e-01
3.074698746204376221e-01 -3.016497492790222168e-01
1.709989160299301147e-01 -1.414183974266052246e-01
8.157777786254882812e-02 -1.319507360458374023e-01
4.415937662124633789e-01 -4.017331600189208984e-01
-3.377462923526763916e-02 1.960323378443717957e-02
-1.004103794693946838e-01 3.395577520132064819e-02
2.758333086967468262e-01 -3.745785355567932129e-01
6.937687844038009644e-02 -9.664052724838256836e-02
-2.503578662872314453e-01 1.934644877910614014e-01
4.968869686126708984e-02 -3.121167719364166260e-01
-6.101284548640251160e-02 -5.767227709293365479e-02
2.688458003103733063e-02 1.817361451685428619e-02
-1.971685588359832764e-01 2.994533479213714600e-01
-2.090136408805847168e-01 7.438481599092483521e-02
3.906567394733428955e-01 -4.110865890979766846e-01
-2.598834335803985596e-01 1.896309554576873779e-01
-1.646935939788818359e-01 1.409938931465148926e-01
1.328311711549758911e-01 -8.868339657783508301e-02
-1.129015758633613586e-01 6.380227208137512207e-02
-1.843818575143814087e-01 6.046060100197792053e-02
3.411228656768798828e-01 -3.673470616340637207e-01
-1.214358583092689514e-01 1.278914511203765869e-01
-3.276118934154510498e-01 3.557153940200805664e-01
-1.912935227155685425e-01 1.816973537206649780e-01
-1.743418574333190918e-01 1.530615687370300293e-01
-2.055427730083465576e-01 8.999229222536087036e-02
3.747442066669464111e-01 -2.387998700141906738e-01
-3.772336542606353760e-01 2.097548693418502808e-01
2.922541499137878418e-01 -1.410152167081832886e-01
-1.237801164388656616e-01 2.721588611602783203e-01
4.219082891941070557e-01 -2.172018438577651978e-01
1.015724614262580872e-01 -7.294405251741409302e-02
1.396239697933197021e-01 -1.787549853324890137e-01
1.604126989841461182e-01 -3.455179035663604736e-01
-9.404588490724563599e-02 1.140670757740736008e-02
2.065594680607318878e-02 1.451320853084325790e-02
3.119058907032012939e-01 -2.678844332695007324e-01
-2.623213827610015869e-01 2.382201850414276123e-01
3.278329968452453613e-01 -2.639486491680145264e-01
2.669641375541687012e-01 -3.545238375663757324e-01
3.909558355808258057e-01 -2.770705223083496094e-01
-6.971428636461496353e-03 -2.329466342926025391e-01
1.473585665225982666e-01 1.666944846510887146e-02
4.534607827663421631e-01 -5.236064791679382324e-01
-1.078309342265129089e-01 6.955375522375106812e-02
-5.116205811500549316e-01 3.543182015419006348e-01
8.561753481626510620e-02 1.311936080455780029e-01
4.678323864936828613e-03 -1.643905043601989746e-01
-1.684300601482391357e-01 2.756751775741577148e-01
1.668130755424499512e-01 -2.083812654018402100e-01
-2.437992095947265625e-01 -6.110772490501403809e-02
-5.210902541875839233e-02 2.405980676412582397e-01
3.172441124916076660e-01 -2.480054646730422974e-01
4.285647009965032339e-04 5.646948516368865967e-02
9.979430586099624634e-02 -1.423567235469818115e-01
-2.608072757720947266e-01 3.055087029933929443e-01
-1.456113755702972412e-01 1.074008941650390625e-01
-2.078448534011840820e-01 3.224906325340270996e-01
3.358046412467956543e-01 -5.086960792541503906e-01
-1.359222829341888428e-01 3.334467411041259766e-01
3.080725669860839844e-01 -2.315053492784500122e-01
-4.226528406143188477e-01 4.507192373275756836e-01
-2.059840559959411621e-01 1.650397330522537231e-01
-1.305299252271652222e-01 1.842234283685684204e-01
1.331721097230911255e-01 -1.162234991788864136e-01
-2.876339554786682129e-01 2.409493923187255859e-01
2.270796298980712891e-01 -1.234547197818756104e-01
2.481915503740310669e-01 -3.843481838703155518e-01
2.726742029190063477e-01 -3.258264362812042236e-01
-6.291796267032623291e-02 3.585323095321655273e-01
-9.029464423656463623e-02 2.637401521205902100e-01
-9.910748898983001709e-02 -1.444897707551717758e-02
1.137368232011795044e-01 -1.584497988224029541e-01
-3.376541435718536377e-01 2.340783029794692993e-01
3.415437042713165283e-02 1.437732875347137451e-01
2.241762429475784302e-01 -3.263839781284332275e-01
7.782419770956039429e-02 -3.570486977696418762e-02
-2.381412498652935028e-02 2.788854017853736877e-02
-1.439425200223922729e-01 3.211125433444976807e-01
1.152438670396804810e-01 2.731605432927608490e-02
-2.525025904178619385e-01 2.643853425979614258e-01
1.540097445249557495e-01 -6.509640812873840332e-02
-3.064701855182647705e-01 2.670775055885314941e-01
2.302472144365310669e-01 -2.980455458164215088e-01
1.143239811062812805e-02 -1.181339472532272339e-02
4.221167564392089844e-01 -3.174902498722076416e-01
-2.526264190673828125e-01 3.456575274467468262e-01
2.944129891693592072e-02 4.550878424197435379e-03
2.985076010227203369e-01 -2.189452201128005981e-01
1.934858560562133789e-01 -1.939019560813903809e-01
-2.571423947811126709e-01 2.713810801506042480e-01
3.024403154850006104e-01 -2.354408353567123413e-01
1.486443728208541870e-01 -1.659126281738281250e-01
-1.574253737926483154e-01 1.768139451742172241e-01
1.761028170585632324e-01 -1.574913784861564636e-02
2.366460859775543213e-01 -1.539750993251800537e-01
3.285973072052001953e-01 -1.799598336219787598e-01
2.274036407470703125e-01 -6.346616148948669434e-02
2.925174832344055176e-01 -2.272283881902694702e-01
1.314481943845748901e-01 -2.005073428153991699e-01
2.453009486198425293e-01 -1.494794785976409912e-01
1.432731151580810547e-01 -7.311215996742248535e-02
-4.287020266056060791e-01 1.053168177604675293e-01
2.425597012042999268e-01 -1.317106336355209351e-01
1.229134052991867065e-01 -4.087199270725250244e-02
-9.098145365715026855e-02 1.557161062955856323e-01
3.463702797889709473e-01 -1.878395676612854004e-01
1.906221359968185425e-02 2.660150453448295593e-02
-3.486862480640411377e-01 3.121803998947143555e-01
-1.348842084407806396e-01 1.679496169090270996e-01
-2.115603350102901459e-02 -1.539225038141012192e-02
1.460141241550445557e-01 -3.944908827543258667e-02
-4.719172045588493347e-02 4.577904194593429565e-02
8.803325891494750977e-02 -1.653219163417816162e-01
7.048939168453216553e-02 4.650531709194183350e-02
-1.223306357860565186e-01 7.790385186672210693e-02
9.804300963878631592e-02 6.674897670745849609e-02
-1.905229687690734863e-01 1.864896863698959351e-01
-1.816402561962604523e-02 -7.480014115571975708e-02
-7.077211886644363403e-02 -1.567516289651393890e-02
1.644054204225540161e-01 -3.362922742962837219e-02
-1.793775558471679688e-01 2.193440347909927368e-01
1.625386625528335571e-01 1.512099057435989380e-01
-2.482415735721588135e-01 8.859508484601974487e-02
1.288341432809829712e-01 -1.798629909753799438e-01
-2.752901911735534668e-01 7.396766543388366699e-02
4.345966037362813950e-03 -9.154090285301208496e-02
-1.488089002668857574e-02 1.153785735368728638e-01
-2.311737239360809326e-01 8.433320373296737671e-02
5.845516547560691833e-02 -5.528990924358367920e-02
1.050866469740867615e-01 -1.580107957124710083e-01
-1.859259307384490967e-01 1.050263717770576477e-01
1.046480089426040649e-01 -2.671328485012054443e-01
-3.164001107215881348e-01 2.371904551982879639e-01
-1.552139371633529663e-01 1.181204095482826233e-01
-3.845125064253807068e-02 2.791943959891796112e-02
2.292948402464389801e-02 -1.794865541160106659e-02
1.210395023226737976e-01 -1.955251246690750122e-01
-1.394712030887603760e-01 6.890656799077987671e-02
-2.639347612857818604e-01 3.670365214347839355e-01
6.627022475004196167e-02 1.396027654409408569e-01
-7.396361976861953735e-02 1.567027121782302856e-01
-8.025292307138442993e-02 -3.305489197373390198e-02
-2.203528732061386108e-01 5.518388375639915466e-02
6.644365936517715454e-02 1.611209660768508911e-02
3.487442135810852051e-01 -1.822613626718521118e-01
2.574704289436340332e-01 -1.091879382729530334e-01
4.599319025874137878e-02 -5.017784237861633301e-02
-1.468938738107681274e-01 1.776685821823775768e-03
-7.109625637531280518e-02 -6.622732430696487427e-02
-4.955213516950607300e-02 1.850385814905166626e-01
1.199568584561347961e-01 -1.314651668071746826e-01
-2.009891420602798462e-01 2.695102989673614502e-01
1.683927625417709351e-01 -4.018086474388837814e-03
-2.526486814022064209e-01 1.455301493406295776e-01
6.106503773480653763e-03 2.195766568183898926e-01
-1.396854072809219360e-01 -6.451770663261413574e-02
-1.932596787810325623e-02 3.993248939514160156e-02
-3.465786576271057129e-02 2.424327284097671509e-01
1.466542184352874756e-01 -1.945725381374359131e-01
2.402427978813648224e-02 8.117064833641052246e-02
9.966739267110824585e-02 8.571187406778335571e-02
7.271913439035415649e-02 -5.019252747297286987e-02
2.946931719779968262e-01 -1.636335104703903198e-01
-1.290731579065322876e-01 -2.208304218947887421e-02
-1.085239723324775696e-01 -1.468519717454910278e-01
-4.537227377295494080e-02 1.235092878341674805e-01
2.652131021022796631e-02 -1.927801221609115601e-02
-1.498522758483886719e-01 1.222951859235763550e-01
5.514530837535858154e-02 6.498503033071756363e-03
-1.268883198499679565e-01 1.775574833154678345e-01
1.260798722505569458e-01 -1.442800909280776978e-01
1.834239810705184937e-01 -2.113197594881057739e-01
