-1.349530369043350220e-01 1.719318777322769165e-01
-5.221293866634368896e-02 1.855136901140213013e-01
-1.245408132672309875e-01 -2.189421281218528748e-02
1.853039115667343140e-01 -1.399113684892654419e-01
1.508616954088211060e-01 4.700977355241775513e-02
1.090771481394767761e-01 1.904754340648651123e-02
1.084230393171310425e-01 -3.651132062077522278e-02
4.496952295303344727e-01 -3.322739899158477783e-01
1.334566771984100342e-01 -4.693916067481040955e-02
-1.191685646772384644e-01 1.662413179874420166e-01
-7.184722274541854858e-02 1.665750890970230103e-01
1.204520091414451599e-01 -1.164239123463630676e-01
4.594137966632843018e-01 -2.488662302494049072e-01
6.847458332777023315e-02 3.581547737121582031e-02
1.273304969072341919e-02 1.746833622455596924e-01
2.945051155984401703e-02 -3.391528874635696411e-02
6.754639744758605957e-02 5.584600195288658142e-02
1.684801280498504639e-01 4.338560625910758972e-02
-4.329651966691017151e-02 3.844740241765975952e-02
1.392331272363662720e-01 -2.492793276906013489e-02
2.733624577522277832e-01 -2.763516902923583984e-01
-1.698426529765129089e-02 -1.602589339017868042e-02
3.978267014026641846e-01 -4.291287064552307129e-01
-3.501642942428588867e-01 4.072617590427398682e-01
-9.646350890398025513e-02 5.576221644878387451e-02
-3.033015504479408264e-02 -5.338042601943016052e-02
4.595845341682434082e-01 -4.739554822444915771e-01
1.824744492769241333e-01 -2.502796649932861328e-01
-3.061866760253906250e-02 -6.910712271928787231e-02
-1.024772003293037415e-01 1.345323175191879272e-01
2.358368486166000366e-01 -2.349128425121307373e-01
2.254765480756759644e-01 -1.320457607507705688e-01
-2.254460752010345459e-01 1.685576736927032471e-01
-9.514637291431427002e-02 -3.817313164472579956e-02
1.559243053197860718e-01 -9.334468841552734375e-02
-2.331291139125823975e-02 -7.838293164968490601e-02
1.621900051832199097e-01 -3.542722463607788086e-01
-5.884358882904052734e-01 4.367211759090423584e-01
2.355243861675262451e-01 -1.088867262005805969e-01
2.038439363241195679e-01 -1.417593210935592651e-01
1.126718819141387939e-01 -1.602130196988582611e-02
-1.698771417140960693e-01 4.151559472084045410e-01
-1.265678107738494873e-01 -1.232599094510078430e-01
-7.496781647205352783e-02 1.716789305210113525e-01
9.756457805633544922e-02 -1.970527321100234985e-01
-1.649959087371826172e-01 3.213855624198913574e-01
-1.500229835510253906e-01 5.985169485211372375e-02
6.206120178103446960e-02 -3.720339760184288025e-02
-2.219597548246383667e-01 1.783945411443710327e-01
7.311110943555831909e-02 -1.720276772975921631e-01
1.491071879863739014e-01 -3.073176741600036621e-02
-7.466712594032287598e-02 1.600706726312637329e-01
2.491231411695480347e-01 -7.012493442744016647e-03
3.457333147525787354e-02 -1.156743988394737244e-01
-9.488678723573684692e-02 -8.691066503524780273e-02
1.423164159059524536e-01 -1.813376694917678833e-01
-9.997254610061645508e-02 -7.882904261350631714e-02
2.488962262868881226e-01 -6.420464813709259033e-02
2.721035778522491455e-01 -4.684827625751495361e-01
1.440728157758712769e-01 -4.856362566351890564e-02
1.984980851411819458e-01 8.836185187101364136e-02
-8.659792691469192505e-02 7.761877030134201050e-02
5.374003648757934570e-01 -6.205118298530578613e-01
-4.382819533348083496e-01 1.587342917919158936e-01
-1.628831177949905396e-01 3.876641988754272461e-01
-3.549983501434326172e-01 5.000740289688110352e-01
-1.545936614274978638e-01 3.116404414176940918e-01
6.386253237724304199e-02 6.153292581439018250e-02
-1.266767680644989014e-01 2.863006591796875000e-01
-9.668590500950813293e-03 -6.839731335639953613e-02
1.863264292478561401e-01 -3.141236603260040283e-01
6.736838817596435547e-01 -5.200238823890686035e-01
-2.890296876430511475e-01 2.100512832403182983e-01
1.664982736110687256e-02 5.099204927682876587e-02
-5.053300857543945312e-01 5.998399853706359863e-01
-3.856158852577209473e-01 2.374362647533416748e-01
1.709875166416168213e-01 -2.164771109819412231e-01
-4.025743156671524048e-02 5.565848946571350098e-02
2.543360926210880280e-02 1.856073290109634399e-01
2.237415015697479248e-01 -2.682476341724395752e-01
-2.290739864110946655e-01 4.480427503585815430e-01
1.444668024778366089e-01 -1.646121889352798462e-01
-4.598518013954162598e-01 5.548685789108276367e-01
2.929140925407409668e-01 -2.442698180675506592e-01
5.909515619277954102e-01 -5.779602527618408203e-01
4.119754135608673096e-01 -4.597453176975250244e-01
3.281832635402679443e-01 -2.341115474700927734e-01
-4.557417631149291992e-01 5.709450840950012207e-01
-3.396774232387542725e-01 3.336241245269775391e-01
-1.833196282386779785e-01 2.273097634315490723e-01
1.214088082313537598e+00 -1.238853573799133301e+00
3.838395476341247559e-01 -3.300051689147949219e-01
3.612539172172546387e-01 -3.019050657749176025e-01
-7.172796726226806641e-01 5.705734491348266602e-01
-4.036103487014770508e-01 4.602177739143371582e-01
8.996678888797760010e-02 -1.513300389051437378e-01
-4.376767277717590332e-01 3.912797868251800537e-01
2.492979019880294800e-01 -3.771826624870300293e-01
1.692050397396087646e-01 3.072655014693737030e-02
3.463438153266906738e-02 2.306351661682128906e-01
-2.105140388011932373e-01 3.867458701133728027e-01
-9.549881815910339355e-01 9.314655065536499023e-01
2.571322619915008545e-01 -1.929881125688552856e-01
-2.493233084678649902e-01 2.978750467300415039e-01
4.080489575862884521e-01 -3.548420071601867676e-01
-3.828208744525909424e-01 4.006863534450531006e-01
6.296290457248687744e-02 -3.323214501142501831e-02
9.753275513648986816e-01 -1.005117297172546387e+00
3.147214949131011963e-01 -2.781839966773986816e-01
-5.840523242950439453e-01 5.910492539405822754e-01
-3.316737338900566101e-02 -8.945271372795104980e-02
6.190193817019462585e-02 -3.853684067726135254e-01
-1.333324611186981201e-01 -6.295692920684814453e-02
3.819708228111267090e-01 -6.315334439277648926e-01
-2.730100154876708984e-01 2.801081240177154541e-01
-1.047280207276344299e-01 1.843333393335342407e-01
1.198919415473937988e-01 6.251764297485351562e-02
2.990283966064453125e-01 -3.476327955722808838e-01
2.514859139919281006e-01 -3.795652389526367188e-01
2.940031886100769043e-01 -4.423327744007110596e-01
4.450073242187500000e-01 -5.628734827041625977e-01
3.180597722530364990e-01 -1.771393865346908569e-01
2.010207325220108032e-01 -2.648802697658538818e-01
6.243272423744201660e-01 -7.025153636932373047e-01
-9.622435271739959717e-02 2.442532032728195190e-01
1.785949021577835083e-01 -6.599135696887969971e-02
1.505474895238876343e-01 -1.254022717475891113e-01
-7.426007390022277832e-01 8.732495307922363281e-01
-1.938785314559936523e-01 1.775044351816177368e-01
-1.341446191072463989e-01 2.051723748445510864e-01
4.142920970916748047e-01 -3.132295608520507812e-01
2.629007995128631592e-01 -4.256124198436737061e-01
4.706965982913970947e-01 -3.740122616291046143e-01
-4.993062615394592285e-01 5.207189917564392090e-01
1.688026189804077148e-01 -3.006561994552612305e-01
1.251435875892639160e-01 -2.265121787786483765e-01
3.433215916156768799e-01 -1.991438418626785278e-01
-7.169535756111145020e-01 8.687909245491027832e-01
-7.658145856112241745e-03 3.608102351427078247e-02
-4.203119874000549316e-01 5.940527915954589844e-01
-6.188569590449333191e-02 -5.190740525722503662e-02
3.166088759899139404e-01 1.460864115506410599e-02
2.988138236105442047e-03 -1.290103048086166382e-01
1.653481870889663696e-01 -1.738346815109252930e-01
-2.765095829963684082e-01 2.342474907636642456e-01
-1.461100131273269653e-01 5.364765226840972900e-02
1.623362153768539429e-01 9.991596452891826630e-03
8.960948884487152100e-02 -2.278854101896286011e-01
-1.743848323822021484e-01 1.313028335571289062e-01
-2.910876274108886719e-01 2.313056588172912598e-01
4.359776377677917480e-01 -3.764196336269378662e-01
-3.221831917762756348e-01 2.552165687084197998e-01
1.718750745058059692e-01 -1.775997430086135864e-01
-3.687618672847747803e-02 6.658779829740524292e-02
6.354650855064392090e-01 -4.638217985630035400e-01
3.360997438430786133e-01 -5.660668015480041504e-01
7.670226693153381348e-02 -2.411400973796844482e-01
-2.641216218471527100e-01 3.333525955677032471e-01
1.768253892660140991e-01 -3.623571246862411499e-02
-2.328637987375259399e-01 3.695636987686157227e-01
3.239887654781341553e-01 -5.082083940505981445e-01
9.855630248785018921e-02 -5.754100903868675232e-02
3.213367462158203125e-01 -2.118657976388931274e-01
-2.558231055736541748e-01 5.494419112801551819e-02
8.858507871627807617e-02 -6.468859314918518066e-02
-7.083919644355773926e-01 5.168840289115905762e-01
1.695869714021682739e-01 -8.992286771535873413e-02
-5.289969444274902344e-01 3.309983313083648682e-01
2.560935020446777344e-01 -1.499291360378265381e-01
1.193782463669776917e-01 -1.923529356718063354e-01
-6.536345481872558594e-01 5.789247751235961914e-01
4.623532891273498535e-01 -5.854804515838623047e-01
1.473196893930435181e-01 1.564807891845703125e-01
3.399430513381958008e-01 -2.201974540948867798e-01
7.458465546369552612e-02 -2.129531055688858032e-01
-4.678507745265960693e-01 4.337737560272216797e-01
-6.952906027436256409e-03 -1.318523734807968140e-01
6.897065043449401855e-01 -5.839738249778747559e-01
-1.880200207233428955e-02 1.473982185125350952e-01
-1.090485677123069763e-01 2.644011974334716797e-01
5.557622909545898438e-01 -2.401096224784851074e-01
1.674452722072601318e-01 -1.015881299972534180e-01
-3.385695219039916992e-01 3.568688929080963135e-01
-1.267683357000350952e-01 1.214497238397598267e-01
2.312144786119461060e-01 -2.164674252271652222e-01
1.208755373954772949e-01 -5.112074688076972961e-02
1.157037243247032166e-01 6.588153191842138767e-04
3.214838802814483643e-01 -1.989879757165908813e-01
9.666359424591064453e-01 -7.251861691474914551e-01
-7.590900361537933350e-02 -1.151150465011596680e-02
6.185346245765686035e-01 -5.944685935974121094e-01
-3.288117945194244385e-01 1.274411976337432861e-01
-1.407175557687878609e-03 7.941091433167457581e-03
-2.514458000659942627e-01 2.560662925243377686e-01
2.475829124450683594e-01 -2.790964841842651367e-01
1.072197500616312027e-02 -3.834617137908935547e-02
4.130313396453857422e-01 -4.933057129383087158e-01
6.285702437162399292e-02 -4.961431398987770081e-02
1.876910030841827393e-01 -2.105123251676559448e-01
1.122545078396797180e-02 -1.403318047523498535e-01
-5.536791309714317322e-02 1.464043557643890381e-01
-2.530039846897125244e-01 3.191291689872741699e-01
-2.884509861469268799e-01 1.433008015155792236e-01
2.857643961906433105e-01 3.789331763982772827e-02
1.271655410528182983e-02 -6.409396976232528687e-02
8.335316926240921021e-02 -7.859668135643005371e-02
-6.403203308582305908e-02 1.523146927356719971e-01
1.475746631622314453e-01 -2.259540557861328125e-01
-1.106736212968826294e-01 -4.597169905900955200e-02
3.328667581081390381e-02 -1.070523113012313843e-01
2.053923755884170532e-01 -3.552211225032806396e-01
-7.951583713293075562e-02 3.420965969562530518e-01
1.287159770727157593e-01 -1.625252664089202881e-01
5.430326610803604126e-02 8.148013055324554443e-02
2.811475098133087158e-01 -1.381536424160003662e-01
-3.367395326495170593e-02 1.476819962263107300e-01
2.047719061374664307e-01 -2.868489325046539307e-01
-1.034364625811576843e-01 -4.347273334860801697e-02
3.185221254825592041e-01 -3.162600398063659668e-01
1.505139321088790894e-01 -9.442096948623657227e-02
-2.266400456428527832e-01 7.458771020174026489e-02
-1.795124411582946777e-01 2.188451886177062988e-01
7.652898132801055908e-02 -7.377943396568298340e-02
-1.377163082361221313e-01 -9.697756171226501465e-02
-6.108628213405609131e-02 2.224623709917068481e-01
-4.774147644639015198e-02 -7.424573600292205811e-02
-3.543496131896972656e-02 -2.766962163150310516e-02
-4.829356446862220764e-02 -1.000558510422706604e-01
-1.590504497289657593e-01 2.932449243962764740e-02
-8.032832294702529907e-02 2.392726391553878784e-01
2.688509821891784668e-01 -2.817158102989196777e-01
-8.717758208513259888e-02 2.454657256603240967e-01
7.413552521029487252e-05 -7.042402867227792740e-03
6.098149809986352921e-03 -3.286738693714141846e-02
9.942464530467987061e-02 -4.832184314727783203e-02
-1.813091188669204712e-01 7.802680879831314087e-02
1.036843433976173401e-01 -2.196929603815078735e-01
-4.955428838729858398e-02 2.140612602233886719e-01
1.244161427021026611e-01 -1.060157790780067444e-01
1.703786402940750122e-01 -2.307905703783035278e-01
5.939522013068199158e-02 -1.453258991241455078e-01
3.955076634883880615e-02 1.251450628042221069e-01
-1.087722629308700562e-01 2.715477533638477325e-02
-6.943275779485702515e-02 1.948223114013671875e-01
1.281929612159729004e-01 -1.255923807621002197e-01
4.921333119273185730e-02 -2.440274357795715332e-01
3.492338582873344421e-02 -5.584757402539253235e-02
-1.081277579069137573e-01 8.894800394773483276e-02
2.685979306697845459e-01 -2.265843898057937622e-01
1.216003298759460449e-01 -1.347064524888992310e-01
9.813024848699569702e-02 -4.495955258607864380e-02
2.998634427785873413e-02 1.746321097016334534e-02
-9.765310212969779968e-03 -3.208076581358909607e-03
-3.858834132552146912e-02 1.815225463360548019e-03
2.304570749402046204e-02 -3.366244137287139893e-01
-2.153845727443695068e-01 2.741751074790954590e-01
