1.354801207780838013e-01 -1.657161116600036621e-01
1.319325268268585205e-01 -5.234891548752784729e-02
-1.065258979797363281e-01 1.260583102703094482e-01
-8.439391851425170898e-02 2.066842280328273773e-02
-1.322472817264497280e-03 1.254028547555208206e-02
-4.344921931624412537e-02 3.522744402289390564e-02
8.610577136278152466e-02 -1.405523121356964111e-01
-2.993516996502876282e-02 3.748098388314247131e-02
1.521087344735860825e-02 -1.157829686999320984e-01
-8.552189916372299194e-02 2.360251173377037048e-02
-1.551496237516403198e-01 1.143346130847930908e-01
5.821204185485839844e-02 -2.043484300374984741e-01
-7.821444422006607056e-02 3.591088056564331055e-01
-2.880923748016357422e-01 1.071689873933792114e-01
-1.570165753364562988e-01 2.473795972764492035e-02
4.508673772215843201e-02 -6.516958773136138916e-02
1.934214681386947632e-02 8.469362556934356689e-02
-2.904674969613552094e-02 8.670732378959655762e-03
-8.056322485208511353e-02 3.476910293102264404e-02
2.555177211761474609e-01 -7.390250265598297119e-02
1.196991838514804840e-02 1.464588493108749390e-01
3.081125319004058838e-01 -1.892952471971511841e-01
-5.825030058622360229e-02 2.005454003810882568e-01
7.879637181758880615e-02 -2.999034896492958069e-02
3.892219439148902893e-02 -5.337684974074363708e-02
-5.509734526276588440e-02 3.498055040836334229e-02
8.104926347732543945e-02 9.618238359689712524e-02
1.053522750735282898e-01 -1.154962256550788879e-01
1.377711445093154907e-01 6.511519849300384521e-02
1.627514511346817017e-02 3.003345243632793427e-02
-5.417314916849136353e-02 4.800162836909294128e-02
-1.115012820810079575e-02 -6.729679554700851440e-02
5.189797654747962952e-02 -1.450006663799285889e-01
-8.199227601289749146e-02 7.734431326389312744e-02
2.072258852422237396e-03 -2.266256213188171387e-01
-9.617771208286285400e-02 2.594991922378540039e-01
1.213768795132637024e-01 3.446117788553237915e-02
5.201963707804679871e-02 7.483035326004028320e-02
-2.397430688142776489e-01 2.433329224586486816e-01
-5.551412701606750488e-02 -2.566106058657169342e-02
-2.908240258693695068e-01 2.039522826671600342e-01
2.429648116230964661e-02 -8.468244969844818115e-02
-7.448064535856246948e-02 1.197752729058265686e-01
-3.304481208324432373e-01 1.384845077991485596e-01
-2.040156871080398560e-01 2.448983304202556610e-02
-1.030813902616500854e-01 1.612904220819473267e-01
-6.749913096427917480e-02 4.455754160881042480e-02
-7.352424785494804382e-03 2.709705829620361328e-01
-2.245689183473587036e-01 1.609125435352325439e-01
-6.122668832540512085e-02 1.819126904010772705e-01
-8.129411190748214722e-02 1.833270341157913208e-01
1.193649247288703918e-01 -1.444548517465591431e-01
-8.815903961658477783e-02 -2.761019393801689148e-02
3.510713204741477966e-02 -1.772555708885192871e-01
1.307347714900970459e-01 -9.924961626529693604e-02
1.650414317846298218e-01 3.042166121304035187e-02
4.871269688010215759e-02 -2.986857891082763672e-01
8.008791506290435791e-02 2.698838710784912109e-01
-5.510617792606353760e-02 -6.434570252895355225e-02
-2.058495022356510162e-02 -1.538377106189727783e-01
9.895205497741699219e-03 -1.169083714485168457e-01
1.058145686984062195e-01 -2.070391178131103516e-01
1.281426399946212769e-01 -4.288990795612335205e-02
-1.134019196033477783e-01 2.017445862293243408e-01
9.872011840343475342e-02 -1.648956835269927979e-01
1.434125155210494995e-01 8.062659204006195068e-02
4.644753038883209229e-02 2.517969012260437012e-01
4.213029891252517700e-02 -1.993330270051956177e-01
-4.854470491409301758e-02 2.202340811491012573e-01
-2.792915999889373779e-01 2.027246356010437012e-01
-1.789566129446029663e-01 7.937718927860260010e-02
-2.173600643873214722e-01 3.314441815018653870e-02
2.153123766183853149e-01 1.707930862903594971e-02
-6.567413359880447388e-02 1.495609898120164871e-02
-1.335445642471313477e-01 2.809464335441589355e-01
-1.357184257358312607e-02 -9.834324568510055542e-02
-6.336588878184556961e-03 4.043985903263092041e-02
1.921988427639007568e-01 -1.098018810153007507e-01
-1.298419851809740067e-02 1.645578145980834961e-01
-1.696022599935531616e-01 1.479426771402359009e-01
-2.710184156894683838e-01 2.444542050361633301e-01
-1.450334936380386353e-01 1.755545437335968018e-01
-8.838041871786117554e-02 2.559220790863037109e-01
2.123992741107940674e-01 -1.079607456922531128e-01
-1.394353210926055908e-01 4.375929012894630432e-02
1.881644725799560547e-01 -4.123182594776153564e-02
1.037208139896392822e-01 -1.563322246074676514e-01
3.194204270839691162e-01 -4.680589586496353149e-02
-1.528172641992568970e-01 8.506837487220764160e-02
1.889698207378387451e-01 -2.411234825849533081e-01
1.056814715266227722e-01 -9.485671669244766235e-02
2.855378091335296631e-01 -4.944538325071334839e-02
-2.188165038824081421e-01 1.951541006565093994e-01
2.267468571662902832e-01 -3.331459462642669678e-01
9.899437427520751953e-02 -2.902013957500457764e-01
3.634755313396453857e-01 -2.338118255138397217e-01
-1.292458176612854004e-01 1.583331972360610962e-01
1.640912145376205444e-01 1.446877419948577881e-02
1.098811849951744080e-01 -1.301949471235275269e-01
-2.134585529565811157e-01 1.134547665715217590e-01
-1.078711822628974915e-01 8.175915479660034180e-02
-7.070375978946685791e-02 2.804470658302307129e-01
-1.859483867883682251e-01 6.765220314264297485e-02
6.032118946313858032e-02 -1.910022795200347900e-01
-1.973300874233245850e-01 5.662692338228225708e-02
2.998506277799606323e-02 -4.142225906252861023e-02
9.675003588199615479e-03 3.838100284337997437e-02
-3.614914789795875549e-02 2.606267631053924561e-01
-1.537803113460540771e-01 -8.592858910560607910e-02
-5.965222418308258057e-02 -3.186182305216789246e-02
-7.864312827587127686e-02 2.537233233451843262e-01
1.105090007185935974e-01 -1.577644050121307373e-01
5.072733014822006226e-02 4.736764729022979736e-02
-1.884539574384689331e-01 2.119257301092147827e-01
-9.233600646257400513e-02 6.797489523887634277e-02
1.735833436250686646e-01 -1.484735161066055298e-01
1.977887153625488281e-01 -1.817595660686492920e-01
1.637175083160400391e-01 -3.853438794612884521e-01
1.571525931358337402e-01 -9.980030357837677002e-02
1.370126903057098389e-01 -7.489115465432405472e-03
-1.400671601295471191e-01 7.132966816425323486e-02
-2.263936996459960938e-01 1.467254161834716797e-01
8.431927114725112915e-02 1.083933655172586441e-02
4.596272110939025879e-02 6.507488898932933807e-03
5.715402588248252869e-02 -1.187164634466171265e-01
-6.213385611772537231e-02 1.663777679204940796e-01
2.914492487907409668e-01 -2.133282274007797241e-01
7.931324839591979980e-02 -3.784885630011558533e-02
-5.167445540428161621e-02 1.744717732071876526e-02
-1.165035087615251541e-02 -6.375709176063537598e-02
-1.024191454052925110e-01 1.096374914050102234e-01
3.594292104244232178e-01 -2.014062553644180298e-01
2.933404035866260529e-02 -1.044051423668861389e-01
8.627081662416458130e-02 -1.720836460590362549e-01
5.406558886170387268e-02 -1.606141775846481323e-01
-4.330063983798027039e-02 1.755750179290771484e-01
1.892612129449844360e-01 -2.102970182895660400e-01
-1.212609037756919861e-01 6.552767753601074219e-02
7.585485279560089111e-02 8.249712176620960236e-03
-1.918768882751464844e-01 7.529765367507934570e-02
-3.072170615196228027e-01 2.373004257678985596e-01
5.463734269142150879e-02 -1.602451950311660767e-01
-2.982184886932373047e-01 9.745575487613677979e-03
2.199089378118515015e-01 -2.996923327445983887e-01
-1.849781572818756104e-01 1.593440473079681396e-01
-6.875175982713699341e-02 -5.980329960584640503e-02
-4.239746555685997009e-02 -2.117841541767120361e-01
1.486490964889526367e-01 1.725439168512821198e-02
-1.547824144363403320e-01 9.987659007310867310e-02
-1.495844721794128418e-01 2.476959079504013062e-01
-4.168112203478813171e-02 -3.070640377700328827e-02
1.173484325408935547e-01 -2.710558176040649414e-01
7.567513734102249146e-02 -2.512794435024261475e-01
-1.549652069807052612e-01 2.516704499721527100e-01
-2.946459949016571045e-01 2.774876654148101807e-01
3.038825988769531250e-01 -1.862372159957885742e-01
1.629001349210739136e-01 -4.179726913571357727e-02
6.049900874495506287e-02 -1.388167142868041992e-01
-9.507700055837631226e-02 1.006355732679367065e-01
1.471401005983352661e-01 -2.340980321168899536e-01
-4.488848894834518433e-02 -1.516571789979934692e-01
-2.727171219885349274e-02 1.282590925693511963e-01
2.812018990516662598e-01 -1.884151548147201538e-01
4.953153431415557861e-02 1.177786290645599365e-01
3.936958685517311096e-02 -2.038991451263427734e-01
-8.012615889310836792e-02 2.879891693592071533e-01
1.188435554504394531e-01 -3.097796738147735596e-01
-2.195917516946792603e-01 1.757911294698715210e-01
-1.400043070316314697e-01 2.064447104930877686e-01
2.348748594522476196e-02 -1.783765107393264771e-01
-2.422927021980285645e-01 5.570811778306961060e-02
1.803451478481292725e-01 -2.630175948143005371e-01
2.519198693335056305e-02 -6.400770694017410278e-02
1.630250215530395508e-01 -2.152556926012039185e-01
1.175217181444168091e-01 -1.154883131384849548e-01
2.187939882278442383e-01 -2.238514646887779236e-02
2.101170569658279419e-01 -2.594838142395019531e-01
-1.948864907026290894e-01 2.568310797214508057e-01
-1.679330021142959595e-01 -2.700785733759403229e-02
-1.743217110633850098e-01 2.776716947555541992e-01
-1.207079067826271057e-01 2.206179052591323853e-01
3.476793766021728516e-01 -1.184594482183456421e-01
4.171516373753547668e-02 -1.329076588153839111e-01
2.733126878738403320e-01 -1.847578138113021851e-01
8.401466161012649536e-02 -1.115438863635063171e-01
7.317374646663665771e-02 -1.760731786489486694e-01
4.151571169495582581e-02 5.939900875091552734e-02
2.438875734806060791e-01 -1.397647112607955933e-01
-1.589508354663848877e-01 -7.203058898448944092e-02
-2.100305855274200439e-01 9.902383387088775635e-02
6.673340499401092529e-02 -2.507533729076385498e-01
-5.113673582673072815e-02 6.413606554269790649e-02
-1.068293228745460510e-01 -1.136096492409706116e-01
1.976782679557800293e-01 6.927421689033508301e-02
-1.434123516082763672e-01 1.281186044216156006e-01
1.655703596770763397e-02 -4.279406368732452393e-02
-1.268443316221237183e-01 -4.340992122888565063e-02
2.214026898145675659e-01 -1.465655118227005005e-01
6.691433023661375046e-03 8.112637698650360107e-02
1.055836156010627747e-01 -6.626634299755096436e-02
9.099290519952774048e-02 2.710269577801227570e-02
-1.832944303750991821e-01 2.989674219861626625e-03
1.622549444437026978e-01 -1.670593172311782837e-01
2.975960969924926758e-01 -1.231627389788627625e-01
-1.274689584970474243e-01 1.670109480619430542e-01
3.359704464673995972e-02 -2.133671641349792480e-01
-3.224497735500335693e-01 2.649558186531066895e-01
1.947387754917144775e-01 -9.306922554969787598e-02
4.497010260820388794e-02 -1.204528063535690308e-01
6.021946296095848083e-02 -1.480402201414108276e-01
-5.257336795330047607e-02 8.955672383308410645e-02
-7.052404433488845825e-02 1.300445497035980225e-01
-1.201766058802604675e-01 6.504642963409423828e-02
3.382483497262001038e-02 1.081804037094116211e-01
-1.545987129211425781e-01 1.133427545428276062e-01
2.342950850725173950e-01 -3.071523606777191162e-01
-1.362709403038024902e-01 2.299156635999679565e-01
-7.882001996040344238e-02 1.078294031322002411e-02
-1.889808475971221924e-01 -1.569293439388275146e-02
1.193015053868293762e-01 -3.468081951141357422e-01
-2.384912222623825073e-01 1.867304146289825439e-01
9.706197679042816162e-02 -1.217822264879941940e-02
-1.299686133861541748e-01 8.513570576906204224e-02
1.883988082408905029e-01 -1.431136671453714371e-02
-1.513422727584838867e-01 2.000009268522262573e-01
-4.159280657768249512e-02 5.882965400815010071e-02
-1.770078390836715698e-01 2.086400389671325684e-01
-1.169212046079337597e-04 -9.602109342813491821e-02
-1.097313538193702698e-01 -1.277107298374176025e-01
-1.482363939285278320e-01 2.496571540832519531e-01
1.473519057035446167e-01 -1.402423083782196045e-01
-4.539195820689201355e-02 -2.465301938354969025e-02
-3.796812146902084351e-02 1.415073871612548828e-01
2.960541844367980957e-01 -1.736776381731033325e-01
-1.232446264475584030e-02 2.092712791636586189e-03
3.213085606694221497e-02 1.021561995148658752e-01
-1.237617880105972290e-01 2.556501189246773720e-03
6.682330369949340820e-02 -2.396857738494873047e-02
-9.647179394960403442e-02 1.758122891187667847e-01
3.296462818980216980e-03 -1.185893267393112183e-01
1.114381700754165649e-01 -3.538778424263000488e-02
-3.108403470832854509e-04 -1.081365067511796951e-02
-1.677464246749877930e-01 -3.945424035191535950e-02
-1.320902556180953979e-01 1.483267098665237427e-01
-6.226840615272521973e-02 8.747717738151550293e-02
3.167378157377243042e-02 5.620263516902923584e-02
-9.800073690712451935e-03 1.918058097362518311e-01
-1.100580990314483643e-01 -4.942668974399566650e-02
1.899594627320766449e-02 -3.870507702231407166e-02
1.679210923612117767e-02 5.746403336524963379e-02
5.786027386784553528e-02 -4.012984037399291992e-02
2.729727625846862793e-01 -7.148993760347366333e-02
2.145295590162277222e-02 8.421587757766246796e-03
8.285221457481384277e-02 -4.740808159112930298e-02
2.021295428276062012e-01 -1.336521804332733154e-01
-1.120983958244323730e-01 7.423127442598342896e-02
