2.893584072589874268e-01 -1.384955942630767822e-01
1.265852451324462891e-01 -2.014763206243515015e-01
-4.335178434848785400e-01 2.990437746047973633e-01
2.112077921628952026e-01 -2.649129629135131836e-01
5.395744442939758301e-01 -5.030785202980041504e-01
3.015839755535125732e-01 -2.240712642669677734e-01
3.150793910026550293e-01 -2.482993155717849731e-01
-2.544716596603393555e-01 2.763308286666870117e-01
2.181685268878936768e-01 -4.510310888290405273e-01
-7.801286876201629639e-02 3.688554512336850166e-03
2.824760042130947113e-02 7.842504978179931641e-02
3.197605162858963013e-02 2.369998246431350708e-01
1.547020971775054932e-01 -1.545778959989547729e-01
-2.199490219354629517e-01 1.534272432327270508e-01
-2.495864629745483398e-01 2.298111766576766968e-01
2.177004367113113403e-01 -1.089060977101325989e-01
-1.405465453863143921e-01 8.669572323560714722e-02
2.067122310400009155e-01 -3.632064163684844971e-01
7.594668865203857422e-02 1.391063332557678223e-01
8.875439316034317017e-02 -1.215652748942375183e-01
-4.345690011978149414e-01 3.486699759960174561e-01
1.113675301894545555e-03 -1.633026450872421265e-01
-2.091204933822154999e-02 -1.016592141240835190e-03
2.394412308931350708e-01 -3.540645539760589600e-01
-2.226273715496063232e-01 1.923003345727920532e-01
-8.075217157602310181e-02 1.307548284530639648e-01
1.484682690352201462e-02 -1.251718029379844666e-02
2.997557520866394043e-01 -4.923912510275840759e-02
-2.473881691694259644e-01 4.347555637359619141e-01
3.194027245044708252e-01 -3.112024962902069092e-01
3.968434333801269531e-01 -2.560064792633056641e-01
2.015977539122104645e-02 -6.332066655158996582e-02
-3.820596337318420410e-01 2.097190320491790771e-01
1.433683484792709351e-01 -2.747918665409088135e-02
-8.934365212917327881e-02 5.656206514686346054e-03
-7.234483212232589722e-02 6.340199708938598633e-02
1.581645309925079346e-01 -3.566869795322418213e-01
4.236520454287528992e-02 -2.260143682360649109e-02
-2.480781674385070801e-01 1.881852746009826660e-01
6.304506659507751465e-01 -4.977287948131561279e-01
8.094950765371322632e-02 -6.256372481584548950e-02
-4.485261142253875732e-01 5.873088240623474121e-01
-8.327144384384155273e-02 1.836515814065933228e-01
-1.321961730718612671e-01 -9.453635662794113159e-02
-7.619372010231018066e-02 1.744603216648101807e-01
7.516688108444213867e-02 -4.708894714713096619e-02
-1.047836542129516602e-01 2.063991688191890717e-02
-3.395605981349945068e-01 1.682275980710983276e-01
-3.081946372985839844e-01 2.368092089891433716e-01
-4.490973949432373047e-01 2.345358729362487793e-01
-2.037039995193481445e-01 8.465771377086639404e-02
4.673738777637481689e-01 -4.344745576381683350e-01
6.951570510864257812e-01 -5.423724055290222168e-01
1.852450892329216003e-02 -4.060631245374679565e-02
2.204681783914566040e-01 -1.533409357070922852e-01
3.581730425357818604e-01 -3.977345824241638184e-01
-2.245307713747024536e-02 2.318579331040382385e-02
1.287322938442230225e-01 -2.072044163942337036e-01
4.478679001331329346e-01 -4.614077508449554443e-01
-1.971634328365325928e-01 1.197170540690422058e-01
7.797998189926147461e-02 -9.433832019567489624e-02
3.236222267150878906e-01 -2.550696134567260742e-01
1.378150433301925659e-01 -1.956045478582382202e-01
-7.002451270818710327e-02 1.388890296220779419e-01
-1.882504522800445557e-01 2.914786040782928467e-01
-4.431572854518890381e-01 4.846228659152984619e-01
-4.558793604373931885e-01 4.486400485038757324e-01
9.924518465995788574e-01 -9.266954660415649414e-01
4.436200857162475586e-01 -3.606149554252624512e-01
8.833557367324829102e-02 -2.434638589620590210e-01
5.309365987777709961e-01 -5.304158926010131836e-01
-6.462244391441345215e-01 4.728235900402069092e-01
9.651157855987548828e-01 -1.083664298057556152e+00
-2.764588296413421631e-01 2.698149681091308594e-01
3.111824691295623779e-01 -4.709889367222785950e-02
1.439840048551559448e-01 -1.355450972914695740e-02
3.482883572578430176e-01 -2.849323749542236328e-01
1.331091821193695068e-01 -1.771551966667175293e-01
-9.124396443367004395e-01 1.088053226470947266e+00
-2.446698099374771118e-01 2.398665547370910645e-01
-2.430064678192138672e-01 2.140354365110397339e-01
-6.171843502670526505e-03 2.123182266950607300e-01
-7.545026540756225586e-01 9.464744329452514648e-01
4.262066185474395752e-01 -4.721949398517608643e-01
-7.511312365531921387e-01 5.558370351791381836e-01
5.180803537368774414e-01 -4.577346444129943848e-01
1.795515269041061401e-01 -8.811461925506591797e-02
1.140908837318420410e+00 -1.395349264144897461e+00
-1.533181667327880859e-01 3.508844971656799316e-01
4.023276567459106445e-01 -4.390066564083099365e-01
3.315090239048004150e-01 -5.556593537330627441e-01
4.655322432518005371e-01 -3.490814268589019775e-01
-7.885551452636718750e-01 1.056033253669738770e+00
1.961069703102111816e-01 -2.598335742950439453e-01
7.301847934722900391e-01 -6.778314113616943359e-01
1.917747110128402710e-01 -1.433801800012588501e-01
-8.174083828926086426e-01 5.896089673042297363e-01
1.906681954860687256e-01 -3.595618009567260742e-01
-2.118418961763381958e-01 4.322773218154907227e-01
-2.228929996490478516e-01 2.429995983839035034e-01
2.407162822782993317e-02 -1.205209717154502869e-01
1.508293896913528442e-01 -1.755770742893218994e-01
4.342217463999986649e-03 -4.154944792389869690e-02
1.074283719062805176e+00 -9.334424138069152832e-01
-1.731602698564529419e-01 3.340376317501068115e-01
-1.117396235466003418e+00 1.042086362838745117e+00
6.854737997055053711e-01 -4.565261602401733398e-01
-7.416595220565795898e-01 7.681413888931274414e-01
5.618655085563659668e-01 -6.735610961914062500e-01
7.610295712947845459e-02 1.149864047765731812e-01
-5.491297841072082520e-01 5.194783806800842285e-01
-4.414879083633422852e-01 4.478637278079986572e-01
-2.843028008937835693e-01 -2.995163202285766602e-02
-4.670504629611968994e-01 1.458699703216552734e-01
3.251150622963905334e-02 -8.273416012525558472e-02
3.935689926147460938e-01 -6.091347932815551758e-01
1.698880672454833984e+00 -1.576839685440063477e+00
-3.255646228790283203e-01 1.862211078405380249e-01
3.569693267345428467e-01 -8.732666075229644775e-02
3.217200934886932373e-01 -4.601235985755920410e-01
-2.378330081701278687e-01 4.198639988899230957e-01
6.302770376205444336e-01 -5.445220470428466797e-01
6.351950764656066895e-01 -7.613829374313354492e-01
5.187959074974060059e-01 -5.963502526283264160e-01
-1.041976362466812134e-01 -1.625482439994812012e-01
1.496237218379974365e-01 -1.631274968385696411e-01
5.017740651965141296e-02 -1.571287661790847778e-01
7.532072067260742188e-02 -2.294635325670242310e-01
-3.269068002700805664e-01 4.812827706336975098e-01
1.075050383806228638e-01 1.581099070608615875e-02
-1.596286743879318237e-01 3.705600276589393616e-02
1.027786135673522949e-01 -2.025738507509231567e-01
1.585946917533874512e+00 -1.560703635215759277e+00
7.938358187675476074e-02 -2.136253416538238525e-01
7.139866948127746582e-01 -5.748662948608398438e-01
-2.729271650314331055e-01 3.548414409160614014e-01
-1.978103630244731903e-02 -7.337019313126802444e-03
-3.920449614524841309e-01 5.688831210136413574e-01
-3.585663735866546631e-01 2.427431792020797729e-01
-8.555682897567749023e-01 9.793595671653747559e-01
-1.072456240653991699e+00 7.888101935386657715e-01
-9.520602226257324219e-02 -8.979261666536331177e-02
-4.996982514858245850e-01 8.272294998168945312e-01
-1.232453901320695877e-02 -1.096574887633323669e-01
3.990902900695800781e-01 -2.913400828838348389e-01
-4.083727598190307617e-01 2.769107520580291748e-01
-5.465710163116455078e-01 5.951166749000549316e-01
5.504162311553955078e-01 -5.512223839759826660e-01
-1.330970972776412964e-01 6.608427315950393677e-02
1.865324378013610840e-01 -1.376866102218627930e-01
5.073093771934509277e-01 -6.329920291900634766e-01
8.459270596504211426e-01 -8.675280213356018066e-01
-2.388214170932769775e-01 2.429276853799819946e-01
4.495429694652557373e-01 -3.020390570163726807e-01
-5.424844622611999512e-01 7.973711490631103516e-01
1.122426271438598633e+00 -9.512776732444763184e-01
-1.333075668662786484e-02 2.023014239966869354e-02
4.324435591697692871e-01 -4.104557037353515625e-01
4.709258973598480225e-01 -5.270594954490661621e-01
1.994849145412445068e-01 -3.620232641696929932e-01
-4.912404417991638184e-01 4.483879506587982178e-01
4.484420120716094971e-01 -3.018277883529663086e-01
-1.300184875726699829e-01 1.520477235317230225e-01
-1.102861315011978149e-01 2.243708074092864990e-02
1.498359739780426025e-01 -2.030431628227233887e-01
3.949395120143890381e-01 -2.957648634910583496e-01
2.839021682739257812e-01 -4.331136345863342285e-01
-5.736091732978820801e-01 2.868711054325103760e-01
-6.740414351224899292e-02 9.988640993833541870e-02
-2.630455195903778076e-01 4.362150430679321289e-01
1.851544529199600220e-01 -1.302457302808761597e-01
-9.005679488182067871e-01 1.101423263549804688e+00
2.924752533435821533e-01 -3.813941180706024170e-01
2.163479179143905640e-01 9.441232308745384216e-03
5.170778036117553711e-01 -6.025751829147338867e-01
-1.135954499244689941e+00 1.127891302108764648e+00
-2.732974886894226074e-01 2.827274501323699951e-01
5.827019810676574707e-01 -6.980140805244445801e-01
-3.786149919033050537e-01 2.338211089372634888e-01
5.424871444702148438e-01 -4.596701562404632568e-01
5.516256690025329590e-01 -6.258471012115478516e-01
4.270771145820617676e-01 -4.201072156429290771e-01
6.147614121437072754e-01 -9.293497800827026367e-01
1.414944082498550415e-01 -1.724200695753097534e-01
-5.235182642936706543e-01 4.597465097904205322e-01
-3.330647349357604980e-01 2.781036198139190674e-01
1.226908683776855469e+00 -1.327443122863769531e+00
1.678808331489562988e-01 -1.567482203245162964e-01
-8.114068508148193359e-01 8.290680646896362305e-01
1.880644261837005615e-01 -1.325742900371551514e-01
-1.233767345547676086e-01 2.757953703403472900e-01
2.275772541761398315e-01 -2.174373418092727661e-01
-2.027249634265899658e-01 2.328468412160873413e-01
-2.590830624103546143e-01 2.705625891685485840e-01
1.008148416876792908e-01 -2.597630620002746582e-01
6.928360462188720703e-02 -1.852316260337829590e-01
7.605949640274047852e-01 -5.477731823921203613e-01
-7.247149944305419922e-02 4.685469344258308411e-02
1.168700903654098511e-01 -8.720584213733673096e-03
1.046300865709781647e-02 -7.078435271978378296e-03
6.044315174221992493e-02 -1.152959093451499939e-01
-1.304429024457931519e-01 -6.197581440210342407e-02
2.054872363805770874e-01 -1.176786348223686218e-01
-5.991132184863090515e-02 9.062921255826950073e-02
8.037831634283065796e-02 -2.533595263957977295e-02
1.833129823207855225e-01 3.086546435952186584e-02
-1.045787036418914795e-01 3.217165470123291016e-01
-4.177055135369300842e-02 9.853471070528030396e-03
2.474136799573898315e-01 -2.433561086654663086e-01
1.535557657480239868e-01 -1.429473906755447388e-01
-2.610130012035369873e-01 2.829321026802062988e-01
7.688748091459274292e-02 1.397154778242111206e-01
-1.471712887287139893e-01 1.773786097764968872e-01
6.958222389221191406e-02 -2.195724993944168091e-01
-1.531118601560592651e-01 -3.608435764908790588e-02
-2.046145796775817871e-01 1.329424977302551270e-01
2.152771651744842529e-01 -2.593718767166137695e-01
5.963969230651855469e-02 -6.623390945605933666e-04
3.836117684841156006e-02 1.824236512184143066e-01
1.074196696281433105e-01 -1.035677194595336914e-01
1.320050805807113647e-01 4.030220210552215576e-02
5.989219620823860168e-02 -9.536446630954742432e-02
1.961261779069900513e-01 -2.400561422109603882e-01
-3.134072199463844299e-02 1.142537668347358704e-01
-4.366045296192169189e-01 2.888553440570831299e-01
3.874442353844642639e-02 -2.794002182781696320e-02
3.819249942898750305e-02 -8.708222210407257080e-02
2.386400699615478516e-01 -1.534653753042221069e-01
-6.995015591382980347e-02 -6.245584040880203247e-02
8.051741868257522583e-02 -8.894339203834533691e-02
-8.207790553569793701e-02 -1.283634901046752930e-01
7.473880797624588013e-02 -1.185735017061233521e-01
-3.739708960056304932e-01 2.677926719188690186e-01
-5.813727527856826782e-02 1.540132015943527222e-01
2.465918213129043579e-01 -2.697247564792633057e-01
-7.125993072986602783e-02 2.480161637067794800e-01
-1.311767380684614182e-02 9.282931685447692871e-02
4.622001200914382935e-02 5.027059465646743774e-03
8.590004593133926392e-02 1.764409430325031281e-02
-9.062156081199645996e-02 -6.809316575527191162e-02
-1.911055594682693481e-01 1.355534195899963379e-01
2.046933025121688843e-01 -2.597455680370330811e-01
4.466404020786285400e-02 -1.363165676593780518e-01
1.112786680459976196e-01 7.581074256449937820e-03
-1.292764097452163696e-01 -5.807895958423614502e-02
-1.769148260354995728e-01 9.957528859376907349e-02
2.504294216632843018e-01 -3.107391297817230225e-01
2.059309184551239014e-01 -4.535353276878595352e-03
-1.383683681488037109e-01 1.749935895204544067e-01
8.800529688596725464e-02 -4.219782352447509766e-02
2.606171369552612305e-01 -1.404490768909454346e-01
-9.060531109571456909e-02 2.854904830455780029e-01
4.374401178210973740e-03 -8.223716169595718384e-02
-1.469579935073852539e-01 4.395408555865287781e-02
7.363067567348480225e-02 -1.352421790361404419e-01
9.330770373344421387e-02 -9.671526961028575897e-03
