4.857772216200828552e-02 5.435007065534591675e-02
4.395587369799613953e-02 3.092718124389648438e-02
1.570842228829860687e-02 -6.405014544725418091e-02
9.100577235221862793e-02 -3.737201169133186340e-02
1.284261606633663177e-02 9.456963837146759033e-02
-5.839662998914718628e-02 -4.426917806267738342e-02
-9.164372831583023071e-02 1.794917508959770203e-02
3.319362550973892212e-02 -6.018894538283348083e-02
7.896713167428970337e-02 5.183156579732894897e-02
1.147174164652824402e-01 1.848642528057098389e-02
-3.069731406867504120e-02 -4.000955447554588318e-02
-2.826082520186901093e-02 1.482003647834062576e-02
-8.692052797414362431e-04 7.377667818218469620e-03
5.801152065396308899e-02 5.505124107003211975e-02
8.632088452577590942e-02 3.175329044461250305e-02
-1.856075599789619446e-02 1.481260359287261963e-01
2.368955872952938080e-02 -6.512464955449104309e-03
2.709182538092136383e-02 1.006546169519424438e-01
-9.652630239725112915e-02 6.597162224352359772e-03
2.330861054360866547e-02 6.805044133216142654e-03
-1.788748651742935181e-01 -1.615608111023902893e-02
-7.534942030906677246e-02 -1.405013054609298706e-01
7.327178865671157837e-02 3.663323121145367622e-03
4.074786975979804993e-02 -1.306343674659729004e-01
-2.374355494976043701e-01 -1.019509956240653992e-01
-1.093742400407791138e-01 -2.065804153680801392e-01
2.495105937123298645e-02 3.497973084449768066e-02
-2.876485139131546021e-02 -3.137316321954131126e-03
3.599970042705535889e-02 2.961445413529872894e-02
9.699521213769912720e-02 -8.995184674859046936e-03
-5.712473765015602112e-02 3.230297937989234924e-02
-1.943707317113876343e-01 -1.073684766888618469e-01
1.033908277750015259e-01 4.132463783025741577e-02
3.696010634303092957e-02 1.123783886432647705e-01
1.012683659791946411e-02 1.382722556591033936e-01
-3.115605190396308899e-02 1.933574676513671875e-02
2.522348761558532715e-01 -1.370489038527011871e-02
1.519811339676380157e-02 -4.690974950790405273e-02
-7.361732423305511475e-02 5.732515826821327209e-02
1.337394118309020996e-03 2.683476544916629791e-02
1.194867119193077087e-02 -1.717700064182281494e-02
1.583381742238998413e-02 -3.196511045098304749e-02
-1.036221235990524292e-01 -4.027557373046875000e-02
3.072070516645908356e-02 -1.773094758391380310e-03
1.228068843483924866e-01 -4.518442228436470032e-02
-2.750145457684993744e-02 3.682598471641540527e-02
4.101602826267480850e-03 -1.722767390310764313e-02
-2.107337675988674164e-02 3.451099246740341187e-02
-4.403987899422645569e-02 -1.062106937170028687e-01
-7.659780234098434448e-02 -5.896015465259552002e-02
1.627137064933776855e-01 1.185922790318727493e-02
-1.302234269678592682e-02 -9.865740686655044556e-02
-2.853359654545783997e-02 1.032927781343460083e-01
-1.303258687257766724e-01 -1.427332460880279541e-01
4.152684286236763000e-02 2.017712686210870743e-03
-1.381767243146896362e-01 -5.033814813941717148e-03
1.143792527727782726e-03 5.648482590913772583e-02
-6.285993754863739014e-02 -6.142266839742660522e-02
7.158958166837692261e-02 6.947174202650785446e-03
2.329614246264100075e-03 1.721009425818920135e-02
9.381689876317977905e-02 -1.119808759540319443e-03
-8.455297350883483887e-02 5.822713300585746765e-02
7.592306286096572876e-02 5.215514916926622391e-03
-3.403630852699279785e-02 -3.729562833905220032e-02
-6.662048399448394775e-02 2.884057760238647461e-01
-6.887320429086685181e-02 -2.212177403271198273e-02
1.729386150836944580e-01 -1.510953251272439957e-02
8.023626357316970825e-02 -9.261154383420944214e-02
-2.043192684650421143e-01 2.282177954912185669e-01
2.919574379920959473e-01 -1.775948256254196167e-01
-1.343019157648086548e-01 1.318771988153457642e-01
1.272441893815994263e-01 -9.096969151869416237e-04
-9.432134032249450684e-02 -9.897354990243911743e-02
7.817605137825012207e-02 -1.360603868961334229e-01
-6.563265924341976643e-04 -9.954994171857833862e-02
-2.336501143872737885e-03 1.200283020734786987e-01
-2.155689708888530731e-02 1.163371130824089050e-01
-2.244797199964523315e-01 1.647430509328842163e-01
5.170013755559921265e-03 -2.018418461084365845e-01
-2.667778134346008301e-01 1.839885264635086060e-01
-1.559257060289382935e-01 7.228485494852066040e-02
4.463311284780502319e-02 -8.619069308042526245e-02
-1.216770932078361511e-01 1.572586447000503540e-01
-1.981389671564102173e-01 -5.098617821931838989e-02
-9.189689531922340393e-03 -2.168969213962554932e-01
2.202259451150894165e-01 -2.594296932220458984e-01
2.115438580513000488e-01 -3.193708658218383789e-01
2.939081192016601562e-01 -2.808281481266021729e-01
4.103261604905128479e-02 9.806030243635177612e-02
1.180540099740028381e-01 7.228741794824600220e-02
-1.967000961303710938e-01 8.736228197813034058e-02
-2.253106608986854553e-02 1.753645539283752441e-01
1.784754171967506409e-02 -5.550448596477508545e-02
3.768595680594444275e-02 3.423640504479408264e-02
-6.161162629723548889e-03 2.289527654647827148e-01
8.948359638452529907e-02 7.647057063877582550e-03
1.217696815729141235e-01 -1.183685213327407837e-01
-2.046821862459182739e-01 1.170711033046245575e-02
-5.671326816082000732e-02 9.491198509931564331e-02
-5.467103049159049988e-02 6.951799988746643066e-02
3.759256303310394287e-01 -3.082278966903686523e-01
-6.767917424440383911e-03 -2.582125365734100342e-02
-5.472180843353271484e-01 4.032976031303405762e-01
7.822669111192226410e-03 -8.506832271814346313e-02
1.534917354583740234e-01 -1.556223034858703613e-01
-3.396372497081756592e-02 5.257084965705871582e-02
3.948888555169105530e-02 -7.657380402088165283e-02
5.605498701333999634e-02 1.961848884820938110e-02
3.002924099564552307e-02 -1.764023602008819580e-01
-3.484229743480682373e-02 1.947750151157379150e-01
-5.978687852621078491e-02 6.956334225833415985e-03
-2.260165214538574219e-01 2.838650047779083252e-01
1.199227795004844666e-01 -2.137828618288040161e-01
-3.464536666870117188e-01 3.615766763687133789e-01
2.516097426414489746e-01 -3.084180057048797607e-01
1.947673782706260681e-02 -1.233265474438667297e-01
-9.861911833286285400e-02 3.956133872270584106e-02
2.650666423141956329e-02 6.665825843811035156e-02
-1.736285164952278137e-02 -3.288696706295013428e-02
-4.779311269521713257e-02 2.391917407512664795e-01
-1.168690174818038940e-01 1.876415163278579712e-01
6.616602838039398193e-02 1.179245486855506897e-01
-4.634035006165504456e-02 -1.068651601672172546e-01
2.487445995211601257e-02 -5.556490272283554077e-02
2.096577733755111694e-02 2.824643440544605255e-02
-2.307921648025512695e-01 -1.391011849045753479e-02
-2.259820252656936646e-01 6.935862451791763306e-02
-2.652042359113693237e-02 -8.074343204498291016e-02
-4.075703918933868408e-01 1.982580274343490601e-01
-2.282652705907821655e-01 3.226835429668426514e-01
-6.448890268802642822e-02 1.411778107285499573e-02
1.812835782766342163e-01 -1.053443700075149536e-01
-4.663631021976470947e-01 2.063484936952590942e-01
2.966549694538116455e-01 -2.394559532403945923e-01
-4.209933876991271973e-01 3.720297515392303467e-01
-1.055821701884269714e-01 4.458279907703399658e-02
-2.043210417032241821e-01 6.414265185594558716e-02
1.421289145946502686e-01 -2.059595137834548950e-01
-2.302713096141815186e-01 3.828986287117004395e-01
-1.552839390933513641e-02 -3.042186051607131958e-02
-7.430820725858211517e-03 1.228609159588813782e-01
-4.547055363655090332e-01 4.829336702823638916e-01
2.193340808153152466e-01 -2.319861352443695068e-01
-8.935104310512542725e-02 1.854219138622283936e-01
-2.841333448886871338e-01 2.259216737002134323e-03
-1.587509810924530029e-01 -5.924473982304334641e-03
-3.666168451309204102e-01 5.141720175743103027e-01
1.217450574040412903e-01 -1.200134530663490295e-01
2.492519319057464600e-01 -3.215630948543548584e-01
-2.534132264554500580e-02 -1.388050615787506104e-01
5.394545793533325195e-01 -6.895476579666137695e-01
6.265361905097961426e-01 -5.596299767494201660e-01
-7.788152247667312622e-02 -7.812722027301788330e-02
-4.837673902511596680e-02 1.027741283178329468e-01
2.748853713274002075e-02 -2.328213602304458618e-01
2.816235423088073730e-01 -3.126080334186553955e-02
2.513379156589508057e-01 -2.465505599975585938e-01
-1.663883328437805176e-01 2.014518380165100098e-01
-1.179053634405136108e-02 7.890547811985015869e-02
4.286625608801841736e-02 -8.852436393499374390e-02
1.818589866161346436e-02 5.074430257081985474e-03
-1.473566293716430664e-01 1.849022060632705688e-01
8.519742637872695923e-03 3.659522905945777893e-02
-1.365405172109603882e-01 2.182293087244033813e-01
3.512991368770599365e-01 -5.024745464324951172e-01
2.595062255859375000e-01 -2.202325612306594849e-01
-8.252612948417663574e-01 6.817782521247863770e-01
-6.157274544239044189e-02 2.710475213825702667e-02
2.084575891494750977e-01 4.265781491994857788e-02
-1.902158558368682861e-01 4.604049399495124817e-02
1.784394085407257080e-01 -2.314752340316772461e-01
2.524211406707763672e-01 -1.470576077699661255e-01
2.990282177925109863e-01 -1.911008656024932861e-01
-1.539814770221710205e-01 -3.863694518804550171e-02
2.374802231788635254e-01 -1.609244048595428467e-01
6.343327462673187256e-02 2.552959322929382324e-01
7.490933686494827271e-02 -1.755329221487045288e-01
-5.935430526733398438e-01 6.461153626441955566e-01
5.623607039451599121e-01 -5.665030479431152344e-01
7.570859789848327637e-02 3.197030350565910339e-02
-2.919783890247344971e-01 2.627973556518554688e-01
-4.113855659961700439e-01 3.591882288455963135e-01
7.125508040189743042e-02 -2.679569832980632782e-02
-3.817060887813568115e-01 3.693175017833709717e-01
-7.070508599281311035e-02 1.789845377206802368e-01
-1.568319648504257202e-01 -2.416072040796279907e-02
-2.889050543308258057e-01 2.998912036418914795e-01
-2.548997998237609863e-01 1.344347447156906128e-01
-1.046585142612457275e-01 2.225487679243087769e-01
-4.048674106597900391e-01 5.135838389396667480e-01
-3.649163842201232910e-01 3.636226952075958252e-01
9.576614201068878174e-02 -1.723680198192596436e-01
-2.091840803623199463e-01 1.060633212327957153e-01
3.470824286341667175e-02 -3.714528307318687439e-02
-2.290439046919345856e-02 -8.081743493676185608e-03
1.318893283605575562e-01 -2.204355150461196899e-01
-2.612673044204711914e-01 1.785535365343093872e-01
3.165635839104652405e-02 -2.161000110208988190e-02
-1.824081093072891235e-01 3.113911449909210205e-01
9.219022095203399658e-02 1.174048520624637604e-02
-7.841493934392929077e-02 4.262287914752960205e-02
1.120964530855417252e-02 3.194881975650787354e-02
-8.844423294067382812e-02 1.737297177314758301e-01
-1.238730251789093018e-01 1.605910062789916992e-01
-2.069793939590454102e-01 2.037284076213836670e-01
1.540628820657730103e-01 1.064288392663002014e-01
2.142450064420700073e-01 -2.711172914132475853e-03
-6.676516681909561157e-02 8.828876167535781860e-02
2.381350472569465637e-02 8.729366213083267212e-02
-6.786893587559461594e-03 4.110900312662124634e-02
-2.434487640857696533e-01 4.886901378631591797e-01
-2.480882778763771057e-02 -6.816830486059188843e-02
1.072001457214355469e-01 -2.285967469215393066e-01
-4.249097406864166260e-02 -1.950390487909317017e-01
4.748088717460632324e-01 -4.099283218383789062e-01
1.487756669521331787e-01 -7.470355927944183350e-02
1.669088751077651978e-02 -1.108218729496002197e-01
6.692099571228027344e-02 8.781768381595611572e-02
-4.503818601369857788e-02 6.726576481014490128e-03
3.267041146755218506e-01 -6.769484281539916992e-02
2.891156971454620361e-01 -2.607591636478900909e-02
-6.886424869298934937e-02 1.460815314203500748e-02
2.333603333681821823e-03 1.898379027843475342e-01
9.568776935338973999e-02 -5.701985955238342285e-02
6.544699519872665405e-02 -1.178528442978858948e-01
4.343098774552345276e-02 9.914304316043853760e-02
1.844836920499801636e-01 -3.985688090324401855e-02
-1.512937098741531372e-01 1.423103362321853638e-01
3.484028577804565430e-01 -1.947347074747085571e-01
2.387656830251216888e-02 2.552557885646820068e-01
-3.395316302776336670e-01 5.560579895973205566e-01
6.800031661987304688e-02 -9.752226620912551880e-02
1.428684592247009277e-01 -3.200433850288391113e-01
2.072218060493469238e-01 -8.660101145505905151e-02
-6.181940063834190369e-02 1.171575337648391724e-01
3.321553170680999756e-01 -3.116191327571868896e-01
7.237855345010757446e-02 -8.788744360208511353e-02
2.613764815032482147e-02 -5.013535544276237488e-02
9.948542714118957520e-02 -1.071011722087860107e-01
-1.706440150737762451e-01 1.701024472713470459e-01
1.757273524999618530e-01 -1.804046481847763062e-01
-8.160907775163650513e-02 1.100273057818412781e-01
2.735214531421661377e-01 -2.391098141670227051e-01
1.489220857620239258e-01 -4.085820913314819336e-02
-1.713543981313705444e-01 2.190008014440536499e-01
-2.899646013975143433e-02 7.334868609905242920e-02
-1.472618132829666138e-01 -2.279845299199223518e-03
-2.909367345273494720e-02 1.506577432155609131e-01
-2.946317493915557861e-01 1.578885912895202637e-01
-4.554475545883178711e-01 4.357578754425048828e-01
-1.523630321025848389e-02 1.906020492315292358e-01
-5.442978814244270325e-02 8.591830730438232422e-02
1.402894780039787292e-02 -1.102130562067031860e-01
-1.213573887944221497e-01 4.299709200859069824e-01
-7.391367107629776001e-02 1.913990229368209839e-01
1.322606950998306274e-01 -5.091970413923263550e-02
