-5.905067548155784607e-02 8.112894743680953979e-02
2.205615937709808350e-01 -1.510976850986480713e-01
1.293397098779678345e-01 -1.461350768804550171e-01
-1.324361655861139297e-02 1.460883766412734985e-01
1.124528143554925919e-02 -2.850604355335235596e-01
6.821851432323455811e-02 -1.903697699308395386e-01
1.871916502714157104e-01 2.109508216381072998e-02
-2.861768901348114014e-01 2.169701904058456421e-01
1.801237761974334717e-01 3.152137622237205505e-02
-9.470751136541366577e-02 5.730944871902465820e-02
-1.625631898641586304e-01 3.824587538838386536e-02
-2.282438576221466064e-01 1.635091900825500488e-01
1.314141601324081421e-01 -8.010256290435791016e-02
9.930200874805450439e-02 -1.953167766332626343e-01
6.833445280790328979e-02 -1.002625897526741028e-01
2.334731817245483398e-01 -2.949424833059310913e-02
-2.575013339519500732e-01 5.185299366712570190e-02
-6.056946888566017151e-02 -3.495571902021765709e-03
3.227185085415840149e-02 -6.170097738504409790e-02
1.613650768995285034e-01 -1.296252161264419556e-01
-2.296832948923110962e-02 -1.584751717746257782e-02
-1.299277395009994507e-01 1.084599047899246216e-01
-8.622575551271438599e-02 3.423789143562316895e-02
3.156540170311927795e-02 -1.031750738620758057e-01
-2.038471400737762451e-01 -7.389081642031669617e-03
-1.114187240600585938e-01 7.136216759681701660e-02
-6.186268106102943420e-02 1.506726741790771484e-01
6.551146507263183594e-02 -1.581740081310272217e-01
1.706441678106784821e-02 -3.497238084673881531e-02
2.497231513261795044e-01 1.192507799714803696e-02
7.148907333612442017e-02 -1.323026716709136963e-01
-1.809481531381607056e-01 1.294456571340560913e-01
1.659861207008361816e-01 -4.806974157691001892e-02
1.003074347972869873e-01 -2.005835920572280884e-01
6.057538837194442749e-02 -2.800494432449340820e-01
1.910260021686553955e-01 -9.365528821945190430e-02
-9.855830669403076172e-02 8.163937926292419434e-02
1.998751610517501831e-01 -2.051268965005874634e-01
-1.416402906179428101e-01 7.721079885959625244e-02
2.758231759071350098e-01 -2.019497901201248169e-01
9.844786487519741058e-03 -1.794408410787582397e-01
2.378359586000442505e-01 -1.328496038913726807e-01
-8.445113897323608398e-02 -3.598625585436820984e-02
-9.712863713502883911e-02 2.096355259418487549e-01
4.633252322673797607e-02 4.257973656058311462e-02
3.554992005228996277e-02 -2.130676358938217163e-01
1.018367111682891846e-01 -3.130659833550453186e-02
-3.590165451169013977e-02 -1.142537742853164673e-01
1.015589758753776550e-01 -1.451577991247177124e-02
-1.065022721886634827e-01 -1.085369661450386047e-02
1.823692917823791504e-01 -3.528192937374114990e-01
3.609609007835388184e-01 -8.174294233322143555e-02
3.214790821075439453e-01 -1.195409968495368958e-01
-2.590554952621459961e-01 8.301982283592224121e-02
-9.238236397504806519e-02 3.792232647538185120e-02
2.643282115459442139e-01 -2.640188038349151611e-01
1.558993104845285416e-02 -1.671388559043407440e-02
-2.599536776542663574e-01 2.500128448009490967e-01
7.478900998830795288e-02 -2.134900689125061035e-01
2.407243289053440094e-02 -9.719738364219665527e-02
-5.783951841294765472e-03 7.063208520412445068e-02
-1.576719433069229126e-02 6.244637444615364075e-02
1.771299242973327637e-01 -1.260574907064437866e-01
-2.458439618349075317e-01 4.986830055713653564e-02
-2.597340345382690430e-01 3.168759122490882874e-02
8.370912075042724609e-02 -4.389075562357902527e-02
1.260091811418533325e-01 1.199351102113723755e-01
2.898580729961395264e-01 -2.540274560451507568e-01
7.171959429979324341e-02 -1.708768010139465332e-01
-8.747242391109466553e-02 -1.418203413486480713e-01
-7.742071151733398438e-02 -5.088820587843656540e-03
1.123903468251228333e-01 -2.208851277828216553e-01
1.048654764890670776e-01 1.463841367512941360e-02
1.450799554586410522e-01 8.458072692155838013e-02
1.892649233341217041e-01 3.768450394272804260e-02
3.525327658280730247e-03 1.197856962680816650e-01
1.809932887554168701e-01 -1.953464001417160034e-01
3.957008942961692810e-02 -1.582739800214767456e-01
-6.306563038378953934e-03 -1.030047461390495300e-01
-4.779409244656562805e-02 1.517687551677227020e-02
2.130028456449508667e-01 -1.449276804924011230e-01
7.621032744646072388e-02 8.574962615966796875e-02
-1.994958817958831787e-01 8.279938995838165283e-02
-1.016204506158828735e-01 -3.438151255249977112e-02
-2.499796897172927856e-01 9.691245853900909424e-02
5.544132366776466370e-02 -2.144420146942138672e-02
1.274113506078720093e-01 6.503663491457700729e-03
1.369201391935348511e-01 -1.603040248155593872e-01
5.376458168029785156e-02 -2.544152438640594482e-01
-7.711265981197357178e-02 -7.740789558738470078e-03
-3.018879294395446777e-01 2.003629878163337708e-02
-1.321149021387100220e-01 -1.594546735286712646e-01
1.046207100152969360e-01 -2.229888886213302612e-01
-1.739258170127868652e-01 -5.855086818337440491e-02
1.212125793099403381e-01 -4.580855369567871094e-02
-2.862547710537910461e-02 -3.029703162610530853e-02
-5.676613748073577881e-02 -6.818433105945587158e-02
1.287873685359954834e-01 -5.017548426985740662e-02
3.467480093240737915e-02 -6.847901642322540283e-02
1.155069842934608459e-01 -9.083037078380584717e-02
1.502095013856887817e-01 -1.067646741867065430e-01
1.825826615095138550e-02 -1.364777982234954834e-01
-1.136617213487625122e-01 -1.336404029279947281e-02
-2.355468831956386566e-02 1.466399710625410080e-02
1.771354116499423981e-02 -1.832292824983596802e-01
-1.270636916160583496e-01 6.163334473967552185e-02
-1.117506027221679688e-01 1.394244879484176636e-01
1.115611419081687927e-01 3.799643740057945251e-02
-7.872595638036727905e-02 -4.435895942151546478e-03
1.121856272220611572e-01 -2.234199643135070801e-02
1.012893486768007278e-02 -9.712836146354675293e-02
1.443222165107727051e-01 -1.230951696634292603e-01
-1.468231678009033203e-01 1.065073534846305847e-01
-4.891054704785346985e-02 1.402799487113952637e-01
1.121077090501785278e-01 -8.385841548442840576e-02
1.942218095064163208e-01 -1.653428822755813599e-01
-1.276351213455200195e-01 1.566112339496612549e-01
-6.703092157840728760e-02 1.335914283990859985e-01
-7.151010632514953613e-02 8.602285385131835938e-02
2.085684537887573242e-01 -1.963113993406295776e-01
-8.547016978263854980e-02 3.125827759504318237e-02
-8.195793256163597107e-03 -1.759410500526428223e-01
8.601855486631393433e-02 -6.864939630031585693e-02
-1.137563064694404602e-01 7.110803574323654175e-02
-5.113249272108078003e-02 -7.153893262147903442e-02
2.186064422130584717e-01 -1.483550965785980225e-01
9.474872797727584839e-02 1.686162129044532776e-02
-8.014427870512008667e-02 7.275372743606567383e-02
5.311302095651626587e-02 -3.971432801336050034e-03
-5.331732332706451416e-02 -5.376416724175214767e-03
3.846599906682968140e-02 -1.232452169060707092e-01
-2.245286256074905396e-01 1.842893213033676147e-01
-8.430171757936477661e-02 2.165369391441345215e-01
4.325683414936065674e-02 -1.179031878709793091e-01
-2.100641131401062012e-01 1.397828757762908936e-01
1.908266171813011169e-02 -4.597699735313653946e-03
6.655596196651458740e-02 -1.345858722925186157e-01
1.806400567293167114e-01 -7.452991604804992676e-02
1.671042740345001221e-01 -1.517507135868072510e-01
-4.788164049386978149e-02 2.649662271142005920e-02
2.124831452965736389e-02 -1.395320445299148560e-01
2.411930412054061890e-01 -1.591312140226364136e-01
2.353359945118427277e-02 -2.154360413551330566e-01
1.390018463134765625e-01 -2.327987849712371826e-01
1.812082529067993164e-01 -9.922260046005249023e-02
-2.001469954848289490e-02 -5.649873241782188416e-02
-6.650475412607192993e-02 6.194358691573143005e-02
1.052564680576324463e-01 -4.806926473975181580e-02
1.289752274751663208e-01 -4.299432784318923950e-02
6.115421280264854431e-02 -1.642603725194931030e-01
3.624756261706352234e-02 9.010477364063262939e-02
-1.369906496256589890e-02 -5.904148519039154053e-02
6.891647726297378540e-02 2.932718023657798767e-03
1.506965607404708862e-01 -1.433643698692321777e-01
-1.691799610853195190e-01 8.843839913606643677e-02
2.636151760816574097e-02 9.563556313514709473e-02
7.810276001691818237e-02 1.319556217640638351e-02
1.425603479146957397e-01 -1.526385098695755005e-01
1.937237232923507690e-01 -1.078510805964469910e-01
-2.729177474975585938e-01 1.315781772136688232e-01
5.038162693381309509e-02 3.807855769991874695e-02
2.219366580247879028e-01 -6.810668110847473145e-02
4.792273044586181641e-02 6.068871356546878815e-03
-6.701494567096233368e-04 -4.514924064278602600e-02
1.604763269424438477e-01 1.559850871562957764e-01
3.829987347126007080e-02 8.105969429016113281e-02
3.076737187802791595e-02 -1.323903817683458328e-02
2.027996927499771118e-01 -3.174071609973907471e-01
-7.818754017353057861e-02 7.662693411111831665e-02
-2.080240994691848755e-01 1.603330969810485840e-01
1.861462444067001343e-01 -2.135372012853622437e-01
-4.229999706149101257e-02 1.847713738679885864e-01
-3.858410939574241638e-02 1.340245753526687622e-01
6.912615895271301270e-02 1.964387716725468636e-03
5.871185660362243652e-02 3.161272779107093811e-02
1.128411814570426941e-01 -1.119458749890327454e-01
1.872790157794952393e-01 -3.815409541130065918e-02
1.477750539779663086e-01 -1.495900601148605347e-01
-2.233567088842391968e-01 -4.561062529683113098e-02
2.193846553564071655e-01 -5.882598832249641418e-02
2.074534296989440918e-01 -1.692277640104293823e-01
5.134400352835655212e-02 1.359255164861679077e-01
7.097412645816802979e-02 -1.136188432574272156e-01
-4.699261859059333801e-02 2.797630801796913147e-02
1.745224595069885254e-01 -1.509726196527481079e-01
1.005138531327247620e-01 7.163240760564804077e-02
4.335927590727806091e-02 9.871999919414520264e-02
2.564845085144042969e-01 -6.767392903566360474e-02
-7.735050469636917114e-02 1.428973227739334106e-01
1.931992620229721069e-01 3.089613467454910278e-02
-2.173505276441574097e-01 5.893167853355407715e-02
9.854451753199100494e-03 -1.028773654252290726e-02
3.925155848264694214e-02 -2.755331993103027344e-01
-7.416409254074096680e-02 1.155262365937232971e-01
-8.772855252027511597e-02 -7.375398650765419006e-03
-9.174762666225433350e-02 1.110924631357192993e-01
-1.508654505014419556e-01 3.836191892623901367e-01
-1.017741560935974121e-01 1.284060925245285034e-01
-1.250808238983154297e-01 2.073564231395721436e-01
6.551929563283920288e-02 8.153412491083145142e-02
1.087061017751693726e-01 -7.433838676661252975e-03
2.065355628728866577e-01 -1.343747973442077637e-01
2.423344701528549194e-01 -9.142351895570755005e-02
1.735161542892456055e-01 -2.008235901594161987e-01
-1.694706380367279053e-01 1.495412439107894897e-01
5.570201948285102844e-02 1.798368096351623535e-01
9.919955581426620483e-02 -2.141342014074325562e-01
8.647259324789047241e-02 -2.179590165615081787e-01
1.398047953844070435e-01 -9.113065153360366821e-02
-1.790658384561538696e-01 2.244542986154556274e-01
1.054248958826065063e-01 -3.355182707309722900e-02
8.297754824161529541e-02 6.952099502086639404e-02
1.085785180330276489e-01 -5.340764299035072327e-02
2.703207917511463165e-02 3.035791218280792236e-02
4.300436004996299744e-02 -1.404725294560194016e-02
-1.353241205215454102e-01 -5.247883498668670654e-02
3.201642334461212158e-01 -2.166163474321365356e-01
5.455116182565689087e-02 -1.642544418573379517e-01
2.719966135919094086e-02 -2.289871722459793091e-01
-7.615655660629272461e-02 -4.116062074899673462e-02
-7.639278471469879150e-02 -6.969750672578811646e-02
-1.869284361600875854e-02 -2.100488841533660889e-01
1.943992674350738525e-01 -1.874382197856903076e-01
-2.516837418079376221e-01 2.221309691667556763e-01
-1.844837665557861328e-01 8.721072971820831299e-02
7.856248319149017334e-02 -4.343486577272415161e-02
-1.360592395067214966e-01 1.551209837198257446e-01
6.925784796476364136e-02 -8.540931344032287598e-02
-1.451778560876846313e-01 3.937227427959442139e-01
3.228100761771202087e-02 -1.421409845352172852e-01
1.721142679452896118e-01 -2.494240412488579750e-03
1.848720163106918335e-01 -2.863722294569015503e-02
1.670307517051696777e-01 -3.546156883239746094e-01
-4.649132490158081055e-02 -1.462880671024322510e-01
6.307794153690338135e-02 -2.165101468563079834e-01
-5.026781186461448669e-02 -2.806859612464904785e-01
-6.462723761796951294e-02 -9.426318854093551636e-02
1.420327275991439819e-01 2.902616560459136963e-02
-8.052260614931583405e-03 -1.175641864538192749e-01
5.610462650656700134e-02 -3.207198381423950195e-01
2.435546368360519409e-01 -3.084916248917579651e-02
6.654951721429824829e-02 -1.972082406282424927e-01
-1.280665546655654907e-01 2.156931161880493164e-01
-2.212385684251785278e-01 1.586191207170486450e-01
8.548708260059356689e-02 -1.395534276962280273e-01
-1.189984902739524841e-01 -1.293842121958732605e-02
1.373947411775588989e-01 -2.986009046435356140e-02
1.644336432218551636e-01 -2.099709361791610718e-01
1.542036533355712891e-01 -9.134775958955287933e-03
-1.985227130353450775e-02 -8.548439480364322662e-03
-7.708068937063217163e-02 1.236048266291618347e-01
3.422325253486633301e-01 -1.807555556297302246e-01
-1.179565712809562683e-01 3.597683738917112350e-03
2.579681277275085449e-01 -1.012860462069511414e-01
8.225018531084060669e-02 -1.774221956729888916e-01
7.167721539735794067e-02 -1.776474565267562866e-01
