3.862436413764953613e-01 -5.522802472114562988e-01
-4.272610321640968323e-02 1.528386175632476807e-01
8.526516705751419067e-02 -1.590049564838409424e-01
-9.095385670661926270e-02 -9.556739032268524170e-02
9.825403243303298950e-02 -1.505841612815856934e-01
-2.270272076129913330e-01 1.332504749298095703e-01
2.278920263051986694e-01 -1.946447044610977173e-01
2.900833785533905029e-01 -9.743440896272659302e-02
-4.344826936721801758e-02 1.402229908853769302e-02
-9.752321243286132812e-02 8.833540230989456177e-02
5.587689951062202454e-02 -1.384506523609161377e-01
3.438640832901000977e-01 -3.036232888698577881e-01
-1.959874778985977173e-01 2.034110128879547119e-01
-3.405776917934417725e-01 2.396891117095947266e-01
-3.186866939067840576e-01 3.418436646461486816e-01
9.387361258268356323e-02 1.429277211427688599e-01
6.808139681816101074e-01 -5.887899994850158691e-01
4.339547157287597656e-01 -1.758201271295547485e-01
8.755053579807281494e-02 2.390823559835553169e-03
4.260310437530279160e-03 3.200724720954895020e-02
-1.264876574277877808e-01 7.495129853487014771e-02
9.743190556764602661e-02 -1.241359412670135498e-01
-1.570272445678710938e-01 2.071911841630935669e-01
1.660139411687850952e-01 -2.388331890106201172e-01
-2.365087866783142090e-01 1.234051436185836792e-01
-7.152004539966583252e-02 2.205353379249572754e-01
2.598678926005959511e-03 3.746112436056137085e-02
7.915907353162765503e-02 -2.417319864034652710e-01
-1.110831052064895630e-01 -3.202096372842788696e-02
1.856536567211151123e-01 -7.582197338342666626e-02
-5.986238718032836914e-01 5.694799423217773438e-01
-3.322713971138000488e-01 3.479704558849334717e-01
-1.030197814106941223e-01 9.049588441848754883e-02
1.313099414110183716e-01 -2.329334765672683716e-01
-3.108878992497920990e-02 5.599381774663925171e-02
-2.819146215915679932e-01 2.844126522541046143e-01
-2.025037854909896851e-01 1.131613329052925110e-01
-2.094640284776687622e-01 1.200959365814924240e-02
6.333109140396118164e-01 -4.755186736583709717e-01
-6.845302134752273560e-02 5.092568323016166687e-02
2.459911108016967773e-01 -3.675695359706878662e-01
-3.336150944232940674e-02 1.422587484121322632e-01
-1.768137365579605103e-01 1.474678814411163330e-01
1.694798916578292847e-01 -1.123898401856422424e-01
8.891712874174118042e-03 -1.824054121971130371e-01
6.768275499343872070e-01 -6.276856660842895508e-01
-6.769224256277084351e-02 -2.298622578382492065e-02
5.017070770263671875e-01 -5.547235608100891113e-01
2.869066298007965088e-01 -8.600918203592300415e-02
-1.150309816002845764e-01 8.018472045660018921e-02
2.596128284931182861e-01 -2.254251390695571899e-01
-2.231539636850357056e-01 6.870946846902370453e-03
3.706571161746978760e-01 -4.960001707077026367e-01
2.646080553531646729e-01 -3.040943145751953125e-01
3.125027939677238464e-02 -5.951157212257385254e-02
-1.178345754742622375e-01 1.224899739027023315e-01
2.158819735050201416e-01 -2.558427751064300537e-01
7.303606718778610229e-02 5.691921338438987732e-03
-7.230179011821746826e-02 -9.871664457023143768e-03
5.164414644241333008e-02 -1.294412761926651001e-01
-1.675619781017303467e-01 4.073366057127714157e-03
-5.708584934473037720e-02 2.999226152896881104e-01
6.395566463470458984e-02 -3.682889789342880249e-02
1.458410173654556274e-01 -5.189191550016403198e-02
2.852961719036102295e-01 -2.260060757398605347e-01
-2.205061763525009155e-01 3.005759418010711670e-01
-1.376840919256210327e-01 1.956830322742462158e-01
5.179131031036376953e-01 -4.407640397548675537e-01
1.519110947847366333e-01 -8.838141709566116333e-02
3.727177977561950684e-01 -4.614848494529724121e-01
3.862030208110809326e-01 -4.672286212444305420e-01
2.337267398834228516e-01 -1.031570956110954285e-01
-6.038056612014770508e-01 3.195831179618835449e-01
3.990782797336578369e-01 -2.884721159934997559e-01
1.457758247852325439e-01 -1.866759210824966431e-01
5.822709575295448303e-02 5.296055227518081665e-03
-1.151923984289169312e-01 -1.180199980735778809e-01
-5.441595315933227539e-01 6.404216885566711426e-01
-1.745932400226593018e-01 3.745994567871093750e-01
6.106607913970947266e-01 -4.819874763488769531e-01
3.751617074012756348e-01 -4.501545727252960205e-01
2.895669639110565186e-01 -1.252310872077941895e-01
-1.724484413862228394e-01 -7.067226618528366089e-02
-2.500594556331634521e-01 4.111205339431762695e-01
3.957295715808868408e-01 -3.252283036708831787e-01
-2.298543415963649750e-02 2.149939388036727905e-01
3.845224678516387939e-01 -2.538313269615173340e-01
3.269427120685577393e-01 -4.245482385158538818e-01
-1.776600927114486694e-01 1.501925140619277954e-01
1.830451637506484985e-01 -1.009321883320808411e-01
5.591090321540832520e-01 -3.935591876506805420e-01
-3.240068852901458740e-01 3.583692014217376709e-01
4.126359522342681885e-02 -2.619681879878044128e-02
-2.357429563999176025e-01 1.134764254093170166e-01
-6.222104430198669434e-01 8.133686780929565430e-01
3.559191524982452393e-01 -3.617310225963592529e-01
-9.077195823192596436e-02 9.152311831712722778e-02
-1.474690437316894531e-01 1.393381953239440918e-01
1.676796078681945801e-01 -3.463020920753479004e-01
-3.843782842159271240e-01 2.862147986888885498e-01
1.484048515558242798e-01 -1.171409562230110168e-01
1.716662645339965820e-01 -2.529947757720947266e-01
2.489010691642761230e-01 -1.352007389068603516e-01
-4.016301333904266357e-01 4.169375300407409668e-01
-1.472021788358688354e-01 1.683217585086822510e-01
-4.812766984105110168e-02 1.386178433895111084e-01
2.876631021499633789e-01 -1.954337209463119507e-01
1.446816623210906982e-01 -2.537980675697326660e-01
2.921686172485351562e-01 -2.073393911123275757e-01
2.466374337673187256e-01 -4.084687307476997375e-02
-7.679842412471771240e-02 1.356956660747528076e-01
2.440461665391921997e-01 -2.171096503734588623e-01
2.713876366615295410e-01 -3.850728571414947510e-01
-1.897643059492111206e-01 2.032446563243865967e-01
2.720551192760467529e-01 -2.687997817993164062e-01
-3.802406601607799530e-03 1.590556651353836060e-01
2.738171815872192383e-01 -2.094663530588150024e-01
-2.608590945601463318e-02 -3.053664043545722961e-02
-1.441273540258407593e-01 2.515096962451934814e-01
-2.579304873943328857e-01 2.580679953098297119e-01
1.816332042217254639e-01 -2.994530089199542999e-02
-2.459937334060668945e-01 3.327776491641998291e-01
3.606547713279724121e-01 -3.307809531688690186e-01
4.601412117481231689e-01 -5.626575946807861328e-01
2.784358561038970947e-01 -1.407551765441894531e-01
-1.816049814224243164e-01 1.051421742886304855e-03
3.191680833697319031e-02 1.560282558202743530e-01
1.190479397773742676e-01 -1.398988813161849976e-01
1.848383396863937378e-01 -3.647724688053131104e-01
1.910619437694549561e-01 -2.348533719778060913e-01
-3.035583198070526123e-01 1.899145394563674927e-01
3.477590680122375488e-01 -5.396239161491394043e-01
4.519454836845397949e-01 -4.241899549961090088e-01
9.315342456102371216e-02 -1.858906000852584839e-01
-9.323442727327346802e-02 1.967481374740600586e-01
2.200113832950592041e-01 -2.859550118446350098e-01
-4.384869337081909180e-02 3.062485754489898682e-01
4.700154960155487061e-01 -5.177727341651916504e-01
1.329482793807983398e-01 1.253259601071476936e-03
9.242329746484756470e-02 -4.906021058559417725e-02
-2.764081060886383057e-01 1.594346314668655396e-01
1.509955078363418579e-01 -5.003102868795394897e-02
-3.035437166690826416e-01 1.642927378416061401e-01
3.936038017272949219e-01 -2.457994967699050903e-01
2.022991329431533813e-01 -2.902926206588745117e-01
-3.531193137168884277e-01 9.288902580738067627e-02
5.475893020629882812e-01 -4.268697798252105713e-01
1.496248245239257812e-01 1.412666589021682739e-01
4.275451302528381348e-01 -2.440558373928070068e-01
1.754424273967742920e-01 -3.483566939830780029e-01
9.571608155965805054e-02 -1.597099006175994873e-01
1.208197884261608124e-02 -1.103629171848297119e-01
-1.811754405498504639e-01 1.755782961845397949e-01
-2.968561053276062012e-01 3.936590850353240967e-01
2.589972913265228271e-01 -6.054906249046325684e-01
-2.884066104888916016e-01 1.512152105569839478e-01
-5.673625692725181580e-02 6.727944128215312958e-03
3.021693527698516846e-01 -2.824214696884155273e-01
-3.466757535934448242e-01 3.145689070224761963e-01
-3.979383707046508789e-01 2.889391183853149414e-01
4.369883537292480469e-01 -5.526109337806701660e-01
1.925401240587234497e-01 -2.427453733980655670e-02
3.215012373402714729e-03 1.421806514263153076e-01
-3.688399493694305420e-01 1.961194276809692383e-01
-1.636935770511627197e-01 3.145127892494201660e-01
-1.433419883251190186e-01 5.260721966624259949e-02
4.881408810615539551e-01 -4.966333806514739990e-01
-5.379315018653869629e-01 5.565885901451110840e-01
1.934694945812225342e-01 -2.456126958131790161e-01
-6.583697348833084106e-02 9.311070293188095093e-02
-3.252696692943572998e-01 2.676379382610321045e-01
-2.666366100311279297e-01 4.182389080524444580e-01
4.425469934940338135e-01 -3.888268470764160156e-01
2.303847223520278931e-01 -1.061841323971748352e-01
5.738010257482528687e-02 1.540356874465942383e-01
-2.595839500427246094e-01 1.433954536914825439e-01
-1.968632340431213379e-01 1.898941993713378906e-01
-3.025622963905334473e-01 3.076902627944946289e-01
-2.023165076971054077e-01 1.555436849594116211e-01
1.776995211839675903e-01 -2.827799320220947266e-01
-1.062652096152305603e-01 -8.465743809938430786e-02
1.491925492882728577e-02 -7.721129059791564941e-02
7.010421901941299438e-02 7.880379259586334229e-02
1.784962564706802368e-01 -1.055423542857170105e-01
-2.290940880775451660e-01 1.047358363866806030e-01
3.892612755298614502e-01 -2.542004287242889404e-01
2.839645445346832275e-01 -8.838519454002380371e-02
-2.041974216699600220e-01 1.799881458282470703e-01
-7.873556762933731079e-02 7.939104735851287842e-02
-6.129769235849380493e-02 3.360523581504821777e-01
-1.169359013438224792e-01 3.490462899208068848e-01
-4.348475635051727295e-01 3.221784234046936035e-01
5.272024497389793396e-02 -3.200849592685699463e-01
7.466246187686920166e-02 -7.737512141466140747e-02
1.402929238975048065e-02 2.948788460344076157e-03
-9.049343317747116089e-02 -1.564001291990280151e-01
-1.019020825624465942e-01 5.745426192879676819e-02
8.281779289245605469e-02 -2.389679253101348877e-01
-1.847015172243118286e-01 1.235639005899429321e-01
3.034659624099731445e-01 -2.113201916217803955e-01
2.078487575054168701e-01 -1.651861071586608887e-01
6.602390110492706299e-02 -1.271764189004898071e-01
-1.570463925600051880e-01 2.838959991931915283e-01
2.447992935776710510e-02 1.259666681289672852e-01
-3.618651330471038818e-01 3.525036871433258057e-01
-1.573342233896255493e-01 1.125989779829978943e-01
-2.287653982639312744e-01 1.954011470079421997e-01
3.438286483287811279e-01 -3.060500621795654297e-01
1.670696884393692017e-01 -2.347265034914016724e-01
-9.862895309925079346e-02 6.006774678826332092e-02
-1.106306836009025574e-01 4.024505242705345154e-02
-5.234559625387191772e-02 2.603934146463871002e-02
1.658715456724166870e-01 -5.434877797961235046e-02
4.494837298989295959e-02 2.330519631505012512e-02
2.237038612365722656e-01 -8.634442090988159180e-02
-1.621923595666885376e-01 9.187290817499160767e-02
-1.905798539519309998e-02 -1.739352047443389893e-01
-2.247970104217529297e-01 4.211097955703735352e-01
2.496527731418609619e-01 -1.216873154044151306e-01
-3.304647505283355713e-01 4.170511960983276367e-01
2.000237554311752319e-01 -1.182369738817214966e-01
7.462475448846817017e-02 -3.334365040063858032e-02
-5.490847304463386536e-02 1.362125575542449951e-02
9.951060265302658081e-02 7.468411326408386230e-02
1.573213934898376465e-01 -2.011828869581222534e-01
-1.373606324195861816e-01 2.038869261741638184e-01
-2.056527155218645930e-04 1.454313937574625015e-02
7.305188477039337158e-02 2.942500449717044830e-02
-1.835237592458724976e-01 1.791402846574783325e-01
2.691102921962738037e-01 -7.326811552047729492e-02
-1.109183654189109802e-01 2.760490030050277710e-02
7.847552001476287842e-02 -2.125682979822158813e-01
-1.856911554932594299e-02 -2.241649329662322998e-01
-5.784161388874053955e-03 7.258526235818862915e-02
-3.844590857625007629e-02 1.498127877712249756e-01
-1.744886636734008789e-01 9.987016022205352783e-02
6.488882005214691162e-02 -3.261357313022017479e-03
-2.814060822129249573e-02 2.396626584231853485e-02
5.134851112961769104e-02 2.029472142457962036e-01
-1.359865628182888031e-02 1.442546844482421875e-01
-4.530945718288421631e-01 5.857213139533996582e-01
-1.016536206007003784e-01 -7.783990353345870972e-02
-6.134052202105522156e-02 -9.148111939430236816e-02
1.783772557973861694e-02 -1.492769122123718262e-01
-1.064040586352348328e-01 8.696054667234420776e-02
1.663594543933868408e-01 -9.980448335409164429e-02
-1.926297545433044434e-01 1.943650692701339722e-01
-3.521045669913291931e-02 8.293122984468936920e-03
5.295417085289955139e-02 1.254998445510864258e-01
9.132416546344757080e-02 -6.927548348903656006e-02
2.057368606328964233e-01 -8.082831650972366333e-02
-2.382186353206634521e-01 4.223432391881942749e-02
6.664711236953735352e-02 8.261006325483322144e-02
1.361146569252014160e-01 3.417435660958290100e-02
9.822029620409011841e-02 -1.413707733154296875e-01
-2.479678541421890259e-01 2.365101575851440430e-01
