-2.181580215692520142e-01 1.392825096845626831e-01
5.003419518470764160e-02 -1.041424199938774109e-01
5.411275103688240051e-02 -9.820828586816787720e-02
-9.521894156932830811e-02 1.989396214485168457e-01
-4.435318335890769958e-02 9.431329369544982910e-02
-1.152686178684234619e-01 1.675692647695541382e-01
9.898901730775833130e-02 -1.603026092052459717e-01
-8.508754521608352661e-02 3.069257363677024841e-02
1.345532536506652832e-01 7.787863165140151978e-02
-7.845717668533325195e-02 8.708763122558593750e-02
-1.723504960536956787e-01 1.116005852818489075e-01
2.750951945781707764e-01 -1.514623463153839111e-01
1.433659810572862625e-02 -1.434154957532882690e-01
-1.324849128723144531e-01 1.618858724832534790e-01
1.533683240413665771e-01 -2.554462552070617676e-01
-2.212147712707519531e-01 1.548402011394500732e-01
-1.726040393114089966e-01 3.246659338474273682e-01
-2.864543814212083817e-03 5.971614643931388855e-02
-1.507447510957717896e-01 3.980599045753479004e-01
2.277812361717224121e-01 -9.103141725063323975e-02
7.446799427270889282e-02 3.414557501673698425e-02
-3.864149451255798340e-01 2.266882956027984619e-01
-9.580646455287933350e-02 2.287335097789764404e-01
2.203581184148788452e-01 8.162667602300643921e-02
4.175627604126930237e-02 -5.999986827373504639e-02
-1.093941181898117065e-01 1.507856100797653198e-01
1.620179563760757446e-01 3.730875626206398010e-02
-2.855558991432189941e-01 1.909680217504501343e-01
1.557655185461044312e-01 -1.019628122448921204e-01
1.317481845617294312e-01 2.020959556102752686e-02
-8.972547203302383423e-02 -4.698551818728446960e-02
-8.217383176088333130e-02 1.506237238645553589e-01
-1.070639193058013916e-01 3.646251261234283447e-01
1.467177271842956543e-01 -1.261258274316787720e-01
-2.857959270477294922e-02 8.856280148029327393e-02
-5.118766799569129944e-02 8.840540796518325806e-02
-3.786734864115715027e-02 1.970067992806434631e-02
-5.214261263608932495e-02 1.857032924890518188e-01
2.461219877004623413e-01 -2.287411391735076904e-01
-4.697577655315399170e-02 -1.121305078268051147e-01
2.579813003540039062e-01 -2.173784971237182617e-01
1.278723776340484619e-01 -1.429063379764556885e-01
4.793011769652366638e-02 -1.720479726791381836e-01
9.175861254334449768e-03 -1.729901880025863647e-01
-1.631153188645839691e-02 1.340283174067735672e-02
8.256620168685913086e-02 -4.225469660013914108e-03
2.494437694549560547e-01 -2.630867660045623779e-01
1.807396709918975830e-01 -1.835477887652814388e-03
2.050070464611053467e-01 -9.838124364614486694e-02
1.712815165519714355e-01 -1.130682229995727539e-01
1.585349887609481812e-01 -1.479067206382751465e-01
-7.721240818500518799e-02 1.269376426935195923e-01
1.299151927232742310e-01 -1.492447108030319214e-01
1.641811281442642212e-01 -1.589464247226715088e-01
-9.149071574211120605e-02 -2.065180614590644836e-02
-1.078919172286987305e-01 2.841174602508544922e-01
7.640489935874938965e-02 -3.001040518283843994e-01
-1.094474866986274719e-01 5.533149838447570801e-02
-1.553769707679748535e-01 1.071376819163560867e-02
-1.854213178157806396e-01 2.430649697780609131e-01
6.767955422401428223e-02 -1.008986979722976685e-01
-1.266024541109800339e-02 -1.148237362504005432e-01
7.119558751583099365e-02 1.673102229833602905e-01
-1.276874542236328125e-01 2.538658082485198975e-01
-1.321649849414825439e-01 2.097445577383041382e-01
1.075822860002517700e-01 7.768384367227554321e-02
3.461674451828002930e-01 -2.743942737579345703e-01
-3.822440803050994873e-01 1.941097378730773926e-01
-2.156244218349456787e-02 7.149653881788253784e-02
-2.330576181411743164e-01 2.786707282066345215e-01
-1.241633202880620956e-02 8.339420706033706665e-02
-1.106448173522949219e-01 2.094196826219558716e-01
-1.364378780126571655e-01 2.057003378868103027e-01
4.147559106349945068e-01 -4.239826798439025879e-01
-4.534655809402465820e-02 1.688430607318878174e-01
-3.238400518894195557e-01 4.109558761119842529e-01
-9.028974920511245728e-02 1.359451115131378174e-01
6.379956752061843872e-02 -1.325696259737014771e-01
4.235488921403884888e-02 -2.192613929510116577e-01
-2.281119376420974731e-01 1.670571267604827881e-01
-4.367156624794006348e-01 3.042713403701782227e-01
1.941770464181900024e-01 -1.873444169759750366e-01
3.568863272666931152e-01 -1.603157818317413330e-01
-5.879319459199905396e-02 1.625101640820503235e-02
3.365025389939546585e-03 -1.730323880910873413e-01
2.234363183379173279e-02 -5.977123510092496872e-03
-2.861933223903179169e-02 -3.067421913146972656e-02
-5.448356643319129944e-02 4.000782594084739685e-02
3.432970941066741943e-01 -4.774565994739532471e-01
-2.138013951480388641e-02 3.016002774238586426e-01
-2.388676851987838745e-01 2.174098193645477295e-01
-1.952898502349853516e-01 3.936186432838439941e-01
-1.292122155427932739e-01 -4.787709191441535950e-02
-2.224716544151306152e-01 -1.631471328437328339e-02
-5.253006890416145325e-02 -1.182684004306793213e-01
-1.870707422494888306e-01 1.835016906261444092e-01
-3.492584452033042908e-03 1.060321405529975891e-01
-4.026921093463897705e-02 -8.321587741374969482e-02
-9.160222113132476807e-02 1.323321163654327393e-01
2.272525615990161896e-02 3.011737391352653503e-02
-1.622974276542663574e-01 3.294138014316558838e-01
-4.288194775581359863e-01 5.377324223518371582e-01
1.893770694732666016e-01 1.709123142063617706e-02
-8.335373550653457642e-02 7.485198229551315308e-02
2.228724509477615356e-01 -2.269051969051361084e-01
-1.464386098086833954e-02 1.571900248527526855e-01
-3.141306936740875244e-01 3.235237002372741699e-01
-6.982178241014480591e-02 -3.408143296837806702e-02
2.243204861879348755e-01 -1.806086152791976929e-01
2.237647324800491333e-01 -2.026846259832382202e-01
5.076110959053039551e-01 -3.601488173007965088e-01
-1.430055201053619385e-01 2.055992335081100464e-01
1.980968713760375977e-01 -1.898936927318572998e-01
3.269970715045928955e-01 -3.667980730533599854e-01
-1.213350147008895874e-01 -1.032788529992103577e-01
-4.352303445339202881e-01 3.371434509754180908e-01
1.739317774772644043e-01 -2.151322960853576660e-01
8.972145617008209229e-02 -3.113302290439605713e-01
7.156614214181900024e-02 -4.175074100494384766e-01
-1.001202538609504700e-01 6.332094967365264893e-02
2.120635509490966797e-01 -1.186304613947868347e-01
2.233472913503646851e-01 -1.919420063495635986e-01
-2.308916151523590088e-01 1.234317049384117126e-01
1.222497075796127319e-01 -3.360776901245117188e-01
3.526077270507812500e-01 9.627837687730789185e-03
-3.580737411975860596e-01 2.401095926761627197e-01
-3.237194614484906197e-03 -1.570236831903457642e-01
-5.702668800950050354e-02 6.538421660661697388e-02
-3.855128586292266846e-01 3.315769731998443604e-01
-3.799175322055816650e-01 3.723705410957336426e-01
4.054579436779022217e-01 -2.238970100879669189e-01
-7.750891149044036865e-02 -1.321242153644561768e-01
-2.802177667617797852e-01 4.763719737529754639e-01
-1.918794214725494385e-01 4.156499505043029785e-01
-3.415671885013580322e-01 5.675659328699111938e-02
-4.230685159564018250e-02 5.441306158900260925e-02
-8.222229778766632080e-03 -1.689243465662002563e-01
-1.256337612867355347e-01 3.613441437482833862e-02
-4.465664327144622803e-01 3.566095530986785889e-01
-3.809948265552520752e-01 3.217626810073852539e-01
4.333060681819915771e-01 -4.508422017097473145e-01
-2.177534103393554688e-01 1.167127564549446106e-01
3.402135372161865234e-01 -3.986124396324157715e-01
1.650667190551757812e-01 -1.741551160812377930e-01
-3.697870075702667236e-01 4.340094923973083496e-01
9.834132343530654907e-02 -1.016055196523666382e-01
-4.122266173362731934e-01 3.385553658008575439e-01
7.896220684051513672e-02 -4.205903038382530212e-02
1.877346932888031006e-01 -2.567295432090759277e-01
-4.019725918769836426e-01 2.379913479089736938e-01
-3.610523939132690430e-01 4.345640540122985840e-01
2.109686881303787231e-01 -3.314127922058105469e-01
-5.061570182442665100e-02 -6.037900596857070923e-02
9.477289021015167236e-02 -8.279448002576828003e-02
1.574340313673019409e-01 -1.880345344543457031e-01
1.709633879363536835e-02 1.280457526445388794e-01
-4.891413748264312744e-01 4.208860397338867188e-01
3.255492150783538818e-01 -3.946897387504577637e-01
-5.120200291275978088e-02 -1.036006584763526917e-01
1.221330463886260986e-01 -1.270639331778511405e-04
-5.044901371002197266e-01 4.001851677894592285e-01
-4.841820523142814636e-02 1.154854223132133484e-01
-9.167321957647800446e-03 -8.984269201755523682e-02
3.873995840549468994e-01 -3.851721882820129395e-01
-1.945603936910629272e-01 1.012213677167892456e-01
2.344940751791000366e-01 2.910005673766136169e-02
2.625256478786468506e-01 -1.743630170822143555e-01
8.611266314983367920e-02 -1.065099760890007019e-01
7.064169645309448242e-02 -6.572441011667251587e-02
4.462442994117736816e-01 -2.781828641891479492e-01
-1.870318949222564697e-01 3.224967420101165771e-01
-1.291433870792388916e-01 2.246265113353729248e-01
-1.378757208585739136e-01 1.834839135408401489e-01
1.490022540092468262e-01 -1.970525681972503662e-01
1.108021885156631470e-01 -2.051654830574989319e-02
1.367166191339492798e-01 -2.153900861740112305e-01
-2.461727559566497803e-01 3.447194993495941162e-01
9.320181608200073242e-02 4.204723984003067017e-03
1.086276993155479431e-01 -5.400075018405914307e-02
-4.014740884304046631e-01 3.207617998123168945e-01
5.193375349044799805e-01 -4.362462759017944336e-01
2.535778284072875977e-01 -4.203667938709259033e-01
8.857159991748631001e-04 2.329722046852111816e-02
6.985144317150115967e-02 -1.288764178752899170e-01
-3.152867555618286133e-01 1.140327528119087219e-01
-2.299500703811645508e-01 1.735677123069763184e-01
1.860648691654205322e-01 -2.051135450601577759e-01
5.301334336400032043e-02 -8.828938752412796021e-02
4.659337177872657776e-02 -2.204182446002960205e-01
-6.378465890884399414e-02 2.575827538967132568e-01
-2.805134952068328857e-01 8.760996162891387939e-02
-3.238452672958374023e-01 3.945634067058563232e-01
-1.126911193132400513e-01 2.746727466583251953e-01
-2.344718724489212036e-01 1.357479989528656006e-01
9.770912677049636841e-02 -2.790671288967132568e-01
-8.960322290658950806e-02 5.103608965873718262e-02
-1.685916185379028320e-01 7.590265572071075439e-02
-2.484952360391616821e-01 3.301739990711212158e-01
9.646174311637878418e-02 -6.530218571424484253e-02
2.388584464788436890e-01 -1.028984859585762024e-01
1.144681125879287720e-01 -2.983027398586273193e-01
-2.099193334579467773e-01 -4.700664058327674866e-02
7.354711997322738171e-04 -3.420667350292205811e-02
-8.622935414314270020e-02 7.411507517099380493e-02
1.056611388921737671e-01 -1.902461647987365723e-01
-1.315146535634994507e-01 -3.656257688999176025e-02
2.896960377693176270e-01 -2.393939197063446045e-01
3.922171890735626221e-02 4.160758573561906815e-03
-1.221363395452499390e-01 2.146259546279907227e-01
7.352371513843536377e-02 -1.041979566216468811e-01
-3.192475140094757080e-01 1.964522898197174072e-01
-3.336377069354057312e-02 -1.105998381972312927e-01
4.204843193292617798e-02 2.534533105790615082e-02
-3.213629722595214844e-01 1.982745230197906494e-01
-1.850117444992065430e-01 8.438520133495330811e-02
1.737282127141952515e-01 -1.415767371654510498e-01
-1.324793603271245956e-02 -8.428642153739929199e-02
-1.170445829629898071e-01 3.172688484191894531e-01
-6.251875311136245728e-02 3.606741502881050110e-02
-2.885830104351043701e-01 3.011479079723358154e-01
2.209645360708236694e-01 -3.824984421953558922e-03
1.227429583668708801e-01 -2.511175870895385742e-01
-1.286130249500274658e-01 -1.467025559395551682e-02
5.065324902534484863e-02 2.873499644920229912e-03
-1.950510442256927490e-01 3.718379139900207520e-01
-3.175666183233261108e-02 -1.380973011255264282e-01
-1.276086270809173584e-01 8.406910300254821777e-02
2.432166337966918945e-01 -3.898097574710845947e-01
1.429099142551422119e-01 -1.175806820392608643e-01
-6.029892712831497192e-03 7.294017076492309570e-02
2.202302366495132446e-01 -1.776098459959030151e-01
-2.084076851606369019e-01 2.114751338958740234e-01
1.713249981403350830e-01 -1.905428022146224976e-01
1.662283390760421753e-01 -4.149642586708068848e-02
-3.466846048831939697e-02 2.211196422576904297e-01
2.149065583944320679e-01 -3.668692409992218018e-01
-9.886983782052993774e-02 1.770945787429809570e-01
2.098207920789718628e-01 2.060603350400924683e-02
2.721947133541107178e-01 -1.910938024520874023e-01
-8.190131187438964844e-02 -5.677888914942741394e-02
4.843999445438385010e-02 -1.005507931113243103e-01
1.587329246103763580e-02 3.679475747048854828e-03
-9.278555214405059814e-02 -6.124885752797126770e-02
-8.758176118135452271e-02 4.823505133390426636e-02
-8.310401439666748047e-02 -3.382375463843345642e-02
1.269191503524780273e-01 1.256465762853622437e-01
1.545708030462265015e-01 -6.111840158700942993e-02
-1.303253471851348877e-01 1.330760568380355835e-01
-1.080591008067131042e-01 4.946878924965858459e-02
-1.518921554088592529e-01 2.142905890941619873e-01
4.609263688325881958e-02 8.792515844106674194e-02
2.592431902885437012e-01 -1.555740088224411011e-01
4.365086555480957031e-02 1.500521451234817505e-01
8.823041617870330811e-02 -8.859299868345260620e-02
-5.688701570034027100e-02 1.785312741994857788e-01
-3.554285466670989990e-01 2.087028324604034424e-01
