3.151445835828781128e-02 -2.814892530441284180e-01
-1.324707865715026855e-01 -3.534743562340736389e-02
5.203727632761001587e-02 1.540872752666473389e-01
-1.710279658436775208e-02 2.699148654937744141e-01
2.998980320990085602e-02 -6.610502302646636963e-02
-2.914996352046728134e-03 9.618107229471206665e-02
-9.702200442552566528e-02 2.929510772228240967e-01
-1.368755698204040527e-01 4.328378010541200638e-03
-9.363266080617904663e-02 -1.120636016130447388e-01
6.973443180322647095e-02 -2.359419614076614380e-01
-1.545738875865936279e-01 2.032918035984039307e-01
-9.720052778720855713e-02 3.893277794122695923e-02
4.977161809802055359e-02 1.744556576013565063e-01
-1.789716482162475586e-01 8.424252271652221680e-02
1.605299860239028931e-01 -2.618276476860046387e-01
-6.994644552469253540e-02 -5.352012813091278076e-02
-5.009101703763008118e-02 9.093367308378219604e-02
-1.725927740335464478e-01 1.282164603471755981e-01
-1.334154903888702393e-01 8.775688707828521729e-03
1.515960246324539185e-01 -1.050082445144653320e-01
-1.360802948474884033e-01 7.319922745227813721e-02
1.497411578893661499e-01 -1.064921021461486816e-01
-1.776908487081527710e-01 7.716048508882522583e-02
-1.616404950618743896e-01 7.883460074663162231e-02
-1.734252721071243286e-01 6.869222968816757202e-02
-1.228759363293647766e-01 8.368198573589324951e-02
-1.560530662536621094e-01 3.061936935409903526e-03
1.334963589906692505e-01 -1.061529740691184998e-01
2.816798985004425049e-01 -9.590846300125122070e-02
2.029629945755004883e-01 -5.486426502466201782e-02
2.663840651512145996e-01 -2.216046601533889771e-01
3.552339971065521240e-01 -6.956334412097930908e-02
3.166537731885910034e-02 2.631613425910472870e-02
-1.807817518711090088e-01 2.361475862562656403e-02
1.087030246853828430e-01 -3.904822841286659241e-02
5.563684925436973572e-02 -5.809008702635765076e-02
-2.351471595466136932e-02 -1.062466669827699661e-02
3.121187984943389893e-01 -3.024799227714538574e-01
-5.336067825555801392e-02 1.639589369297027588e-01
9.475327283143997192e-02 2.340343408286571503e-02
1.740160882472991943e-01 -1.508234739303588867e-01
1.350039392709732056e-01 -1.752352565526962280e-01
8.101081848144531250e-02 9.894118458032608032e-02
1.350408345460891724e-01 -2.567740976810455322e-01
-5.082295462489128113e-02 3.192992135882377625e-02
2.357352932449430227e-04 -6.494984030723571777e-02
-1.252843439579010010e-01 2.156613916158676147e-01
2.453070692718029022e-02 2.130573987960815430e-02
2.351458929479122162e-02 5.635613948106765747e-02
-5.125016719102859497e-02 -3.211652114987373352e-02
-7.822083681821823120e-02 2.317423522472381592e-01
-2.085693329572677612e-01 2.569209039211273193e-01
-6.727410852909088135e-02 7.730793207883834839e-02
2.092278376221656799e-02 -8.981153368949890137e-02
2.009607665240764618e-02 -3.377550095319747925e-02
-1.782615035772323608e-01 4.070560261607170105e-02
1.989269852638244629e-01 -2.156173288822174072e-01
1.075148805975914001e-01 -6.735177338123321533e-02
-2.411088943481445312e-01 -2.120768185704946518e-03
-7.276953011751174927e-02 -2.914242446422576904e-02
1.639818251132965088e-01 -2.341696172952651978e-01
-8.809660794213414192e-04 4.925495386123657227e-02
2.077032625675201416e-02 -7.666042447090148926e-02
1.395094990730285645e-01 -2.476415634155273438e-01
5.447872355580329895e-02 4.415361955761909485e-02
1.279271394014358521e-01 1.024365574121475220e-01
-2.288059741258621216e-01 -4.321029875427484512e-03
-2.037182897329330444e-01 3.111107647418975830e-01
3.032235428690910339e-02 1.207481399178504944e-01
-2.120530754327774048e-01 2.671622633934020996e-01
8.667963743209838867e-02 -1.254433542490005493e-01
-2.019045501947402954e-01 1.492487490177154541e-01
-1.699148863554000854e-02 -4.704818874597549438e-02
-1.250278651714324951e-01 1.484971046447753906e-01
-1.471906155347824097e-01 1.451561413705348969e-02
1.624251753091812134e-01 -1.632175296545028687e-01
-8.477304130792617798e-02 4.545960947871208191e-02
-7.589828222990036011e-03 -7.805252820253372192e-02
-1.148115843534469604e-01 2.649107575416564941e-01
2.099983692169189453e-01 -2.286497652530670166e-01
-2.274766862392425537e-01 2.058801203966140747e-01
5.754005908966064453e-02 1.528242602944374084e-02
3.356827050447463989e-02 -1.935817115008831024e-02
7.166122645139694214e-02 3.129652887582778931e-02
-2.592678070068359375e-01 2.089724540710449219e-01
1.058350428938865662e-01 -2.552528381347656250e-01
2.602915652096271515e-02 -1.911116540431976318e-01
1.290535330772399902e-01 -2.315574586391448975e-01
2.097898274660110474e-01 -1.610894203186035156e-01
1.490159034729003906e-01 -1.876263022422790527e-01
-3.706643730401992798e-02 -1.468591094017028809e-01
1.562570333480834961e-01 -7.607296109199523926e-02
4.212342202663421631e-02 1.601106375455856323e-01
6.088942755013704300e-03 -2.110472917556762695e-01
3.215571641921997070e-01 -2.898260951042175293e-01
1.732788830995559692e-01 -2.452571243047714233e-01
2.978127636015415192e-02 2.634509801864624023e-01
-6.794729828834533691e-02 1.816038489341735840e-01
8.484824001789093018e-02 -4.392153769731521606e-02
-1.668810844421386719e-01 8.352848142385482788e-02
-1.546470224857330322e-01 2.040702104568481445e-01
9.559053927659988403e-02 -7.044239342212677002e-02
-1.454368829727172852e-01 2.724165618419647217e-01
-1.503377407789230347e-01 1.660789996385574341e-01
2.290462851524353027e-01 3.447610512375831604e-02
-5.989743862301111221e-03 -1.498531252145767212e-01
3.623419627547264099e-02 -3.165750205516815186e-01
8.698191493749618530e-02 -5.824764072895050049e-02
-1.810532808303833008e-01 8.668848127126693726e-02
-4.668502882122993469e-02 1.207929700613021851e-01
-2.789591252803802490e-01 1.799071133136749268e-01
-4.003623500466346741e-02 -2.720892056822776794e-02
7.958957552909851074e-02 -2.408501319587230682e-02
-1.256347447633743286e-02 -7.557573262602090836e-03
2.184024304151535034e-01 -2.476205378770828247e-01
-9.743048250675201416e-02 2.743762135505676270e-01
-8.382254280149936676e-03 1.657554060220718384e-01
3.156276941299438477e-01 -1.140680983662605286e-01
2.020668089389801025e-01 -1.179924793541431427e-02
-2.894015014171600342e-01 1.205879673361778259e-01
2.515918612480163574e-01 -6.785207986831665039e-02
-7.724016159772872925e-02 7.369395345449447632e-02
1.219825744628906250e-01 -1.258933246135711670e-01
3.726448863744735718e-02 8.648947626352310181e-02
1.270790249109268188e-01 -1.540408134460449219e-01
9.278165549039840698e-02 -1.636761426925659180e-01
-1.019702404737472534e-01 6.065653637051582336e-02
1.123812422156333923e-01 -2.866751253604888916e-01
3.418819010257720947e-01 -2.716258466243743896e-01
1.513555198907852173e-01 -9.674907475709915161e-02
2.341256439685821533e-01 1.969125680625438690e-02
3.200400471687316895e-01 -1.377152055501937866e-01
8.557163923978805542e-02 -4.081727936863899231e-02
-1.610416024923324585e-01 1.004266142845153809e-01
-3.274297714233398438e-02 -4.916328564286231995e-02
-8.502029627561569214e-02 2.883003354072570801e-01
-4.033674672245979309e-02 9.060228243470191956e-03
6.327804177999496460e-02 -1.909425258636474609e-01
-2.700665891170501709e-01 1.738820523023605347e-01
-1.141883730888366699e-01 -1.565735042095184326e-01
9.253398329019546509e-02 -6.312834471464157104e-02
-1.378142982721328735e-01 2.141020745038986206e-01
2.291270047426223755e-01 -1.361870616674423218e-01
3.843983402475714684e-03 -1.323484182357788086e-01
1.328242123126983643e-01 -1.634414941072463989e-01
-1.273853797465562820e-02 -2.104562222957611084e-01
-1.248477250337600708e-01 -1.771633327007293701e-02
-2.192463725805282593e-01 1.135329678654670715e-01
-1.746865212917327881e-01 4.098746478557586670e-01
-1.296183019876480103e-01 2.917919158935546875e-01
1.382217369973659515e-02 4.821252077817916870e-02
-2.471257001161575317e-01 1.791740208864212036e-02
2.777480185031890869e-01 -1.881070435047149658e-01
1.633156538009643555e-01 -7.720235735177993774e-02
-1.663676351308822632e-01 3.164106011390686035e-01
7.342463731765747070e-02 9.858927130699157715e-02
6.937237083911895752e-02 6.278464943170547485e-02
3.327364847064018250e-02 -6.757559627294540405e-02
-4.664654284715652466e-02 1.017738599330186844e-02
6.607704609632492065e-02 -1.780545115470886230e-01
1.610231250524520874e-01 8.265419304370880127e-02
3.277438133955001831e-02 -9.965372085571289062e-02
-2.131361961364746094e-01 1.363197118043899536e-01
2.421435713768005371e-02 -8.480464667081832886e-02
1.377920806407928467e-01 -1.010763347148895264e-01
1.509581655263900757e-01 -3.088979236781597137e-02
3.733963822014629841e-04 2.485311031341552734e-02
1.544305831193923950e-01 -1.512726098299026489e-01
1.780420690774917603e-01 -7.896365597844123840e-03
1.696236878633499146e-01 -8.121474087238311768e-02
9.350060671567916870e-02 2.514650300145149231e-02
2.539395689964294434e-01 -1.978845745325088501e-01
-1.010718941688537598e-01 3.069788813591003418e-01
2.401110976934432983e-01 -1.339018940925598145e-01
5.702188611030578613e-02 -2.535762786865234375e-01
1.789289712905883789e-01 -1.567868888378143311e-01
1.919683367013931274e-01 -7.783913612365722656e-02
-1.618303656578063965e-01 -5.055090039968490601e-02
4.252054914832115173e-02 6.712213158607482910e-03
-1.229453086853027344e-01 8.493766188621520996e-02
-2.158084884285926819e-03 1.973077952861785889e-01
1.363989859819412231e-01 -8.265174180269241333e-02
1.599469631910324097e-01 -1.677129417657852173e-02
-7.777585834264755249e-02 9.247606247663497925e-02
1.662104278802871704e-01 -1.863010376691818237e-01
2.094947174191474915e-02 9.325777739286422729e-02
-1.301306337118148804e-01 -1.025416031479835510e-01
8.288329467177391052e-03 2.126601291820406914e-03
-1.741237938404083252e-02 6.164848059415817261e-02
1.811865121126174927e-01 -5.622080061584711075e-03
1.848022490739822388e-01 -2.938448488712310791e-01
-3.174363821744918823e-02 2.020500302314758301e-01
3.958610072731971741e-02 -1.845632866024971008e-02
1.774491518735885620e-01 -1.370589286088943481e-01
-1.129161715507507324e-01 1.924745589494705200e-01
-8.570942282676696777e-02 -2.148473635315895081e-02
6.063255667686462402e-02 -8.186402171850204468e-02
-4.588873591274023056e-03 8.923339098691940308e-02
7.160192728042602539e-02 -8.340192586183547974e-02
3.566520661115646362e-02 -4.457271099090576172e-02
1.315867006778717041e-01 -1.550758332014083862e-01
3.444464644417166710e-03 4.848601296544075012e-02
-4.408759996294975281e-02 2.254463173449039459e-02
1.784300617873668671e-02 1.112343892455101013e-01
3.366576880216598511e-02 5.592584237456321716e-02
-1.385968923568725586e-01 5.603824928402900696e-02
-1.302000284194946289e-01 7.565513253211975098e-02
-1.785971783101558685e-02 7.914168387651443481e-02
-1.314632315188646317e-02 1.069846190512180328e-02
2.512275874614715576e-01 -2.099005505442619324e-02
1.567037552595138550e-01 -9.899497032165527344e-02
-2.053665462881326675e-03 1.198238059878349304e-01
1.162607148289680481e-01 4.193516075611114502e-02
-2.052728384733200073e-01 2.180036455392837524e-01
2.561896741390228271e-01 -3.918418288230895996e-02
-1.260574068874120712e-02 2.767086960375308990e-02
1.647380739450454712e-01 -1.118024662137031555e-01
1.052143424749374390e-01 -5.507991183549165726e-03
9.004714898765087128e-03 2.852518260478973389e-01
-2.324409037828445435e-01 1.456314921379089355e-01
-1.342524141073226929e-01 6.084886565804481506e-02
1.846599876880645752e-01 -7.627471536397933960e-02
3.207206353545188904e-02 1.186101697385311127e-02
-1.797675192356109619e-01 1.231036260724067688e-01
-2.175777852535247803e-01 8.498663455247879028e-02
-8.172612637281417847e-02 -4.243073053658008575e-03
3.623877093195915222e-02 3.405937924981117249e-02
1.847456097602844238e-01 -8.061603456735610962e-02
-5.922428518533706665e-02 9.241520613431930542e-02
1.182821020483970642e-01 -1.894894391298294067e-01
-2.480553649365901947e-02 -2.088201232254505157e-02
1.526686549186706543e-01 -1.734315901994705200e-01
-6.977418810129165649e-02 5.314901471138000488e-02
1.293483674526214600e-01 -1.860356628894805908e-01
2.559099495410919189e-01 -1.125456988811492920e-01
1.293592005968093872e-01 -7.161568850278854370e-02
-1.905264854431152344e-01 4.319469630718231201e-02
1.143833249807357788e-01 -1.117968037724494934e-01
3.202535584568977356e-02 1.299929320812225342e-01
-1.538173556327819824e-01 1.461342126131057739e-01
1.129864063113927841e-02 8.039360865950584412e-03
2.156819850206375122e-01 -6.375101953744888306e-02
-6.542978435754776001e-02 1.600677222013473511e-01
-8.456626534461975098e-02 1.278813034296035767e-01
-4.216006025671958923e-02 1.155495196580886841e-01
-6.610374897718429565e-02 8.125414699316024780e-02
-1.149744763970375061e-01 -7.853817194700241089e-02
6.779419630765914917e-02 1.382879447191953659e-02
1.197707206010818481e-01 -1.295092999935150146e-01
-1.412773877382278442e-01 -1.489120870828628540e-01
1.112579479813575745e-01 -1.079223826527595520e-01
-1.875422336161136627e-02 -2.512299418449401855e-01
-5.224714428186416626e-02 1.461632400751113892e-01
-3.864399716258049011e-02 -2.493385672569274902e-01
9.632484614849090576e-02 -2.159243226051330566e-01
-1.366310864686965942e-01 -4.550786316394805908e-02
