2.418140769004821777e-01 -2.478444874286651611e-01
-2.093934863805770874e-01 8.048782497644424438e-02
1.048475131392478943e-01 -1.676344275474548340e-01
1.787525042891502380e-02 1.261148881167173386e-02
-7.632134854793548584e-02 2.998481988906860352e-01
8.965711295604705811e-02 -2.090270668268203735e-01
2.508344352245330811e-01 -1.191761121153831482e-01
-1.050371825695037842e-01 -7.736068218946456909e-02
-1.357768028974533081e-01 1.433887481689453125e-01
7.195518910884857178e-02 1.445020288228988647e-01
-1.321006566286087036e-01 5.082184821367263794e-02
1.978875994682312012e-01 -1.475148741155862808e-02
-2.350113168358802795e-02 9.400009363889694214e-02
-9.735108166933059692e-02 1.914332807064056396e-01
-9.111012332141399384e-03 1.033678650856018066e-01
2.108084410429000854e-02 -2.587027549743652344e-01
1.591587513685226440e-01 -8.858428150415420532e-02
-1.286707445979118347e-02 -1.952270716428756714e-01
4.055613651871681213e-02 -8.300326019525527954e-02
-1.771573722362518311e-01 -9.730926901102066040e-02
1.320080459117889404e-01 5.918020755052566528e-02
2.801880836486816406e-01 -1.836414486169815063e-01
-3.083280287683010101e-02 -1.279794722795486450e-01
2.885169684886932373e-01 -3.211843371391296387e-01
-1.519718915224075317e-01 1.434747874736785889e-01
-3.466393426060676575e-02 2.309712469577789307e-01
7.357355207204818726e-02 -7.484398782253265381e-02
-1.404646486043930054e-01 1.498819887638092041e-01
-1.031252145767211914e-01 -2.260616794228553772e-02
7.411520183086395264e-02 2.350179553031921387e-01
-2.644556760787963867e-01 2.044690400362014771e-01
8.603055030107498169e-02 -4.102923721075057983e-02
-1.220993921160697937e-01 2.211600542068481445e-02
-1.434586644172668457e-01 -1.578865200281143188e-02
2.390351891517639160e-02 -1.044190526008605957e-01
-1.032440885901451111e-01 1.833223998546600342e-01
-2.227908968925476074e-01 6.076022237539291382e-02
-3.196264058351516724e-02 -2.243855148553848267e-01
1.429319381713867188e-01 -1.509795933961868286e-01
-1.980355009436607361e-02 -3.622703021392226219e-03
2.651923298835754395e-01 -1.606610566377639771e-01
-4.013596475124359131e-02 1.841539144515991211e-01
1.032318025827407837e-01 1.869115419685840607e-02
1.321994960308074951e-01 2.516777068376541138e-02
1.563887745141983032e-01 -1.116288602352142334e-01
2.853358983993530273e-01 -9.275135397911071777e-02
-2.453896701335906982e-01 2.649913430213928223e-01
4.837277904152870178e-02 -2.414149492979049683e-01
1.087912917137145996e-01 -1.088378876447677612e-01
-8.190236240625381470e-02 7.685792446136474609e-02
1.249029114842414856e-01 -1.681433618068695068e-01
-1.494686752557754517e-01 7.437043637037277222e-02
1.151058748364448547e-01 -9.192153066396713257e-02
-4.072565957903862000e-02 -9.791800379753112793e-02
-7.062774896621704102e-02 -1.403185129165649414e-01
1.292891502380371094e-01 -1.270778328180313110e-01
-5.472185835242271423e-02 -2.746554315090179443e-01
-2.243617624044418335e-01 3.437158167362213135e-01
-1.406951993703842163e-01 -8.529666066169738770e-02
9.012582711875438690e-03 -2.529446482658386230e-01
-1.794058270752429962e-02 -7.792416960000991821e-02
-1.434724330902099609e-01 2.041403055191040039e-01
1.966114491224288940e-01 -1.214680820703506470e-01
7.678478956222534180e-02 -6.825660169124603271e-02
1.344449911266565323e-02 -1.549609601497650146e-01
1.413820087909698486e-01 -9.864107519388198853e-02
3.751144185662269592e-02 2.044781856238842010e-02
-8.971874415874481201e-02 -2.733204327523708344e-02
-3.774081915616989136e-02 1.926765590906143188e-01
-1.128460094332695007e-01 1.894113421440124512e-02
2.988148033618927002e-01 -1.758002638816833496e-01
1.627284586429595947e-01 -1.516877412796020508e-01
-1.194234341382980347e-01 1.269426345825195312e-01
5.400615930557250977e-02 -3.393431007862091064e-01
-5.206488817930221558e-02 3.758963942527770996e-02
-5.930548533797264099e-02 -3.781623393297195435e-02
-2.224730551242828369e-01 2.221876084804534912e-01
1.281793862581253052e-01 -6.636768579483032227e-02
2.240210538730025291e-03 1.005455926060676575e-01
1.424360573291778564e-01 -1.964726150035858154e-01
2.937738597393035889e-01 -1.752380877733230591e-01
-1.204832792282104492e-01 1.495769917964935303e-01
-1.057268381118774414e-01 2.751144766807556152e-01
2.414481528103351593e-02 -4.979330697096884251e-04
1.621157526969909668e-01 -1.919084936380386353e-01
2.175817638635635376e-01 -1.967861652374267578e-01
-3.928420320153236389e-02 -6.525751948356628418e-02
2.752001881599426270e-01 -2.142569869756698608e-01
2.423699498176574707e-01 -2.346779406070709229e-01
2.676729261875152588e-01 -2.066728174686431885e-01
-1.865213215351104736e-01 9.334278106689453125e-02
-5.833520367741584778e-02 3.589751720428466797e-01
-1.949190944433212280e-01 7.504147291183471680e-02
-6.494510173797607422e-02 -5.681594088673591614e-02
-1.225383356213569641e-01 1.956790238618850708e-01
1.763547360897064209e-01 -2.166779190301895142e-01
9.774531237781047821e-03 -3.204041859135031700e-03
-5.472226813435554504e-02 -1.335735898464918137e-02
1.542766988277435303e-01 -1.230821460485458374e-01
-1.369487047195434570e-01 2.717822045087814331e-02
6.390796601772308350e-02 1.197015866637229919e-02
-1.514810323715209961e-01 -3.729597851634025574e-02
2.899198606610298157e-02 -1.972559392452239990e-01
4.952531307935714722e-02 -2.313074469566345215e-01
1.713817119598388672e-01 2.320978790521621704e-02
1.913159340620040894e-01 -1.152062118053436279e-01
-8.517602086067199707e-02 -1.499617397785186768e-01
1.107365638017654419e-01 -2.460561394691467285e-01
4.280599951744079590e-02 -2.984525635838508606e-02
3.305835649371147156e-02 -2.303044348955154419e-01
-2.972210571169853210e-02 1.639229357242584229e-01
-1.381443291902542114e-01 1.218830496072769165e-01
3.049497678875923157e-02 -2.477728761732578278e-02
-1.595652252435684204e-01 2.118950337171554565e-01
4.159255325794219971e-02 2.250112891197204590e-01
-3.486925065517425537e-01 3.963742554187774658e-01
3.411790132522583008e-01 -1.998371481895446777e-01
-3.217347264289855957e-01 1.385730504989624023e-01
-1.094277128577232361e-01 5.396884679794311523e-02
-9.777575731277465820e-02 3.571544885635375977e-01
8.229482918977737427e-02 -9.222238510847091675e-02
-2.367457747459411621e-01 1.487379670143127441e-01
2.928433120250701904e-01 -2.261625528335571289e-01
2.455338537693023682e-01 -2.477768361568450928e-01
2.468627542257308960e-01 -1.333404481410980225e-01
1.713295578956604004e-01 -2.115462720394134521e-01
-1.019425615668296814e-01 -6.116846576333045959e-02
-7.999081164598464966e-03 1.826889216899871826e-01
1.076250523328781128e-01 -3.192534446716308594e-01
5.087669193744659424e-02 -7.328698039054870605e-02
1.269940286874771118e-01 8.179683983325958252e-02
1.265935301780700684e-01 3.962033241987228394e-02
6.728361546993255615e-02 -1.250103265047073364e-01
1.366045325994491577e-01 -1.779738217592239380e-01
-9.420517832040786743e-03 3.173013683408498764e-03
2.259472943842411041e-02 -1.795466244220733643e-01
6.229083985090255737e-02 -3.888398781418800354e-02
-1.159242764115333557e-01 -1.536725759506225586e-01
4.988604038953781128e-02 -2.872804179787635803e-02
-2.193633466958999634e-01 7.548633217811584473e-02
-1.471677124500274658e-01 8.738553524017333984e-02
3.368401899933815002e-02 -1.870311796665191650e-01
-1.964513445273041725e-03 1.250987648963928223e-01
7.720391452312469482e-02 -1.623802036046981812e-01
1.712921559810638428e-01 -2.508486509323120117e-01
-8.638582378625869751e-02 -5.657666176557540894e-02
2.049010246992111206e-01 -1.313388794660568237e-01
-9.931722283363342285e-02 -1.838995516300201416e-01
1.179960221052169800e-01 -1.323987841606140137e-01
1.155248060822486877e-01 -3.492812514305114746e-01
3.874685466289520264e-01 -1.136542856693267822e-01
3.210228979587554932e-01 -1.642573177814483643e-01
-6.003188341856002808e-02 2.217827290296554565e-01
-1.605281233787536621e-01 3.873279094696044922e-01
2.781857252120971680e-01 -1.833016723394393921e-01
-4.208504781126976013e-02 -2.117800712585449219e-01
-3.610697686672210693e-01 2.887980639934539795e-01
1.212728768587112427e-01 -1.740532070398330688e-01
1.594778895378112793e-01 -1.055715382099151611e-01
-4.038831219077110291e-02 1.984458863735198975e-01
1.702113598585128784e-01 -1.751915663480758667e-01
1.998775452375411987e-01 1.517186593264341354e-02
3.755156323313713074e-02 3.998573869466781616e-02
-1.851702481508255005e-01 9.600630402565002441e-02
-1.103374734520912170e-01 3.830969799309968948e-04
3.514853492379188538e-02 -5.238178744912147522e-02
-1.691215485334396362e-01 1.033638194203376770e-01
1.261176913976669312e-01 6.124706566333770752e-02
2.520159482955932617e-01 6.252463907003402710e-03
-1.234008744359016418e-01 7.985901087522506714e-02
-7.988259941339492798e-02 1.346226334571838379e-01
2.853860333561897278e-02 2.411671914160251617e-03
2.128569483757019043e-01 -1.624026447534561157e-01
2.531076408922672272e-02 -1.417147070169448853e-01
-2.285307049751281738e-01 1.155513077974319458e-01
-6.624883413314819336e-02 -2.227206155657768250e-02
-1.234337314963340759e-01 1.608668863773345947e-01
7.362332195043563843e-02 5.276517570018768311e-02
-4.720282182097434998e-02 2.046546489000320435e-01
-1.105120629072189331e-01 2.023524343967437744e-01
2.873751521110534668e-01 -1.678893119096755981e-01
-1.837389916181564331e-01 1.706277579069137573e-01
-1.672540009021759033e-01 -1.347667630761861801e-02
-1.407841891050338745e-01 -1.161004751920700073e-01
-1.035052910447120667e-01 5.798303335905075073e-02
9.702461212873458862e-02 2.257335931062698364e-02
1.590899974107742310e-01 -4.146670177578926086e-02
-2.141390591859817505e-01 1.060391142964363098e-01
1.463394612073898315e-01 -1.153217032551765442e-01
-1.856621652841567993e-01 8.226945996284484863e-02
-1.738134622573852539e-01 1.594516485929489136e-01
-2.920331358909606934e-01 1.141781583428382874e-01
9.981297701597213745e-02 -2.351704090833663940e-01
2.273665368556976318e-01 -2.497104406356811523e-01
2.648214101791381836e-01 -1.967494636774063110e-01
-1.264866068959236145e-02 -9.100510179996490479e-02
-1.382948309183120728e-01 2.392544299364089966e-01
-5.216931179165840149e-02 -6.509442627429962158e-02
-9.324246644973754883e-02 -2.021735012531280518e-01
1.470523178577423096e-01 -2.192861884832382202e-01
5.765652656555175781e-02 -1.980184167623519897e-01
1.246138438582420349e-01 -1.048016771674156189e-01
1.457155793905258179e-01 2.340422198176383972e-02
1.532168593257665634e-02 -1.181344091892242432e-01
-6.377629935741424561e-02 5.039958748966455460e-03
1.625558435916900635e-01 -1.581570506095886230e-01
-2.033013701438903809e-01 7.597209885716438293e-03
-1.716004312038421631e-01 -2.122839726507663727e-02
1.665245369076728821e-02 -7.243723422288894653e-02
1.428311914205551147e-01 -2.200601845979690552e-01
2.000928670167922974e-02 -8.565179258584976196e-02
1.845620386302471161e-02 -3.514710441231727600e-02
1.249077469110488892e-01 -1.731045842170715332e-01
1.221824809908866882e-01 6.374740600585937500e-02
1.026630252599716187e-01 -7.013287395238876343e-02
7.481159269809722900e-02 -1.594410389661788940e-01
-9.219856001436710358e-03 2.133475244045257568e-02
-1.192830204963684082e-01 4.549081996083259583e-02
1.025129929184913635e-01 -1.727745383977890015e-01
1.561790555715560913e-01 1.398816518485546112e-02
-5.428241565823554993e-03 1.741665154695510864e-01
-1.355085372924804688e-01 2.335501313209533691e-01
-1.666913479566574097e-01 6.250697374343872070e-02
5.546678975224494934e-02 1.491102427244186401e-01
2.718511596322059631e-02 2.030158638954162598e-01
-5.639702454209327698e-02 2.288555204868316650e-01
-8.921662718057632446e-02 1.310545951128005981e-01
-1.821348518133163452e-01 1.218723654747009277e-01
-3.264265507459640503e-02 1.330624073743820190e-01
-2.107116281986236572e-01 2.025663703680038452e-01
-7.074128091335296631e-02 1.151275262236595154e-01
1.934354901313781738e-01 -2.822609245777130127e-01
2.897666096687316895e-01 -2.621851563453674316e-01
2.116508595645427704e-02 1.583426743745803833e-01
-7.956135272979736328e-02 3.516814485192298889e-02
1.636859327554702759e-01 -1.414802521467208862e-01
2.521981000900268555e-01 -1.372739076614379883e-01
-4.542892798781394958e-02 1.678446829319000244e-01
-1.463783681392669678e-01 3.083794713020324707e-01
-1.378843486309051514e-01 2.141616307199001312e-02
-2.539019286632537842e-01 2.203356921672821045e-01
3.009952977299690247e-02 -9.248315542936325073e-02
-1.414315104484558105e-01 1.541942805051803589e-01
2.121347934007644653e-01 -4.087781533598899841e-02
-2.400394715368747711e-02 1.415408104658126831e-01
-2.015628814697265625e-01 5.331565812230110168e-02
-1.163822486996650696e-01 1.571794152259826660e-01
5.760629102587699890e-02 -4.002400860190391541e-02
2.160728573799133301e-01 -1.613059639930725098e-02
-7.944355905055999756e-02 1.113919820636510849e-02
-1.795019023120403290e-03 -1.046213805675506592e-01
-1.683060079813003540e-01 1.886322945356369019e-01
6.152363494038581848e-02 8.042143657803535461e-03
-1.028656363487243652e-01 2.166041135787963867e-01
6.694848835468292236e-02 -5.762555077672004700e-02
1.754095964133739471e-02 1.809486187994480133e-02
