-2.708506286144256592e-01 1.342903822660446167e-01
-1.769728958606719971e-01 -1.414251625537872314e-01
9.624935686588287354e-02 -2.845852971076965332e-01
1.476100236177444458e-01 -2.075743824243545532e-01
1.252757459878921509e-01 -3.642111420631408691e-01
-8.619222044944763184e-02 1.870463341474533081e-01
-2.757295370101928711e-01 1.161948367953300476e-01
1.073435470461845398e-01 8.783653378486633301e-02
-1.528634428977966309e-01 4.793965816497802734e-02
-1.289416383951902390e-02 -2.074588686227798462e-01
-3.689500316977500916e-02 -1.753655374050140381e-01
-1.679460890591144562e-02 1.866330057382583618e-01
-1.771567314863204956e-01 3.079268336296081543e-01
1.059961095452308655e-01 1.984452642500400543e-02
2.103075385093688965e-01 1.059832423925399780e-01
2.237928062677383423e-01 -2.005026489496231079e-01
7.930536568164825439e-02 -3.013083338737487793e-02
-1.659618020057678223e-01 2.060286849737167358e-01
1.426118016242980957e-01 -2.548801898956298828e-01
7.779343426227569580e-02 8.894534409046173096e-02
1.258009113371372223e-02 1.128725484013557434e-01
3.889159858226776123e-02 -3.788542449474334717e-01
1.279101334512233734e-02 1.995303481817245483e-01
3.132237493991851807e-01 -1.243482455611228943e-01
-1.288167089223861694e-01 2.568658590316772461e-01
-3.510845452547073364e-02 2.247819900512695312e-01
1.658727414906024933e-02 -8.417705446481704712e-02
5.735234357416629791e-03 -1.187251731753349304e-01
1.577744334936141968e-01 -3.620220124721527100e-01
-1.415209770202636719e-01 2.488483637571334839e-01
-1.738902777433395386e-01 8.569912612438201904e-02
3.703710138797760010e-01 -7.448464632034301758e-02
2.100518322549760342e-04 -7.910842448472976685e-02
-3.656871020793914795e-01 2.631676793098449707e-01
1.667698770761489868e-01 -2.719112932682037354e-01
1.589555740356445312e-01 2.237569354474544525e-02
-2.093610018491744995e-01 1.488095521926879883e-01
3.339380323886871338e-01 -1.914907544851303101e-01
2.420472949743270874e-01 -2.269634902477264404e-01
-1.664716601371765137e-01 3.263015449047088623e-01
-1.131927780807018280e-02 -1.830891966819763184e-01
1.221334114670753479e-01 1.228983892360702157e-04
-1.433399617671966553e-01 1.178577616810798645e-01
-3.380885720252990723e-02 -1.092173010110855103e-01
-8.579597622156143188e-02 1.057723462581634521e-01
2.371021360158920288e-01 -3.007827401161193848e-01
1.765375137329101562e-01 -2.243455946445465088e-01
-2.917697429656982422e-01 2.503743395209312439e-03
1.245153173804283142e-01 -1.235322281718254089e-01
8.341872133314609528e-03 -1.952269226312637329e-01
-1.449329555034637451e-01 1.815948635339736938e-01
2.133170664310455322e-01 -9.472361207008361816e-02
-2.522138059139251709e-01 1.756045222282409668e-01
-5.645524337887763977e-02 -4.168137162923812866e-02
5.141488835215568542e-02 -4.584001004695892334e-02
-2.082298882305622101e-02 -8.141686022281646729e-02
-1.201177984476089478e-01 -5.320079158991575241e-03
4.588919226080179214e-03 -1.184695810079574585e-01
-1.017435863614082336e-01 -9.667319804430007935e-02
2.322102040052413940e-01 -1.528080999851226807e-01
7.465869933366775513e-02 -3.581177443265914917e-02
-4.874860867857933044e-02 4.313919320702552795e-02
-9.293132275342941284e-02 -1.654242514632642269e-03
2.559162378311157227e-01 -1.944212913513183594e-01
-1.694089472293853760e-01 2.020324915647506714e-01
9.648436680436134338e-03 -2.383120208978652954e-01
1.484807431697845459e-01 -6.591144949197769165e-02
4.395744204521179199e-02 7.656665146350860596e-02
3.384174779057502747e-02 -1.868035644292831421e-01
-1.667490303516387939e-01 1.271574050188064575e-01
-4.467376470565795898e-01 1.597165167331695557e-01
-8.597578108310699463e-02 1.223149672150611877e-01
-2.874798178672790527e-01 2.670687437057495117e-01
1.975343227386474609e-01 -3.025262057781219482e-01
-2.428776323795318604e-01 3.952865600585937500e-01
-1.295983344316482544e-01 1.384306550025939941e-01
-1.759045571088790894e-01 1.178123056888580322e-01
-1.350794732570648193e-01 1.379656046628952026e-01
2.850007116794586182e-01 -2.719422243535518646e-02
1.605673432350158691e-01 -2.643342614173889160e-01
2.213346958160400391e-01 -6.384313106536865234e-02
-2.190915346145629883e-01 2.614650726318359375e-01
3.189340233802795410e-01 -4.145418703556060791e-01
-2.370787709951400757e-01 3.337671160697937012e-01
3.116645216941833496e-01 -2.819544076919555664e-01
3.496610224246978760e-01 -1.666595488786697388e-01
-3.819072544574737549e-01 3.466860651969909668e-01
1.665518432855606079e-01 -2.115861326456069946e-01
-1.977916657924652100e-01 1.776104867458343506e-01
-1.104116886854171753e-01 1.816935390233993530e-01
-2.880696356296539307e-01 2.550908625125885010e-01
-4.107075929641723633e-01 2.255121469497680664e-01
-1.816247850656509399e-01 4.554392024874687195e-02
1.570777297019958496e-01 -1.788942813873291016e-01
-3.634704947471618652e-01 3.503668904304504395e-01
2.383726537227630615e-01 -3.879961669445037842e-01
1.212522760033607483e-01 -1.726726889610290527e-01
-4.542506635189056396e-01 3.211023211479187012e-01
1.725326478481292725e-01 -1.053803935647010803e-01
9.493594616651535034e-02 -8.502746932208538055e-03
6.108140572905540466e-02 2.856949567794799805e-01
7.485993206501007080e-02 -2.736030519008636475e-01
2.700375914573669434e-01 -4.250844717025756836e-01
-2.723054289817810059e-01 3.496559262275695801e-01
2.963388524949550629e-02 1.778496056795120239e-01
1.199565231800079346e-01 -3.951346501708030701e-02
2.564510405063629150e-01 -2.265543639659881592e-01
2.050335109233856201e-01 -2.288704067468643188e-01
3.968239948153495789e-02 -2.129896879196166992e-01
3.216228485107421875e-01 -4.379470050334930420e-01
3.113326132297515869e-01 -2.148177176713943481e-01
-3.485614359378814697e-01 3.161839246749877930e-01
1.273260414600372314e-01 -4.025844037532806396e-01
-1.974631398916244507e-01 1.719113141298294067e-01
-3.740087524056434631e-02 1.673791855573654175e-01
-7.435316592454910278e-02 -1.388863027095794678e-01
-3.723667263984680176e-01 1.763599663972854614e-01
9.862249344587326050e-02 -8.790238946676254272e-02
1.404563188552856445e-01 -8.828155696392059326e-02
2.689253389835357666e-01 -7.529548555612564087e-02
2.286690026521682739e-01 -2.572406530380249023e-01
1.863335222005844116e-01 -1.320684999227523804e-01
-3.036706745624542236e-01 2.184758931398391724e-01
-2.385627180337905884e-01 5.409290269017219543e-02
-2.768990993499755859e-01 2.712216675281524658e-01
-4.268690049648284912e-01 3.404022455215454102e-01
-1.257668137550354004e-01 7.875218242406845093e-02
-2.542647123336791992e-01 2.508642077445983887e-01
1.847691535949707031e-01 -2.244086414575576782e-01
1.632070541381835938e-01 -2.917340993881225586e-01
-1.790083944797515869e-01 1.898899823427200317e-01
3.548822700977325439e-01 -2.465487271547317505e-01
1.619796603918075562e-01 -1.788177192211151123e-01
7.605735212564468384e-02 -2.382827736437320709e-02
2.434115558862686157e-01 -2.045994699001312256e-01
4.486525654792785645e-01 -3.197945058345794678e-01
2.174367010593414307e-01 -2.249541133642196655e-01
-1.367572844028472900e-01 8.263685740530490875e-03
-2.951606810092926025e-01 3.654530942440032959e-01
6.411164999008178711e-02 -2.204333692789077759e-01
1.411807686090469360e-01 -3.442288935184478760e-01
-4.995786398649215698e-02 4.731335863471031189e-02
3.262196779251098633e-01 -4.182929396629333496e-01
-1.220842897891998291e-01 2.237444929778575897e-02
-1.856394708156585693e-01 1.581840664148330688e-01
4.679680466651916504e-01 -3.524128198623657227e-01
2.689680159091949463e-01 -2.471625506877899170e-01
1.084739565849304199e-01 -2.632776796817779541e-01
-5.125292539596557617e-01 1.468295603990554810e-01
2.512604892253875732e-01 -3.398228585720062256e-01
-1.199407726526260376e-01 3.781467378139495850e-01
-8.269285410642623901e-02 9.165595471858978271e-02
-3.376802206039428711e-01 2.904355525970458984e-01
-5.276870355010032654e-02 2.177108973264694214e-01
-3.240272998809814453e-01 1.681619733572006226e-01
-4.617817699909210205e-01 2.035815268754959106e-01
-2.180259525775909424e-01 -6.428275257349014282e-02
-2.602527141571044922e-01 2.713008224964141846e-01
-2.131180465221405029e-01 3.845075964927673340e-01
3.866143524646759033e-01 -2.397329807281494141e-01
-4.262600466609001160e-02 8.055061846971511841e-02
1.951628178358078003e-01 -3.189558088779449463e-01
-2.126464992761611938e-01 3.647747337818145752e-01
4.272923171520233154e-01 -3.848640024662017822e-01
1.929543614387512207e-01 -2.439984381198883057e-01
-1.371309310197830200e-01 -1.087369117885828018e-02
-1.734073460102081299e-01 3.304864764213562012e-01
-2.486834302544593811e-03 1.765821129083633423e-01
-1.203927695751190186e-01 2.873317003250122070e-01
2.647093534469604492e-01 -3.638264536857604980e-01
2.997005581855773926e-01 -3.011328577995300293e-01
1.086212396621704102e-01 -9.419318288564682007e-02
-3.130227327346801758e-02 -1.397458016872406006e-01
2.262250185012817383e-01 -1.798735409975051880e-01
1.681224703788757324e-01 -1.420685052871704102e-01
-9.321792982518672943e-03 1.992074251174926758e-01
-6.178178638219833374e-02 1.184151768684387207e-01
-2.086581140756607056e-01 -9.162936359643936157e-03
-2.170444875955581665e-01 -1.911436993395909667e-04
2.419863082468509674e-02 8.918098360300064087e-02
-1.339962333440780640e-01 -5.473350733518600464e-02
1.909637451171875000e-01 -2.484307885169982910e-01
-1.858360767364501953e-01 2.229883670806884766e-01
2.839783020317554474e-02 -4.220419097691774368e-03
-4.807400405406951904e-01 2.514467537403106689e-01
2.395729534327983856e-02 -6.193194165825843811e-02
-2.884299755096435547e-01 1.227387860417366028e-01
-1.909578442573547363e-01 1.274150758981704712e-01
1.941582560539245605e-01 -1.353354454040527344e-01
-2.595409452915191650e-01 4.364542067050933838e-01
2.887423634529113770e-01 -8.195230364799499512e-02
-1.495737135410308838e-01 1.194798275828361511e-01
-5.451500788331031799e-02 -7.311312854290008545e-02
1.934529244899749756e-01 -2.441789805889129639e-01
-8.532169461250305176e-02 4.350879415869712830e-02
3.469706177711486816e-01 -2.513754665851593018e-01
-2.061423808336257935e-01 6.660840660333633423e-02
-2.552842497825622559e-01 2.688902914524078369e-01
1.974470615386962891e-01 -2.855103611946105957e-01
6.053105741739273071e-02 -8.813495188951492310e-02
-3.309906646609306335e-02 -2.286826521158218384e-01
1.355546116828918457e-01 -3.056583106517791748e-01
-3.184275627136230469e-01 2.504957616329193115e-01
5.527681112289428711e-02 5.945675540715456009e-03
1.713164895772933960e-01 -8.672696352005004883e-02
2.387006580829620361e-01 -3.885277211666107178e-01
1.850218623876571655e-01 -1.624368727207183838e-01
3.861177861690521240e-01 -4.837911427021026611e-01
-3.156342729926109314e-02 -2.298536337912082672e-02
3.450853750109672546e-02 -2.633289992809295654e-01
7.497165352106094360e-02 -3.160691633820533752e-02
-2.625827789306640625e-01 2.088174372911453247e-01
7.426536083221435547e-02 -9.988556057214736938e-02
9.710302948951721191e-02 -2.204140126705169678e-01
7.880367338657379150e-02 1.599658429622650146e-01
-1.641362346708774567e-02 -6.972800195217132568e-02
1.666569411754608154e-01 -2.472607493400573730e-01
-9.988402575254440308e-02 -1.536679267883300781e-01
7.893344759941101074e-02 3.432224690914154053e-02
3.605349957942962646e-01 -1.487626880407333374e-01
9.365090727806091309e-02 -1.194427311420440674e-01
-1.401905268430709839e-01 2.304819673299789429e-01
-1.516216248273849487e-01 1.319927424192428589e-01
7.568783126771450043e-03 2.736961282789707184e-02
-1.659450978040695190e-01 2.212491482496261597e-01
-3.501709103584289551e-01 2.150948047637939453e-01
-1.372320801019668579e-01 2.413707226514816284e-01
1.208055987954139709e-01 -1.437365263700485229e-01
-5.668250098824501038e-02 5.711184069514274597e-02
2.129624933004379272e-01 -5.846381559967994690e-02
1.334991753101348877e-01 -2.530460953712463379e-01
2.031897455453872681e-01 9.168411791324615479e-02
1.887921988964080811e-01 5.400979891419410706e-02
3.007430955767631531e-02 -1.675024330615997314e-01
-2.254097163677215576e-01 -6.154394894838333130e-02
1.646303534507751465e-01 -1.268883049488067627e-01
-1.206184402108192444e-01 7.691460847854614258e-02
-1.057045068591833115e-02 2.114965617656707764e-01
-2.253629639744758606e-02 -1.527045369148254395e-01
-1.877803206443786621e-01 2.360302954912185669e-01
-2.034246772527694702e-01 1.286769062280654907e-01
8.814435452222824097e-03 -3.047806322574615479e-01
4.925800021737813950e-03 1.831802874803543091e-01
-3.314112871885299683e-02 -1.064861379563808441e-02
-1.933511197566986084e-01 9.107374399900436401e-02
-2.141337841749191284e-02 -7.284219563007354736e-02
-1.124184578657150269e-01 5.059255287051200867e-02
1.575648635625839233e-01 -7.100477069616317749e-02
-6.952249258756637573e-02 2.321015298366546631e-01
1.934767886996269226e-02 6.190538406372070312e-02
9.983717463910579681e-03 5.220684409141540527e-02
2.972425222396850586e-01 -1.612896919250488281e-01
-1.404834538698196411e-02 -1.862728968262672424e-02
-2.194332927465438843e-01 7.450958341360092163e-02
-1.396277099847793579e-01 2.392184138298034668e-01
-3.233652710914611816e-01 1.881180405616760254e-01
