1.236185654997825623e-01 -1.394713222980499268e-01
-3.358947038650512695e-01 1.556271761655807495e-01
7.716135680675506592e-02 -2.041409909725189209e-01
-1.517090052366256714e-01 -1.370858773589134216e-02
-7.481564581394195557e-02 7.483821362257003784e-02
-1.610696315765380859e-01 1.237475648522377014e-01
3.639173507690429688e-01 -2.566465437412261963e-01
-1.621585190296173096e-01 1.883070468902587891e-01
6.545141339302062988e-02 8.840132504701614380e-02
2.055705487728118896e-01 -2.919199317693710327e-02
-2.496108561754226685e-01 3.045934736728668213e-01
-9.136046469211578369e-02 -1.906264759600162506e-02
2.277286797761917114e-01 -3.962283208966255188e-02
1.713806390762329102e-01 -1.126905530691146851e-02
4.243290424346923828e-01 -2.244999259710311890e-01
1.762840598821640015e-01 -1.622975915670394897e-01
-1.855236142873764038e-01 2.967166304588317871e-01
-1.441006362438201904e-01 9.255742654204368591e-03
1.360002458095550537e-01 -1.556616574525833130e-01
-7.969047129154205322e-02 1.467787027359008789e-01
2.165249735116958618e-01 -1.233779564499855042e-01
7.760591059923171997e-02 9.497802238911390305e-04
2.675874829292297363e-01 -2.397897392511367798e-01
2.660796046257019043e-01 -2.446043938398361206e-01
-2.833188511431217194e-02 -1.436968799680471420e-02
-1.612462848424911499e-01 2.729599177837371826e-01
-1.102750152349472046e-01 2.826111018657684326e-02
2.513020634651184082e-01 -2.160789668560028076e-01
1.982839964330196381e-02 -1.283477842807769775e-01
5.565345659852027893e-02 1.038378775119781494e-01
-2.936134859919548035e-02 -2.223804146051406860e-01
2.462323457002639771e-01 -2.805650830268859863e-01
6.879232823848724365e-02 -1.037534996867179871e-01
-5.291114747524261475e-02 3.955059126019477844e-02
-2.933005690574645996e-01 2.884202003479003906e-01
-6.089860796928405762e-01 4.204773306846618652e-01
1.197515949606895447e-01 -1.934072673320770264e-01
5.271923728287220001e-04 2.889661788940429688e-01
-4.603854566812515259e-02 -2.993017248809337616e-02
-1.174428313970565796e-01 1.012855246663093567e-01
-8.204416185617446899e-02 8.695653825998306274e-02
-6.149676814675331116e-02 -4.694780707359313965e-02
-3.597520589828491211e-01 1.591501682996749878e-01
-4.597503244876861572e-01 4.471697807312011719e-01
-8.989617973566055298e-02 -4.325611144304275513e-02
-5.291003733873367310e-02 -1.476389765739440918e-01
8.101015537977218628e-02 5.340133607387542725e-02
8.591867983341217041e-02 -2.251026630401611328e-01
-3.435965776443481445e-01 3.213995695114135742e-01
1.622165739536285400e-02 2.564974725246429443e-01
-2.897633314132690430e-01 1.577737778425216675e-01
-4.005093872547149658e-02 -1.090382337570190430e-01
-1.251545548439025879e-01 -7.388800382614135742e-02
2.196224629878997803e-01 -2.608967125415802002e-01
-2.800927162170410156e-01 1.490558236837387085e-01
-5.703843384981155396e-02 4.163655638694763184e-02
-2.398825883865356445e-01 3.459885418415069580e-01
-1.430884897708892822e-01 -3.758185729384422302e-02
-4.326580092310905457e-02 1.426305472850799561e-01
-3.504745662212371826e-02 -7.167845219373703003e-02
-1.605598181486129761e-01 -7.800130639225244522e-03
-1.470203399658203125e-01 1.939677149057388306e-01
1.503472179174423218e-01 -1.356240510940551758e-01
-3.146811202168464661e-02 -3.590765222907066345e-02
5.254737734794616699e-01 -6.465176939964294434e-01
-4.772921502590179443e-01 4.242418408393859863e-01
-1.650178879499435425e-01 1.229504719376564026e-01
-2.281845062971115112e-01 5.468652816489338875e-04
-4.682258069515228271e-01 5.814799070358276367e-01
1.166456863284111023e-01 -3.351133167743682861e-01
2.087087929248809814e-01 -3.345386981964111328e-01
2.121529579162597656e-01 -1.972435414791107178e-01
2.670588158071041107e-02 -7.831207662820816040e-02
2.510920464992523193e-01 -7.966980338096618652e-02
-3.056741058826446533e-01 2.502491474151611328e-01
1.230355650186538696e-01 -2.733187973499298096e-01
1.796133518218994141e-01 -2.206909358501434326e-01
1.400159299373626709e-01 9.181369096040725708e-02
2.983683049678802490e-01 -4.264817535877227783e-01
1.085752993822097778e-01 8.781408518552780151e-02
5.243127420544624329e-02 -1.030882522463798523e-01
-2.212800271809101105e-02 1.212824210524559021e-01
-3.303138017654418945e-01 2.430205345153808594e-01
2.337630093097686768e-01 -1.942905932664871216e-01
1.469903290271759033e-01 -2.555650472640991211e-01
-1.736562103033065796e-01 4.010408222675323486e-01
-5.293660610914230347e-02 2.908753789961338043e-02
4.651611670851707458e-02 -2.437123656272888184e-01
-1.205172240734100342e-01 2.878598682582378387e-02
-2.350986748933792114e-02 7.581972330808639526e-02
1.497709099203348160e-02 -8.310253173112869263e-02
5.829970240592956543e-01 -5.755906105041503906e-01
-3.214035928249359131e-01 4.415157735347747803e-01
-1.260866224765777588e-01 2.109818607568740845e-01
1.936906576156616211e-01 -2.353534400463104248e-01
-1.529748886823654175e-01 4.908555373549461365e-02
1.876715868711471558e-01 -4.690054059028625488e-02
-1.294759288430213928e-02 5.415520165115594864e-03
-3.116434253752231598e-02 1.665825098752975464e-01
-1.876912862062454224e-01 2.993292808532714844e-01
-8.134157955646514893e-02 -4.183708503842353821e-02
-6.032480299472808838e-02 3.178785145282745361e-01
7.435460388660430908e-02 -1.892437487840652466e-01
6.371081620454788208e-02 -1.496551483869552612e-01
-3.963705524802207947e-02 2.118918746709823608e-01
-2.123140729963779449e-02 -1.849774867296218872e-01
2.234114110469818115e-01 -1.118318587541580200e-01
-5.073090791702270508e-01 3.635066747665405273e-01
4.558108448982238770e-01 -4.271340966224670410e-01
-1.969092935323715210e-01 1.507905721664428711e-01
2.048332393169403076e-01 2.013392746448516846e-02
1.498008370399475098e-01 -1.762824058532714844e-01
-1.005717143416404724e-01 1.737335920333862305e-01
2.751708328723907471e-01 -3.153256475925445557e-01
4.979389905929565430e-02 -7.894627749919891357e-02
-4.882550239562988281e-02 4.462051019072532654e-02
-3.197687566280364990e-01 1.611919105052947998e-01
-1.491033285856246948e-01 1.044902354478836060e-01
-2.990906871855258942e-02 -1.247328519821166992e-02
2.047236412763595581e-01 -1.009031534194946289e-01
-5.636402964591979980e-01 6.865207552909851074e-01
-4.764737561345100403e-02 2.895622141659259796e-02
-1.225927844643592834e-01 1.258452087640762329e-01
-1.465906649827957153e-01 1.258676797151565552e-01
-5.726501345634460449e-02 -3.133722580969333649e-03
-5.339027643203735352e-01 5.274441242218017578e-01
1.274083107709884644e-01 -9.189435839653015137e-02
1.013615056872367859e-01 -1.581037938594818115e-01
2.374421358108520508e-01 -9.393902868032455444e-02
2.878015637397766113e-01 -4.098837673664093018e-01
3.807043731212615967e-01 -4.955814480781555176e-01
4.238782450556755066e-02 -1.275907158851623535e-01
-5.238155275583267212e-02 9.999477863311767578e-02
-3.103270828723907471e-01 3.160875737667083740e-01
-9.528269618749618530e-02 2.212766557931900024e-01
-2.546008229255676270e-01 1.598022580146789551e-01
-6.317669749259948730e-01 5.726460814476013184e-01
2.204401940107345581e-01 -5.303412079811096191e-01
-2.649278044700622559e-01 4.310699403285980225e-01
1.404162496328353882e-01 -7.109068334102630615e-02
-1.911052614450454712e-01 1.245988234877586365e-01
2.423396706581115723e-02 -9.284863620996475220e-02
2.170044481754302979e-01 -2.686477899551391602e-01
2.348684221506118774e-01 -1.023677363991737366e-02
5.536103621125221252e-02 -1.360297203063964844e-01
-1.518121957778930664e-01 2.269348353147506714e-01
4.634153544902801514e-01 -2.287611365318298340e-01
-3.808051645755767822e-01 1.860215067863464355e-01
-3.209525644779205322e-01 2.845261693000793457e-01
1.090096116065979004e+00 -1.009206175804138184e+00
3.893773853778839111e-01 -3.042760193347930908e-01
-2.193447202444076538e-02 2.660028822720050812e-02
9.780543297529220581e-02 -8.731856197118759155e-02
3.509790897369384766e-01 -6.321714818477630615e-02
2.584883272647857666e-01 -3.613684698939323425e-02
1.565819680690765381e-01 -1.218264549970626831e-02
-2.505556344985961914e-01 4.226057603955268860e-02
-3.862468004226684570e-01 1.864453107118606567e-01
7.037729769945144653e-02 1.127467155456542969e-01
-1.059554237872362137e-02 1.276658922433853149e-01
5.534644126892089844e-01 -4.279898703098297119e-01
-2.658029496669769287e-01 4.585791230201721191e-01
-2.657835781574249268e-01 1.235124692320823669e-01
-1.479190587997436523e-01 1.507021784782409668e-01
-5.323139578104019165e-02 2.680989801883697510e-01
-1.417297869920730591e-01 2.560797631740570068e-01
-7.083059549331665039e-01 6.391834020614624023e-01
-7.482322305440902710e-02 -3.718567267060279846e-02
-2.035205513238906860e-01 4.045561254024505615e-01
-2.473535835742950439e-01 2.301234751939773560e-01
-7.528032362461090088e-02 1.324737519025802612e-01
-1.833770126104354858e-01 1.456045955419540405e-01
-4.980426430702209473e-01 5.409411191940307617e-01
1.833453774452209473e-01 -2.449358999729156494e-01
-1.671864688396453857e-01 -7.496180385351181030e-02
9.263084530830383301e-01 -1.058046817779541016e+00
-1.783508807420730591e-01 3.205636143684387207e-01
-1.738584488630294800e-01 3.097939491271972656e-01
-4.381636679172515869e-01 3.130162954330444336e-01
-4.464908540248870850e-01 7.803768515586853027e-01
-1.198040917515754700e-01 1.993677765130996704e-01
4.765285253524780273e-01 -5.172379016876220703e-01
-5.667895674705505371e-01 4.082522392272949219e-01
-4.203432202339172363e-01 1.669552922248840332e-01
4.569816291332244873e-01 -6.231459379196166992e-01
7.992395162582397461e-01 -9.583114385604858398e-01
-7.431313395500183105e-01 5.895079970359802246e-01
-5.888415873050689697e-02 6.052932143211364746e-02
1.192194223403930664e-01 -2.870444357395172119e-01
-2.562054693698883057e-01 2.938453257083892822e-01
-1.868053525686264038e-02 3.848536685109138489e-02
3.016317486763000488e-01 -2.531192898750305176e-01
-5.088029056787490845e-02 -8.522505871951580048e-03
-1.483683884143829346e-01 1.868393123149871826e-01
3.834696114063262939e-02 -1.319508105516433716e-01
-1.976628154516220093e-01 2.045250982046127319e-01
1.819755323231220245e-02 6.940767914056777954e-02
4.898445308208465576e-02 -1.895820647478103638e-01
1.436455845832824707e-01 -1.287217019125819206e-03
1.738429814577102661e-01 -8.911690860986709595e-02
7.098173350095748901e-02 2.576215378940105438e-02
5.110499635338783264e-02 1.766934096813201904e-01
-2.543915808200836182e-01 2.164285331964492798e-01
2.749461121857166290e-02 -1.438122242689132690e-01
1.714538335800170898e-01 -1.283413320779800415e-01
1.053075045347213745e-01 -1.006116941571235657e-01
1.898396164178848267e-01 -2.317307591438293457e-01
1.708189696073532104e-01 -2.563038468360900879e-01
-1.449823677539825439e-01 3.857071101665496826e-01
-4.468107596039772034e-02 1.838677078485488892e-01
-1.328805983066558838e-01 1.550668478012084961e-01
9.377031028270721436e-02 -8.556497842073440552e-02
1.960802376270294189e-01 -1.933498680591583252e-01
1.787613183259963989e-01 -1.460428833961486816e-01
-9.621798992156982422e-03 -7.769096642732620239e-02
-2.350880578160285950e-02 -1.414602249860763550e-01
-1.865784674882888794e-01 1.679948568344116211e-01
-4.183156043291091919e-02 1.768603622913360596e-01
-2.090155035257339478e-01 2.572523355484008789e-01
-1.381481997668743134e-02 8.815982192754745483e-02
6.834468990564346313e-02 -1.106581985950469971e-01
2.360844798386096954e-02 2.312011420726776123e-01
1.221335977315902710e-01 3.565359488129615784e-02
7.419297844171524048e-02 -1.057234257459640503e-01
1.742632836103439331e-01 -1.133155822753906250e-01
-9.581851959228515625e-02 -2.753831818699836731e-02
5.982928723096847534e-02 -7.994578778743743896e-02
-1.106351912021636963e-01 2.254951745271682739e-01
-2.121599465608596802e-01 2.871443517506122589e-02
-8.120708912611007690e-02 1.753144264221191406e-01
-1.683394759893417358e-01 1.121394634246826172e-01
-4.955589771270751953e-02 -8.784221857786178589e-02
1.492794454097747803e-01 -2.911561727523803711e-01
-8.063074201345443726e-03 5.397689342498779297e-02
1.372833400964736938e-01 -1.323551833629608154e-01
-1.285632103681564331e-01 -1.798455417156219482e-02
1.554549671709537506e-03 1.022649928927421570e-01
2.792478203773498535e-01 -3.676314651966094971e-01
4.575978964567184448e-02 -1.055899485945701599e-01
2.558330893516540527e-01 -2.906182110309600830e-01
-1.402104049921035767e-01 -3.580237925052642822e-02
2.327758371829986572e-01 -3.859621882438659668e-01
-2.921632826328277588e-01 2.033285945653915405e-01
1.386465579271316528e-01 -1.170734986662864685e-01
-2.777710556983947754e-01 1.618425846099853516e-01
-2.446295320987701416e-01 6.666154414415359497e-02
-1.270401626825332642e-01 1.726028770208358765e-01
-1.032688692212104797e-01 2.639458179473876953e-01
-1.405256390571594238e-01 -3.611452877521514893e-02
2.473302930593490601e-02 -9.607306867837905884e-02
-3.264960348606109619e-01 2.571915686130523682e-01
-2.677173912525177002e-02 2.456841059029102325e-02
-4.273788258433341980e-02 -5.606180429458618164e-02
-5.252311825752258301e-01 4.255917966365814209e-01
8.268429897725582123e-03 1.444870829582214355e-01
8.707938343286514282e-02 -1.723307818174362183e-01
