1.417229175567626953e-01 -1.423175632953643799e-01
-1.217729896306991577e-01 1.398061811923980713e-01
-3.129089474678039551e-01 3.552382290363311768e-01
4.454554989933967590e-02 -4.011998325586318970e-02
-4.154260270297527313e-03 1.529926657676696777e-01
-1.427365988492965698e-01 8.252813667058944702e-02
3.705630898475646973e-01 -1.488756686449050903e-01
-8.053924143314361572e-02 2.909074127674102783e-01
2.900275029242038727e-02 1.039094058796763420e-03
-4.199159741401672363e-01 4.600642919540405273e-01
2.206263989210128784e-01 -3.561558946967124939e-02
6.221067905426025391e-02 -8.195392787456512451e-02
1.876314133405685425e-01 -7.025869190692901611e-02
3.952136337757110596e-01 -1.414793133735656738e-01
-1.672604382038116455e-01 2.032386884093284607e-02
-1.507948637008666992e-01 -1.447691172361373901e-01
3.184515535831451416e-01 -4.912798702716827393e-01
-2.593534998595714569e-02 -1.380123943090438843e-02
2.600885033607482910e-01 -5.160407349467277527e-02
-2.170523703098297119e-01 1.552286595106124878e-01
2.378723919391632080e-01 -6.091068685054779053e-02
-9.170507639646530151e-02 -4.461616277694702148e-02
1.436406075954437256e-01 8.419544249773025513e-02
5.287314653396606445e-01 -4.374504089355468750e-01
3.129958510398864746e-01 -1.596415936946868896e-01
1.890111118555068970e-01 -4.248416423797607422e-02
8.941147476434707642e-02 7.645317818969488144e-03
-4.705284908413887024e-02 1.192063987255096436e-01
-1.383526474237442017e-01 -9.003608673810958862e-02
1.901625245809555054e-01 -3.977999836206436157e-02
1.882616579532623291e-01 1.767971962690353394e-01
2.129399403929710388e-02 -1.763094365596771240e-01
3.935374319553375244e-02 -8.289561420679092407e-02
1.463506221771240234e-01 -2.830654382705688477e-01
-2.569760978221893311e-01 3.747649788856506348e-01
-7.993924617767333984e-02 7.245130836963653564e-02
8.636128157377243042e-02 -1.038494110107421875e-01
-2.668083906173706055e-01 2.357535064220428467e-01
-1.812113374471664429e-01 7.156931608915328979e-02
2.455964088439941406e-01 -2.032631933689117432e-01
-2.197618186473846436e-01 4.830018430948257446e-02
1.434253901243209839e-01 -2.656132578849792480e-01
3.213108982890844345e-03 2.155095338821411133e-02
-1.019113585352897644e-01 2.453496009111404419e-01
-3.177234828472137451e-01 3.016639351844787598e-01
1.570499986410140991e-01 1.466091815382242203e-02
-1.282874345779418945e-01 9.063681215047836304e-02
2.878485321998596191e-01 -5.701991915702819824e-01
-4.195169806480407715e-01 3.813196718692779541e-01
-1.656286120414733887e-01 -6.174515187740325928e-02
-3.873008489608764648e-01 3.735361397266387939e-01
-8.925420790910720825e-02 1.453277766704559326e-01
1.902545541524887085e-01 -1.166654750704765320e-01
6.310334056615829468e-02 -2.029972150921821594e-02
6.063401699066162109e-02 -2.574708759784698486e-01
1.947339177131652832e-01 -1.191642805933952332e-01
-2.360181212425231934e-01 2.541231215000152588e-01
-4.395935684442520142e-02 -1.107226312160491943e-01
1.828964352607727051e-01 -2.107005119323730469e-01
-1.258875727653503418e-01 6.010379642248153687e-02
6.089414283633232117e-02 -6.128204613924026489e-02
-3.800026699900627136e-02 -4.580309614539146423e-02
3.405683934688568115e-01 -3.099032044410705566e-01
1.506142467260360718e-01 -2.391238659620285034e-01
2.110339403152465820e-01 -2.226066440343856812e-01
-2.331480085849761963e-01 4.379523396492004395e-01
-5.251817703247070312e-01 3.256578743457794189e-01
5.340819358825683594e-01 -5.458586215972900391e-01
-2.326981872320175171e-01 2.243215888738632202e-01
1.251955032348632812e-01 -2.533617019653320312e-01
5.830978751182556152e-01 -3.849146664142608643e-01
-1.036081910133361816e-01 1.773737818002700806e-01
2.459033578634262085e-01 -2.273071855306625366e-01
-2.519194483757019043e-01 7.476751506328582764e-02
2.418807148933410645e-01 -2.106193304061889648e-01
3.132779598236083984e-01 -4.631632566452026367e-01
-3.169364109635353088e-02 2.054476737976074219e-02
-2.614371776580810547e-01 9.738519042730331421e-02
-4.532696306705474854e-01 3.394806087017059326e-01
-2.682456374168395996e-01 2.395993024110794067e-01
1.135190054774284363e-01 -4.628368094563484192e-02
2.321938574314117432e-01 -1.864936202764511108e-01
-1.512338370084762573e-01 -3.526103124022483826e-02
-2.180514670908451080e-02 -8.170732855796813965e-02
-3.425804674625396729e-01 4.873517155647277832e-01
1.589360181242227554e-03 1.349168270826339722e-01
1.146419346332550049e-01 -1.096249893307685852e-01
3.325332105159759521e-01 -2.303921617567539215e-02
2.301842719316482544e-01 -5.059652775526046753e-02
4.118629992008209229e-01 -3.840011656284332275e-01
2.863673269748687744e-01 -2.602527141571044922e-01
8.947688341140747070e-02 -3.130735754966735840e-01
-5.729488730430603027e-01 6.713883876800537109e-01
-1.163765341043472290e-01 2.739391848444938660e-02
2.636291086673736572e-01 -2.932102382183074951e-01
6.119267344474792480e-01 -5.153577923774719238e-01
-2.741329669952392578e-01 1.801864504814147949e-01
2.429818361997604370e-01 -3.483150601387023926e-01
4.470690190792083740e-01 -2.837713062763214111e-01
7.745204120874404907e-02 7.680783420801162720e-02
3.511845171451568604e-01 -3.560844659805297852e-01
2.320715934038162231e-01 -3.898795321583747864e-02
-1.942749470472335815e-01 2.435343265533447266e-01
5.498241782188415527e-01 -3.875350654125213623e-01
-2.615317106246948242e-01 3.865660429000854492e-01
-1.403948962688446045e-01 3.353469967842102051e-01
-9.395148605108261108e-02 -8.691879361867904663e-02
-4.175376147031784058e-02 2.197928130626678467e-01
-2.823496460914611816e-01 1.821468323469161987e-01
1.301860436797142029e-02 -2.591680586338043213e-01
-3.361335992813110352e-01 2.212291955947875977e-01
4.181905388832092285e-01 -5.210301876068115234e-01
-4.608354866504669189e-01 5.604216456413269043e-01
-1.275182068347930908e-01 1.861141063272953033e-02
-4.490713775157928467e-01 3.787499666213989258e-01
3.345833420753479004e-01 -5.419882535934448242e-01
4.113648235797882080e-01 -2.398200929164886475e-01
-2.622224092483520508e-01 1.274033356457948685e-02
1.169586926698684692e-01 -2.523561418056488037e-01
1.868124753236770630e-01 -1.883179247379302979e-01
-3.368895947933197021e-01 6.686080098152160645e-01
-3.973203897476196289e-02 1.762576550245285034e-01
1.242325305938720703e-01 -1.266523599624633789e-01
2.020400464534759521e-01 -3.834164738655090332e-01
2.205246239900588989e-01 3.817209973931312561e-02
1.236311420798301697e-01 -2.091672644019126892e-02
1.054814755916595459e-01 -9.911894798278808594e-02
3.513199388980865479e-01 -4.138815104961395264e-01
-5.777534469962120056e-02 9.797383099794387817e-02
-2.954925894737243652e-01 2.089524716138839722e-01
-4.481151998043060303e-01 4.801041781902313232e-01
2.032543867826461792e-01 -3.878075480461120605e-01
-2.406690865755081177e-01 1.796538829803466797e-01
1.904331594705581665e-01 -3.232115209102630615e-01
1.178872659802436829e-01 -4.814004153013229370e-02
-5.453487634658813477e-01 5.413880348205566406e-01
3.408422470092773438e-01 -4.466994106769561768e-01
-1.390040069818496704e-01 1.715003699064254761e-01
-1.262272447347640991e-01 -6.517013162374496460e-02
-4.290176928043365479e-01 1.961518675088882446e-01
-5.392946004867553711e-01 5.295295715332031250e-01
4.641918540000915527e-01 -3.976182639598846436e-01
-2.696914076805114746e-01 3.812004029750823975e-01
3.244774937629699707e-01 -3.597916662693023682e-01
5.364837870001792908e-02 3.059116192162036896e-02
-2.018220722675323486e-01 8.369272202253341675e-02
4.063377380371093750e-01 -3.291479945182800293e-01
-2.936121523380279541e-01 2.705173790454864502e-01
2.867697477340698242e-01 -2.970311343669891357e-01
-4.158174395561218262e-01 4.145542085170745850e-01
4.234116971492767334e-01 -4.332652091979980469e-01
-4.405648708343505859e-01 3.869813382625579834e-01
5.187501311302185059e-01 -6.201556921005249023e-01
-1.605278998613357544e-01 1.980171501636505127e-01
-4.159668684005737305e-01 2.527748644351959229e-01
3.447754979133605957e-01 -3.354180753231048584e-01
-3.640818595886230469e-01 3.123076558113098145e-01
-1.082295924425125122e-01 3.027758300304412842e-01
9.849447757005691528e-02 -7.683966308832168579e-02
3.399958014488220215e-01 -2.131827771663665771e-01
-4.339137673377990723e-01 1.723470091819763184e-01
2.800973951816558838e-01 -2.256312966346740723e-01
5.428774356842041016e-01 -3.831593990325927734e-01
-2.937994301319122314e-01 1.013203188776969910e-01
3.115678727626800537e-01 -3.116617500782012939e-01
-3.968782126903533936e-01 3.501749932765960693e-01
2.207690179347991943e-01 -3.999101221561431885e-01
-1.765124201774597168e-01 8.597543835639953613e-02
-1.055138302035629749e-03 9.827182441949844360e-02
5.865376591682434082e-01 -5.043038725852966309e-01
4.128005206584930420e-01 -3.213492035865783691e-01
-4.542781710624694824e-01 3.474644422531127930e-01
1.895450949668884277e-01 -2.864345014095306396e-01
3.595773130655288696e-02 -2.141123265027999878e-02
-2.296539545059204102e-01 2.227529138326644897e-01
4.325225651264190674e-01 -4.457541704177856445e-01
-2.815986275672912598e-01 2.754770219326019287e-01
6.952173113822937012e-01 -4.283621311187744141e-01
8.947861194610595703e-02 -8.565554022789001465e-02
-2.266491949558258057e-01 3.096837401390075684e-01
2.951039671897888184e-01 -2.174573689699172974e-01
3.053915202617645264e-01 -3.659459352493286133e-01
3.793048486113548279e-02 -2.591437995433807373e-01
3.797804415225982666e-01 -4.575627744197845459e-01
-3.856614828109741211e-01 3.307654559612274170e-01
-3.533564507961273193e-01 4.406949579715728760e-01
-1.200408488512039185e-02 -1.652442850172519684e-02
4.391801655292510986e-01 -4.384588003158569336e-01
2.058462500572204590e-01 -2.800932824611663818e-01
-5.522819757461547852e-01 5.141099095344543457e-01
-2.883077226579189301e-02 9.157680720090866089e-02
3.609343469142913818e-01 -3.647725284099578857e-01
2.045969665050506592e-01 -3.022704422473907471e-01
3.850210905075073242e-01 -5.045183897018432617e-01
-2.758900225162506104e-01 2.062362730503082275e-01
-7.146555930376052856e-02 2.422965615987777710e-01
-2.995564639568328857e-01 3.490941226482391357e-01
3.108406960964202881e-01 -1.772116571664810181e-01
2.098979987204074860e-02 1.200384180992841721e-02
5.834126472473144531e-02 -2.451544404029846191e-01
-2.723294198513031006e-01 4.557600319385528564e-01
-8.233864605426788330e-02 1.830397546291351318e-01
-8.051285147666931152e-02 2.755088210105895996e-01
-7.202010601758956909e-02 -8.221367746591567993e-02
8.014266192913055420e-02 -2.521852590143680573e-02
-1.461313366889953613e-01 9.257626533508300781e-02
-6.096124649047851562e-02 1.164237409830093384e-01
3.913325443863868713e-02 -1.273022443056106567e-01
-1.440456882119178772e-02 -1.535794436931610107e-01
6.992018967866897583e-02 -1.718288660049438477e-01
4.466009736061096191e-01 -4.261659681797027588e-01
-2.802274525165557861e-01 2.998412847518920898e-01
2.308636456727981567e-01 -1.566181033849716187e-01
-2.358230650424957275e-01 2.197441644966602325e-02
-3.432294353842735291e-02 -9.200487285852432251e-02
2.321964055299758911e-01 -3.329632282257080078e-01
4.554667323827743530e-02 -2.812827751040458679e-02
-9.929186105728149414e-02 -1.170290336012840271e-01
-2.108465284109115601e-01 2.568616867065429688e-01
1.772708296775817871e-01 -2.332666665315628052e-01
-4.833799898624420166e-01 2.751819491386413574e-01
-1.283129900693893433e-01 4.617566615343093872e-02
-1.639740914106369019e-01 -2.864423766732215881e-02
6.553469598293304443e-02 -3.102251701056957245e-02
-4.907046854496002197e-01 2.212502360343933105e-01
1.184518709778785706e-01 -5.773826315999031067e-02
7.973464578390121460e-02 -3.459185361862182617e-02
3.700968325138092041e-01 -2.460504174232482910e-01
-9.704679250717163086e-02 3.180628418922424316e-01
-3.766600042581558228e-02 3.020730912685394287e-01
-5.303678661584854126e-02 -1.648803800344467163e-01
-7.286152243614196777e-02 1.665706336498260498e-01
-1.437133550643920898e-01 9.251995384693145752e-02
1.751180738210678101e-01 -3.554355204105377197e-01
2.073173783719539642e-02 7.388313766568899155e-03
-7.622913271188735962e-02 2.315535694360733032e-01
3.328348696231842041e-01 -5.624417960643768311e-02
7.944382727146148682e-02 5.339446663856506348e-02
1.940458565950393677e-01 -3.222729265689849854e-01
6.043094992637634277e-01 -3.445324599742889404e-01
-1.567821353673934937e-01 3.056830167770385742e-01
-2.649074196815490723e-01 2.739647030830383301e-01
-7.662752759642899036e-04 2.331738732755184174e-02
-2.577975094318389893e-01 1.397816538810729980e-01
7.662852853536605835e-02 8.726049214601516724e-03
-5.680602043867111206e-02 -2.973165549337863922e-02
-1.939001530408859253e-01 2.031984329223632812e-01
9.446232765913009644e-02 -4.351507127285003662e-02
-1.034696027636528015e-01 1.854831278324127197e-01
1.122021954506635666e-02 -1.816883832216262817e-01
-2.198921591043472290e-01 1.508306711912155151e-01
1.964441388845443726e-01 9.165013581514358521e-02
8.552103489637374878e-02 -1.027308404445648193e-01
5.577133595943450928e-02 -1.241470426321029663e-01
1.694778501987457275e-01 -7.524102926254272461e-02
1.522610187530517578e-01 -3.119331002235412598e-01
