3.046287000179290771e-01 -1.506709754467010498e-01
3.194547444581985474e-02 1.483286768198013306e-01
3.412104398012161255e-02 3.412584662437438965e-01
-5.731625482439994812e-02 2.186822332441806793e-02
1.894131004810333252e-01 2.128371223807334900e-02
3.236487507820129395e-02 8.194186724722385406e-03
3.667081519961357117e-02 1.594001948833465576e-01
-1.998176276683807373e-01 4.252976551651954651e-02
1.206094995141029358e-01 -6.603801995515823364e-02
1.664099991321563721e-01 -2.086444795131683350e-01
-1.381510645151138306e-01 1.803529858589172363e-01
-2.909090518951416016e-01 5.625211074948310852e-02
1.208610683679580688e-01 4.865912720561027527e-02
-2.002608478069305420e-01 2.815822958946228027e-01
-1.192857027053833008e-01 9.953317791223526001e-02
-3.252629563212394714e-02 1.052929684519767761e-01
-2.224438488483428955e-01 1.512154750525951385e-02
-1.440487951040267944e-01 2.599851191043853760e-01
-2.347216159105300903e-01 1.761568784713745117e-01
-8.650216460227966309e-02 9.266575425863265991e-02
-1.801739037036895752e-01 -6.504949927330017090e-02
2.851557359099388123e-02 -5.617340281605720520e-02
-1.074575707316398621e-01 -7.820460014045238495e-03
-7.827878580428659916e-04 -1.206865832209587097e-01
4.337229207158088684e-02 -2.466693818569183350e-01
1.717410683631896973e-01 -1.531156599521636963e-01
-1.805946528911590576e-01 1.703829467296600342e-01
-4.325358197093009949e-02 9.357219823868945241e-05
-1.469789147377014160e-01 -2.101055905222892761e-02
2.770629227161407471e-01 -1.163600087165832520e-01
1.743736118078231812e-01 -1.712354868650436401e-01
1.572516560554504395e-01 1.490324735641479492e-02
-1.481629163026809692e-01 9.498235583305358887e-02
-1.859395354986190796e-01 1.356641855090856552e-02
-4.356512054800987244e-02 1.869937628507614136e-01
1.059553623199462891e-01 -2.585403323173522949e-01
-1.944860368967056274e-01 8.590991795063018799e-02
1.521083861589431763e-01 -1.468967199325561523e-01
8.210880309343338013e-02 -4.817711934447288513e-02
-2.135633230209350586e-01 9.711417555809020996e-02
2.106492221355438232e-01 -4.634013772010803223e-02
-2.373926900327205658e-02 5.466628354042768478e-03
1.987761557102203369e-01 -3.705459237098693848e-01
9.601052850484848022e-02 -1.220950409770011902e-01
2.313117831945419312e-01 -1.372908148914575577e-02
-3.129432350397109985e-02 1.694693565368652344e-01
-4.805820807814598083e-02 -1.692552119493484497e-01
-1.521941274404525757e-01 3.599445819854736328e-01
2.450253814458847046e-01 -5.257451906800270081e-02
-1.754085719585418701e-01 2.092236578464508057e-01
-3.059536591172218323e-02 6.365401297807693481e-02
-1.777372695505619049e-02 7.975468039512634277e-02
2.615069039165973663e-02 -8.770749717950820923e-02
7.363885641098022461e-02 -2.645582854747772217e-01
2.161867171525955200e-01 -2.154221534729003906e-01
-1.582184880971908569e-01 6.942455470561981201e-02
7.457664608955383301e-02 5.222597718238830566e-02
-1.337051391601562500e-02 -2.521372139453887939e-01
4.448592197149991989e-03 -2.082765102386474609e-03
-8.554737083613872528e-03 1.154918894171714783e-01
-1.906416565179824829e-02 1.531296521425247192e-01
-1.732456982135772705e-01 3.556445008143782616e-03
-4.833957646042108536e-03 1.203936487436294556e-01
8.402550220489501953e-02 -6.825515627861022949e-02
1.266396790742874146e-01 -2.715272605419158936e-01
-3.467319905757904053e-02 -2.986427396535873413e-02
-2.799320220947265625e-01 2.451851814985275269e-01
-1.660242974758148193e-01 1.965312212705612183e-01
-4.264557361602783203e-02 -2.671273238956928253e-02
1.250882446765899658e-02 8.901571482419967651e-02
-8.149487525224685669e-02 2.455304116010665894e-01
-1.568382084369659424e-01 2.765583693981170654e-01
-1.539794653654098511e-01 -6.071695312857627869e-02
1.191328316926956177e-01 -1.976298242807388306e-01
-2.683556675910949707e-01 2.747023999691009521e-01
1.486386507749557495e-01 -2.355630099773406982e-01
-1.889766454696655273e-01 1.067114025354385376e-01
-6.033481284976005554e-02 4.908056557178497314e-02
1.362763047218322754e-01 9.914080798625946045e-02
2.535950839519500732e-01 -1.479846239089965820e-01
-1.063574030995368958e-01 2.118650525808334351e-01
3.111195750534534454e-02 -1.543861906975507736e-02
1.807806827127933502e-02 1.384478621184825897e-02
-8.679385483264923096e-02 -1.727157980203628540e-01
-1.160200387239456177e-01 5.346515774726867676e-02
2.030727714300155640e-01 -1.150386705994606018e-01
-1.778672933578491211e-01 2.159101814031600952e-01
2.012856900691986084e-01 -2.334826290607452393e-01
-2.432248443365097046e-01 1.740895956754684448e-01
-6.435657292604446411e-02 4.760968685150146484e-02
2.176509201526641846e-01 3.643209487199783325e-02
-6.808371096849441528e-02 1.733885258436203003e-01
-9.668383747339248657e-02 7.171659171581268311e-02
2.857150137424468994e-01 -3.220549225807189941e-01
1.034463122487068176e-01 -2.018675766885280609e-02
1.883510500192642212e-01 -3.576658368110656738e-01
-7.349115330725908279e-03 -3.846554085612297058e-02
3.880043327808380127e-02 -2.486426085233688354e-01
-2.702230811119079590e-01 9.891448915004730225e-02
1.970089823007583618e-01 -2.469607740640640259e-01
-1.822330802679061890e-01 6.672267615795135498e-02
1.585075408220291138e-01 -1.932906508445739746e-01
2.793333306908607483e-02 -1.154952496290206909e-01
-9.526868909597396851e-02 1.465087980031967163e-01
8.778008073568344116e-02 -6.258890777826309204e-02
1.378051489591598511e-01 -8.908125758171081543e-02
3.199259042739868164e-01 -1.062597483396530151e-01
-1.915244758129119873e-01 -1.490645483136177063e-02
-9.054443985223770142e-02 1.080098822712898254e-01
6.921308487653732300e-02 -1.611266881227493286e-01
-7.853765040636062622e-02 2.096388041973114014e-01
3.749650344252586365e-02 -2.192205041646957397e-01
3.160126507282257080e-02 6.690087914466857910e-02
-2.585487961769104004e-01 3.237082064151763916e-01
-1.274494230747222900e-01 7.362765818834304810e-02
1.436448693275451660e-01 -9.654269367456436157e-02
-1.431178599596023560e-01 1.897947788238525391e-01
2.349445521831512451e-01 -1.808060705661773682e-01
1.437265574932098389e-01 -2.062892913818359375e-02
-4.704726487398147583e-02 2.170634567737579346e-01
-3.409468829631805420e-01 6.830929219722747803e-02
7.771173864603042603e-02 7.056011259555816650e-02
-2.922667562961578369e-01 1.613332331180572510e-01
-1.416932940483093262e-01 8.977013640105724335e-03
-3.843928873538970947e-01 1.308273822069168091e-01
-7.428898662328720093e-02 4.837716370820999146e-02
1.177811175584793091e-01 -4.022569581866264343e-02
1.652121543884277344e-01 -5.733523517847061157e-02
-1.970742791891098022e-01 -1.145660760812461376e-03
-1.913935840129852295e-01 2.051515318453311920e-02
1.957110464572906494e-01 -5.358585715293884277e-02
-1.429245769977569580e-01 1.582787185907363892e-01
1.298112273216247559e-01 -1.130379438400268555e-01
1.764343678951263428e-01 -2.638038992881774902e-01
7.948026992380619049e-03 -2.348094567423686385e-04
2.300040237605571747e-02 -6.303099542856216431e-02
5.437094345688819885e-02 -3.135538846254348755e-02
-2.593570947647094727e-02 1.262915581464767456e-01
-1.853830218315124512e-01 1.163015812635421753e-01
-9.904678910970687866e-02 1.267176270484924316e-01
1.352700497955083847e-02 8.760375529527664185e-02
3.460098430514335632e-02 -9.218939393758773804e-02
-1.491272076964378357e-02 5.952580645680427551e-02
-2.318174093961715698e-01 2.183821648359298706e-01
3.888612240552902222e-02 1.997917443513870239e-01
1.510442793369293213e-01 -1.534269899129867554e-01
6.951966881752014160e-02 -1.289628744125366211e-01
9.807436913251876831e-02 -1.836960166692733765e-01
-8.301171660423278809e-02 1.312632262706756592e-01
-1.640652865171432495e-02 1.551583688706159592e-02
-2.654041051864624023e-01 1.385799348354339600e-01
-2.409150265157222748e-02 -2.161065638065338135e-01
6.922751665115356445e-02 2.287190221250057220e-02
2.669132351875305176e-01 -7.589035481214523315e-02
-1.078818812966346741e-01 1.671649962663650513e-01
-1.350090503692626953e-01 1.077958419919013977e-01
6.695143133401870728e-02 -1.573942452669143677e-01
1.233237385749816895e-01 -1.109697967767715454e-01
1.880927532911300659e-01 -3.446771204471588135e-01
1.579488068819046021e-01 -5.692609399557113647e-02
9.783783555030822754e-02 -3.134849667549133301e-01
-1.183488368988037109e-01 5.320691689848899841e-02
3.593880310654640198e-02 -2.188929915428161621e-01
-1.251046508550643921e-01 -1.066180467605590820e-01
-1.178518161177635193e-01 3.217242062091827393e-01
2.283331751823425293e-01 -6.725519895553588867e-02
5.496561527252197266e-03 -1.117375567555427551e-01
7.338713854551315308e-03 1.370173133909702301e-02
2.475661933422088623e-01 -1.764166355133056641e-01
-6.497035920619964600e-02 2.025805562734603882e-01
-1.961594074964523315e-01 2.869681268930435181e-02
3.711246848106384277e-01 -2.449229806661605835e-01
-1.647377945482730865e-02 2.400196790695190430e-01
1.474496573209762573e-01 -1.087352409958839417e-01
5.159149877727031708e-03 -3.778979927301406860e-02
-1.585169136524200439e-01 1.390948146581649780e-01
-1.142102628946304321e-01 1.147230565547943115e-01
1.206233203411102295e-01 -1.205476745963096619e-01
-7.286797463893890381e-02 2.265087887644767761e-02
-1.205094084143638611e-01 1.927172392606735229e-01
1.495307087898254395e-01 -1.094916537404060364e-01
6.096744537353515625e-02 -2.009873092174530029e-01
4.127306491136550903e-02 2.376773394644260406e-02
-1.704956144094467163e-01 3.352897167205810547e-01
-6.010148674249649048e-02 1.648950427770614624e-01
1.025180742144584656e-01 -1.002898588776588440e-01
1.097344234585762024e-01 -1.907687634229660034e-01
2.915127389132976532e-02 -1.588566601276397705e-01
6.085500866174697876e-02 -1.578978002071380615e-01
-9.320349991321563721e-02 2.923735603690147400e-02
4.599373042583465576e-02 1.341458708047866821e-01
1.773872878402471542e-03 5.277504399418830872e-02
-2.746571321040391922e-03 1.400248557329177856e-01
-5.348980426788330078e-03 -4.166389629244804382e-02
6.230565253645181656e-03 4.421750083565711975e-02
-2.941769063472747803e-01 4.484613239765167236e-02
1.665131300687789917e-01 -2.089333087205886841e-01
1.831599026918411255e-01 -2.105439156293869019e-01
1.158050447702407837e-01 1.291886121034622192e-01
-1.144080162048339844e-01 1.513676047325134277e-01
1.846634298563003540e-01 -2.189555168151855469e-01
4.099112749099731445e-02 -6.042631715536117554e-02
1.135204546153545380e-02 2.457923293113708496e-01
4.028921574354171753e-02 -2.923871623352169991e-03
-6.845937669277191162e-02 -1.041395738720893860e-01
1.546936482191085815e-02 8.021198213100433350e-02
-3.543569147586822510e-02 5.301135405898094177e-02
-4.343466460704803467e-02 9.401421248912811279e-02
4.934814944863319397e-02 2.053531110286712646e-01
2.073969841003417969e-01 -1.879990845918655396e-01
-1.771523803472518921e-01 7.358525693416595459e-02
1.258588731288909912e-01 -2.649949863553047180e-02
1.660685539245605469e-01 -2.515532448887825012e-02
-6.550067663192749023e-02 3.856114298105239868e-02
-1.510986089706420898e-01 1.033597365021705627e-01
1.872844398021697998e-01 -1.168764755129814148e-01
-1.395708471536636353e-01 1.094190701842308044e-01
2.374090403318405151e-01 -8.628541231155395508e-02
1.119902729988098145e-01 -6.042515859007835388e-02
-4.763521254062652588e-02 3.718813881278038025e-02
-8.697020262479782104e-02 5.412008613348007202e-02
7.001931965351104736e-02 -6.750135123729705811e-02
2.207624018192291260e-01 -2.588411569595336914e-01
-3.455860912799835205e-02 7.857458293437957764e-02
2.364007383584976196e-01 -1.715375334024429321e-01
-3.997657820582389832e-02 1.185512542724609375e-02
6.754621863365173340e-02 -2.407277747988700867e-02
2.300249338150024414e-01 -8.913016790756955743e-05
-1.564283668994903564e-01 1.452980190515518188e-01
-5.766233429312705994e-02 1.034247130155563354e-01
-4.880968853831291199e-02 -2.077854052186012268e-02
-8.756609261035919189e-02 9.011991322040557861e-02
2.982524968683719635e-02 -1.461143791675567627e-01
5.339378118515014648e-02 -2.641355693340301514e-01
2.373862639069557190e-02 1.405870616436004639e-01
2.064580470323562622e-01 -1.331564933061599731e-01
-3.204996883869171143e-02 8.689451962709426880e-02
-4.874189198017120361e-02 -1.255446672439575195e-01
-1.905354559421539307e-01 1.031673625111579895e-01
5.224944092333316803e-03 9.183447808027267456e-02
-1.042451336979866028e-01 1.201381459832191467e-01
-6.142084673047065735e-02 1.911269277334213257e-01
-1.075430437922477722e-01 1.208649203181266785e-01
-1.604251414537429810e-01 1.800487339496612549e-01
1.329097449779510498e-01 4.994004219770431519e-02
1.398885548114776611e-01 -2.106754183769226074e-01
-1.037133410573005676e-01 2.271882444620132446e-02
5.250952765345573425e-02 2.680175900459289551e-01
7.168800383806228638e-02 -2.647591531276702881e-01
-7.425898313522338867e-02 1.214998066425323486e-01
-7.201991230249404907e-02 -1.366484314203262329e-01
7.343547418713569641e-03 5.093048512935638428e-02
-2.795017138123512268e-02 1.985365711152553558e-02
3.312667459249496460e-02 9.690381586551666260e-02
-4.601890221238136292e-02 2.632109075784683228e-02
-7.077553123235702515e-02 3.576058894395828247e-03
