3.543063104152679443e-01 -1.930757015943527222e-01
-1.906929165124893188e-02 2.188235372304916382e-01
1.116003021597862244e-01 1.819831579923629761e-01
-1.422876268625259399e-01 4.925050958991050720e-02
2.873407602310180664e-01 -3.064323663711547852e-01
1.809901893138885498e-01 -4.087931662797927856e-02
3.641642630100250244e-01 -2.091309428215026855e-01
2.557567059993743896e-01 -4.292314648628234863e-01
-1.920375041663646698e-02 2.083422988653182983e-01
5.527303367853164673e-02 -2.550082206726074219e-01
-2.563841044902801514e-01 3.113970756530761719e-01
1.206111013889312744e-01 -1.604487597942352295e-01
-1.291334629058837891e-01 2.464659959077835083e-01
-9.622512012720108032e-02 2.810888588428497314e-01
-1.866648793220520020e-01 2.948573231697082520e-01
2.797920703887939453e-01 -2.817061245441436768e-01
-1.229647099971771240e-01 -2.374944975599646568e-03
1.956958621740341187e-01 -2.287518978118896484e-01
-1.261679362505674362e-02 -1.532027572393417358e-01
1.618310809135437012e-01 -3.060027956962585449e-01
-9.331555664539337158e-02 4.736892506480216980e-02
3.437131047248840332e-01 -2.211160212755203247e-01
-2.117798924446105957e-01 1.803751587867736816e-01
2.226052060723304749e-02 -5.041153356432914734e-02
-2.346414625644683838e-01 2.401642501354217529e-01
1.093713566660881042e-01 -1.942216791212558746e-02
4.106267541646957397e-02 -1.685177981853485107e-01
-1.751995831727981567e-01 8.815431594848632812e-02
2.319678515195846558e-01 -2.086122930049896240e-01
-4.490568116307258606e-02 6.687102466821670532e-02
-2.038547992706298828e-01 1.539368629455566406e-01
-1.369450390338897705e-01 7.702183723449707031e-02
1.359114497900009155e-01 2.042077109217643738e-02
-1.340289860963821411e-01 5.701090767979621887e-02
-4.692838713526725769e-02 -9.920842200517654419e-02
-6.806395202875137329e-02 2.587806284427642822e-01
-2.484437823295593262e-01 1.062023937702178955e-01
-3.313255608081817627e-01 3.853090107440948486e-02
3.584988415241241455e-01 -1.335968226194381714e-01
-1.071097254753112793e-01 -1.480070203542709351e-01
-7.289544492959976196e-02 2.164232730865478516e-01
-1.429925262928009033e-01 1.040415242314338684e-01
-1.502960175275802612e-01 1.302458345890045166e-01
1.822786629199981689e-01 -3.053898513317108154e-01
7.077112793922424316e-02 -9.346312843263149261e-03
5.577989667654037476e-02 6.276899576187133789e-02
-2.520268857479095459e-01 9.915679693222045898e-02
9.938291460275650024e-02 -2.454689592123031616e-01
5.129143968224525452e-02 5.367617309093475342e-02
-8.607204258441925049e-02 1.603246778249740601e-01
1.109019592404365540e-01 -9.079273790121078491e-03
4.047980904579162598e-01 -4.192502200603485107e-01
3.926606178283691406e-01 -2.396196126937866211e-02
2.669239044189453125e-02 2.472980171442031860e-01
6.071231886744499207e-02 -1.188977435231208801e-02
-2.039220929145812988e-01 -3.967776894569396973e-02
4.013734459877014160e-01 -4.236749410629272461e-01
3.953484296798706055e-01 -2.875672876834869385e-01
-5.948313698172569275e-02 3.555849893018603325e-03
1.022496446967124939e-01 5.940607935190200806e-02
-1.307333707809448242e-01 6.881827861070632935e-02
-2.177498191595077515e-01 3.120939731597900391e-01
-7.087715715169906616e-02 5.708420276641845703e-02
2.663208246231079102e-01 -1.913778334856033325e-01
-2.527752816677093506e-01 1.149314492940902710e-01
-4.527956545352935791e-01 4.877396225929260254e-01
2.739312946796417236e-01 -6.226617470383644104e-02
-3.372478187084197998e-01 3.954436182975769043e-01
3.657696545124053955e-01 -2.590051889419555664e-01
1.899257749319076538e-01 -3.259647190570831299e-01
2.971000671386718750e-01 -2.193689495325088501e-01
-1.530887037515640259e-01 9.267970174551010132e-02
-1.483973264694213867e-01 5.814231187105178833e-02
-2.083290070295333862e-01 1.859887391328811646e-01
-1.307873874902725220e-01 2.914660796523094177e-02
3.282554447650909424e-01 -4.933598935604095459e-01
-2.165172994136810303e-01 2.510149776935577393e-01
-8.412753045558929443e-02 2.139315903186798096e-01
-2.560201585292816162e-01 1.970107108354568481e-01
1.978239566087722778e-01 -1.260311156511306763e-01
-2.216086834669113159e-01 4.658301174640655518e-01
3.210667669773101807e-01 -3.221772611141204834e-01
-2.035831511020660400e-01 3.564119637012481689e-01
2.547615468502044678e-01 -3.099233806133270264e-01
8.953177183866500854e-02 -2.065434753894805908e-01
-1.042578071355819702e-01 -2.454774640500545502e-02
-3.403590023517608643e-01 1.837865561246871948e-01
1.782945394515991211e-01 -2.359359413385391235e-01
-2.739002704620361328e-01 2.531941533088684082e-01
4.171305894851684570e-01 -2.438350915908813477e-01
2.062250971794128418e-01 -2.666853964328765869e-01
-2.113545536994934082e-01 8.459251374006271362e-02
2.597024738788604736e-01 -4.176554083824157715e-01
8.967173099517822266e-02 -2.684237360954284668e-01
2.681307494640350342e-01 -1.400153636932373047e-01
-2.800779938697814941e-01 2.810759544372558594e-01
3.650112748146057129e-01 -2.361850440502166748e-01
-3.930087983608245850e-01 2.457638978958129883e-01
-3.552512079477310181e-02 1.151744797825813293e-01
1.676277667284011841e-01 -1.316455453634262085e-01
3.570493757724761963e-01 -2.747802734375000000e-01
-3.610382378101348877e-01 2.697118520736694336e-01
3.189580142498016357e-01 -2.958864271640777588e-01
-1.361501067876815796e-01 3.306504189968109131e-01
-6.638060510158538818e-02 2.519728839397430420e-01
-1.291865557432174683e-01 2.456185370683670044e-01
2.145340442657470703e-01 -1.097224503755569458e-01
3.566928803920745850e-01 -1.555183529853820801e-01
3.349433541297912598e-01 -2.590820193290710449e-01
-2.584361732006072998e-01 2.168168723583221436e-01
-5.698601603507995605e-01 4.188464879989624023e-01
-2.041151821613311768e-01 2.632393538951873779e-01
4.902563244104385376e-02 -1.122085154056549072e-01
1.876745223999023438e-01 -1.649554371833801270e-01
6.568160653114318848e-02 -3.606193140149116516e-02
3.973117768764495850e-01 -2.470373064279556274e-01
1.214812695980072021e-01 -2.133903503417968750e-01
8.149162679910659790e-02 3.252670913934707642e-02
-2.589432895183563232e-01 1.850894391536712646e-01
-3.194627538323402405e-02 -5.302598327398300171e-02
2.384670227766036987e-01 -4.135108888149261475e-01
-3.740044236183166504e-01 2.473066151142120361e-01
-2.180187106132507324e-01 3.637569844722747803e-01
-2.173711061477661133e-01 3.934411406517028809e-01
-3.174115121364593506e-01 1.557113528251647949e-01
-3.095802366733551025e-01 3.788397610187530518e-01
1.025263667106628418e-01 4.390773549675941467e-02
4.086127281188964844e-01 -2.536976039409637451e-01
7.733750343322753906e-02 -7.180560380220413208e-03
1.758666476234793663e-03 -6.002201884984970093e-02
-1.290614008903503418e-01 1.195949316024780273e-01
-7.833895832300186157e-02 4.688078537583351135e-02
3.659180998802185059e-01 -8.371717482805252075e-02
-1.761110424995422363e-01 2.064800411462783813e-01
2.655795514583587646e-01 -1.022573634982109070e-01
-2.297096699476242065e-01 1.583402901887893677e-01
1.999246031045913696e-01 -1.611173599958419800e-01
-1.217060312628746033e-01 2.347347140312194824e-01
2.146588861942291260e-01 -2.698300480842590332e-01
1.052127107977867126e-01 -2.723374962806701660e-01
-7.419315632432699203e-03 3.844527155160903931e-02
1.681253463029861450e-01 -1.703868657350540161e-01
-8.342631906270980835e-02 1.408313512802124023e-01
-2.119004726409912109e-02 2.438136935234069824e-01
-2.585126161575317383e-01 8.762908726930618286e-02
-2.043592780828475952e-01 1.716658324003219604e-01
9.301406145095825195e-02 -9.915367513895034790e-02
3.111069202423095703e-01 -1.670568436384201050e-01
-4.482747986912727356e-02 -8.008131757378578186e-03
8.917774260044097900e-02 1.012043356895446777e-01
-3.152847588062286377e-01 2.433007657527923584e-01
6.217832490801811218e-02 -2.133857160806655884e-01
-3.399163484573364258e-02 2.496784031391143799e-01
4.342773556709289551e-02 -9.485592693090438843e-02
2.049807757139205933e-01 -3.233627080917358398e-01
4.224266484379768372e-02 -3.177913427352905273e-01
1.424705516546964645e-02 1.225865259766578674e-01
-3.824615478515625000e-01 4.401836991310119629e-01
-2.241093516349792480e-01 2.645605504512786865e-01
4.285865649580955505e-02 4.548547416925430298e-02
5.392380058765411377e-02 -3.541743382811546326e-02
8.942410349845886230e-02 6.999205052852630615e-02
1.095032840967178345e-01 -2.428676038980484009e-01
-3.940677270293235779e-02 -1.118216216564178467e-01
-5.691105872392654419e-02 -1.680363714694976807e-02
-3.459264039993286133e-01 2.322780787944793701e-01
2.981053292751312256e-01 -1.347313076257705688e-01
1.813304871320724487e-01 5.658194795250892639e-02
-1.857551634311676025e-01 7.065211236476898193e-02
-1.109483651816844940e-03 -3.653670847415924072e-02
2.225074358284473419e-02 -3.806751966476440430e-01
6.768952310085296631e-02 -2.509894371032714844e-01
-9.098362177610397339e-03 2.046529650688171387e-01
6.080216169357299805e-02 -7.245674729347229004e-02
-1.095423921942710876e-01 1.642283946275711060e-01
-9.422520548105239868e-02 2.069100439548492432e-01
-1.851620376110076904e-01 1.868156343698501587e-01
-8.940162509679794312e-02 1.307425834238529205e-02
2.095765471458435059e-01 -1.151486709713935852e-01
1.063729599118232727e-01 -2.959693670272827148e-01
8.574561215937137604e-03 1.864796727895736694e-01
-4.072185233235359192e-02 -8.924243599176406860e-02
5.605513602495193481e-02 -1.922699511051177979e-01
-9.637894481420516968e-02 -3.600216284394264221e-02
1.900239735841751099e-01 -3.777764439582824707e-01
8.158425986766815186e-02 -1.449301242828369141e-01
-4.653827473521232605e-02 6.889387965202331543e-02
-4.052713215351104736e-01 2.675509750843048096e-01
-8.926092833280563354e-02 4.277089983224868774e-02
-2.541683316230773926e-01 2.028331905603408813e-01
-1.698702126741409302e-01 8.197592198848724365e-02
1.133776977658271790e-01 -8.099154382944107056e-02
1.217481791973114014e-01 -2.848110496997833252e-01
-1.590831279754638672e-01 1.528614610433578491e-01
-2.013837546110153198e-01 3.744254112243652344e-01
-1.290104985237121582e-01 1.348491162061691284e-01
2.017132192850112915e-01 -2.657965719699859619e-01
2.075837105512619019e-01 -1.908701211214065552e-01
3.062546253204345703e-01 -1.910142898559570312e-01
-4.263265132904052734e-01 1.917260587215423584e-01
1.144330501556396484e-01 -1.969712376594543457e-01
1.573415994644165039e-01 -8.557914197444915771e-02
4.864055663347244263e-02 8.635352551937103271e-02
4.602179229259490967e-01 -2.689194977283477783e-01
-1.765968799591064453e-01 2.241533547639846802e-01
4.695039242506027222e-02 5.491502117365598679e-03
1.751350462436676025e-01 -2.737075686454772949e-01
7.830168306827545166e-02 -1.678268052637577057e-02
-1.264411509037017822e-01 -7.268523424863815308e-02
-8.969379216432571411e-02 9.251356869935989380e-02
1.674634814262390137e-01 -2.882419712841510773e-02
-4.740741476416587830e-02 1.167487427592277527e-01
-2.343585481867194176e-03 1.922067552804946899e-01
3.488710615783929825e-03 -1.021471545100212097e-01
-3.123620450496673584e-01 1.255210191011428833e-01
1.248351261019706726e-01 -5.130507051944732666e-02
-3.135379552841186523e-01 1.767198890447616577e-01
1.233768463134765625e-01 -5.343310534954071045e-02
-8.563952520489692688e-03 -1.084396839141845703e-01
8.375813812017440796e-02 -2.130062878131866455e-01
1.318984776735305786e-01 9.423715528100728989e-04
1.057176366448402405e-01 -5.274892970919609070e-02
-2.841656208038330078e-01 3.307475447654724121e-01
-1.553611271083354950e-02 -5.747679993510246277e-02
1.527162939310073853e-01 -1.558061689138412476e-01
6.331031769514083862e-02 1.844007670879364014e-01
-2.689480781555175781e-01 1.050126925110816956e-01
3.006358072161674500e-02 7.098732143640518188e-02
-1.590067595243453979e-01 2.097333818674087524e-01
-1.117306202650070190e-01 2.723871916532516479e-02
1.682980917394161224e-03 7.306315004825592041e-02
-1.734364330768585205e-01 2.234116941690444946e-01
-1.561408936977386475e-01 9.096143394708633423e-02
-3.018828108906745911e-02 -7.393029332160949707e-02
1.493870615959167480e-01 -2.395790070295333862e-01
1.923678964376449585e-01 -1.529070287942886353e-01
1.688399016857147217e-01 -4.514818638563156128e-02
-1.066590696573257446e-01 2.280169166624546051e-02
-1.577648073434829712e-01 1.502928584814071655e-01
7.762459665536880493e-02 -2.669552564620971680e-01
-6.571468431502580643e-03 -4.993085935711860657e-02
-9.414836764335632324e-02 2.822309359908103943e-02
4.905338212847709656e-02 -1.200528144836425781e-01
-1.840247213840484619e-01 1.287994533777236938e-01
3.728052228689193726e-02 -5.292781814932823181e-02
2.413395419716835022e-02 2.096482515335083008e-01
4.740238562226295471e-02 -2.214734852313995361e-01
1.668553352355957031e-01 -1.460147276520729065e-02
-9.881546348333358765e-02 3.006203472614288330e-01
-6.345003377646207809e-03 9.265457279980182648e-03
7.987187057733535767e-02 -5.290288105607032776e-02
-6.079909950494766235e-02 2.404189109802246094e-01
2.868923842906951904e-01 -3.508253395557403564e-01
-1.230165213346481323e-01 2.651408314704895020e-01
-5.086498335003852844e-03 1.029107999056577682e-02
-2.753861434757709503e-02 2.637014687061309814e-01
