-2.418193072080612183e-01 1.932443678379058838e-01
-8.750450611114501953e-02 2.649848163127899170e-01
1.702961772680282593e-01 -3.203640580177307129e-01
1.506978422403335571e-01 -2.674036026000976562e-01
-8.677097037434577942e-03 7.910844869911670685e-03
-5.477902665734291077e-02 1.741788685321807861e-01
-3.074092864990234375e-01 1.666609942913055420e-01
3.467929661273956299e-01 -2.863768339157104492e-01
-2.322352677583694458e-01 1.149738878011703491e-01
-6.516684591770172119e-02 1.213874667882919312e-01
1.356699913740158081e-01 -4.047554731369018555e-02
-1.018523946404457092e-01 6.801596283912658691e-02
-3.346106112003326416e-01 3.544810414314270020e-02
2.103033363819122314e-01 -4.433824121952056885e-02
-7.204629480838775635e-02 -1.038310155272483826e-01
3.059243084862828255e-03 -1.904904395341873169e-01
2.155853807926177979e-01 -2.619646787643432617e-01
3.131662681698799133e-02 -1.201493069529533386e-01
6.092827394604682922e-02 -1.890170723199844360e-01
2.962554395198822021e-01 -1.514483690261840820e-01
1.235302239656448364e-01 -9.295709431171417236e-02
-1.169213429093360901e-01 6.613341718912124634e-02
-3.214884176850318909e-02 2.419926226139068604e-01
2.211557030677795410e-01 -9.811609238386154175e-02
2.055483162403106689e-01 8.847896754741668701e-02
-4.186908155679702759e-02 2.220123074948787689e-02
5.849166586995124817e-02 -8.871580660343170166e-02
-2.541816234588623047e-01 2.112445384263992310e-01
-2.671394646167755127e-01 1.747181266546249390e-01
-2.624107599258422852e-01 2.086414545774459839e-01
-8.869823813438415527e-02 2.270232886075973511e-01
3.968328610062599182e-02 -6.939789652824401855e-02
-1.803399324417114258e-01 8.576595038175582886e-02
1.351849175989627838e-02 -1.844021528959274292e-01
1.213696897029876709e-01 -1.666713953018188477e-01
-1.141200773417949677e-02 -8.176985383033752441e-02
-8.382581919431686401e-02 3.155754804611206055e-01
1.250899285078048706e-01 -3.779994547367095947e-01
9.241689741611480713e-02 -1.224471852183341980e-01
-1.885277330875396729e-01 7.728637009859085083e-02
-6.890971213579177856e-02 -2.583674341440200806e-02
-3.174699842929840088e-02 -1.154781505465507507e-01
-6.272652000188827515e-02 3.046576865017414093e-02
-5.527188256382942200e-02 9.056110866367816925e-03
1.287572383880615234e-01 -9.410103410482406616e-02
5.569407343864440918e-02 -1.924505978822708130e-01
-1.050808932632207870e-02 -1.560849845409393311e-01
-1.048969328403472900e-01 8.605981618165969849e-02
1.121327863074839115e-03 -4.749892652034759521e-02
8.938129991292953491e-03 7.279911637306213379e-02
-1.927352994680404663e-01 2.092313021421432495e-01
2.967340648174285889e-01 -1.729921102523803711e-01
1.514146029949188232e-01 -2.988470494747161865e-01
-1.731277704238891602e-01 9.731543064117431641e-02
-2.040581703186035156e-01 3.245948851108551025e-01
8.223345130681991577e-02 -2.383407503366470337e-01
1.010830178856849670e-01 -2.039213031530380249e-01
-8.485803380608558655e-03 -1.069762781262397766e-01
-1.373365987092256546e-02 1.598785966634750366e-01
2.395602315664291382e-01 -2.910883724689483643e-01
9.812429547309875488e-02 -5.070864409208297729e-02
-2.642512880265712738e-02 9.068795293569564819e-02
3.848325088620185852e-02 -1.782879829406738281e-01
-9.594077616930007935e-02 4.050729423761367798e-02
-6.620735675096511841e-02 1.130850613117218018e-02
-2.928924262523651123e-01 1.527915894985198975e-01
1.822697073221206665e-01 -2.716692090034484863e-01
-2.061595022678375244e-01 1.409433484077453613e-01
2.236099690198898315e-01 -2.260858751833438873e-02
3.790367022156715393e-02 -2.448509782552719116e-01
5.277415737509727478e-02 -7.626000791788101196e-02
-2.416591532528400421e-02 -2.171509712934494019e-01
2.692707814276218414e-02 -1.389650106430053711e-01
1.396736651659011841e-01 -1.138157099485397339e-01
-2.130791246891021729e-01 3.855377435684204102e-02
1.222673729062080383e-01 8.156935870647430420e-02
-1.579017639160156250e-01 2.291146218776702881e-01
2.866263687610626221e-02 -1.808346062898635864e-01
-1.741157025098800659e-01 1.404983848333358765e-01
3.153375089168548584e-01 -2.602465748786926270e-01
-1.605290323495864868e-01 1.110279485583305359e-01
3.034605383872985840e-01 -1.371597945690155029e-01
-1.512371301651000977e-01 2.009569108486175537e-01
2.900480329990386963e-01 -2.429333925247192383e-01
-4.439428448677062988e-02 3.836845606565475464e-02
-1.272224485874176025e-01 2.233178764581680298e-01
-3.314957916736602783e-01 3.152029588818550110e-02
1.315973997116088867e-01 -5.244230851531028748e-02
2.087439000606536865e-01 -1.276922374963760376e-01
-8.055729418992996216e-02 -6.841444969177246094e-02
-1.110563650727272034e-01 3.378220498561859131e-01
-1.647092401981353760e-01 2.095149010419845581e-01
-2.086900472640991211e-01 1.513629257678985596e-01
9.996700286865234375e-02 -6.508073210716247559e-02
2.328217476606369019e-01 -1.809284687042236328e-01
-2.065637111663818359e-01 2.914689779281616211e-01
3.543353825807571411e-02 -1.435057371854782104e-01
-4.853427037596702576e-02 1.404619514942169189e-01
3.192073404788970947e-01 -1.207396835088729858e-01
3.725903928279876709e-01 -8.521158993244171143e-02
6.375539302825927734e-02 -1.139032840728759766e-01
3.061774075031280518e-01 -2.468385845422744751e-01
5.313321202993392944e-02 -4.568788409233093262e-02
-7.157855480909347534e-02 2.578375637531280518e-01
-1.548500657081604004e-01 1.741313487291336060e-01
-2.948791384696960449e-01 7.205247879028320312e-02
-3.437451124191284180e-01 2.747554183006286621e-01
1.373073905706405640e-01 -2.525641918182373047e-01
1.796844452619552612e-01 -1.656134277582168579e-01
5.020002648234367371e-02 -4.360397160053253174e-02
7.692565768957138062e-02 -6.224505137652158737e-03
1.951928734779357910e-01 -3.494323194026947021e-01
-1.805575788021087646e-01 1.448023784905672073e-02
2.073959708213806152e-01 -2.642439901828765869e-01
3.353819251060485840e-02 -7.951349020004272461e-02
1.334146112203598022e-01 -7.678512483835220337e-02
3.703361153602600098e-01 -1.769670099020004272e-01
-2.254795283079147339e-02 1.079353913664817810e-01
-1.048697829246520996e-01 1.325787901878356934e-01
1.436516195535659790e-01 -1.399508118629455566e-02
1.447698175907135010e-01 -1.156441420316696167e-01
-1.162407025694847107e-01 -9.428732842206954956e-02
-2.386983186006546021e-01 2.688772976398468018e-01
-2.657166123390197754e-01 1.700830608606338501e-01
-1.488388031721115112e-01 2.897267043590545654e-02
1.484298110008239746e-01 -4.005466699600219727e-01
-1.438920479267835617e-02 1.425086557865142822e-01
-2.116168588399887085e-01 1.389670670032501221e-01
-1.084754988551139832e-01 -8.762945979833602905e-02
1.749237179756164551e-01 -9.519474580883979797e-03
1.455523073673248291e-01 -2.669057548046112061e-01
-2.297442108392715454e-01 1.957224607467651367e-01
1.530776470899581909e-01 -3.405078873038291931e-02
1.659081727266311646e-01 -1.629236638545989990e-01
-3.892133012413978577e-02 -1.284341141581535339e-02
-3.160034492611885071e-02 3.794869780540466309e-02
-2.954434603452682495e-02 1.307435482740402222e-01
-2.466249763965606689e-01 2.063604295253753662e-01
1.064632646739482880e-02 -1.460545212030410767e-01
6.220339983701705933e-02 4.135812073945999146e-02
-2.772465348243713379e-01 1.404655426740646362e-01
5.237031355500221252e-02 -5.404024850577116013e-03
1.240686699748039246e-01 -1.017018333077430725e-01
9.797068685293197632e-02 -1.984124779701232910e-01
-2.477552741765975952e-02 -1.010242551565170288e-01
-6.910610478371381760e-03 -6.091087684035301208e-02
1.570633351802825928e-01 -1.344930231571197510e-01
6.800892949104309082e-02 4.495197162032127380e-02
1.685552000999450684e-01 -1.246624588966369629e-01
-1.271623075008392334e-01 1.878362745046615601e-01
1.348611712455749512e-02 -4.462609812617301941e-02
1.724317073822021484e-01 1.087448932230472565e-02
3.322479873895645142e-02 -4.842277988791465759e-02
-1.208058074116706848e-01 2.328857183456420898e-01
-2.620880864560604095e-02 1.174680739641189575e-01
7.486756145954132080e-02 -1.150877177715301514e-01
-2.681345492601394653e-02 1.175852268934249878e-01
-7.891294360160827637e-02 2.700026035308837891e-01
2.359803207218647003e-02 -8.390038460493087769e-02
7.270471006631851196e-02 -1.246875524520874023e-01
-9.472201019525527954e-02 8.538500964641571045e-02
-4.399563372135162354e-02 -3.735939681064337492e-04
1.483436822891235352e-01 -1.552940458059310913e-01
1.481975801289081573e-02 -3.689214587211608887e-02
-3.132485747337341309e-01 4.735548049211502075e-02
7.922849804162979126e-02 -1.140935793519020081e-01
1.913527399301528931e-01 -3.915283363312482834e-03
-7.367468625307083130e-02 -4.616853594779968262e-02
1.167263910174369812e-01 1.545872986316680908e-01
9.205088764429092407e-02 -9.697391837835311890e-02
-7.579397410154342651e-02 -2.870219014585018158e-02
1.802403479814529419e-01 3.867001086473464966e-02
2.381613701581954956e-01 -1.535023897886276245e-01
-2.594526112079620361e-01 5.361416935920715332e-02
-2.111909091472625732e-01 -3.522308543324470520e-02
-1.914512515068054199e-01 2.090543359518051147e-01
2.700356841087341309e-01 -1.161014288663864136e-01
-1.220260281115770340e-03 2.529578655958175659e-02
1.087786406278610229e-01 -2.527800500392913818e-01
-2.568615041673183441e-02 5.666949320584535599e-03
5.608685314655303955e-02 2.192995324730873108e-02
1.021087616682052612e-01 -2.409410625696182251e-01
1.645981520414352417e-01 -6.953620165586471558e-02
-1.682153530418872833e-02 -5.067895352840423584e-02
9.821867197751998901e-02 -4.983433708548545837e-02
1.506864279508590698e-01 -2.327939569950103760e-01
1.974627226591110229e-01 -5.027142539620399475e-02
-4.315050691366195679e-02 -9.078026562929153442e-02
2.458396703004837036e-01 -1.535062491893768311e-02
2.379110082983970642e-03 1.498177796602249146e-01
8.738081157207489014e-02 -1.911644786596298218e-01
-1.538438349962234497e-01 1.866416037082672119e-01
-7.323273271322250366e-02 1.860859431326389313e-02
-1.598242484033107758e-02 -2.422950975596904755e-02
2.108040601015090942e-01 -5.124844610691070557e-02
-1.104519143700599670e-01 -1.222020015120506287e-01
2.061009854078292847e-01 1.647770553827285767e-01
-9.889669716358184814e-02 2.104767970740795135e-02
1.764306277036666870e-01 1.165304053574800491e-02
9.624232351779937744e-02 -1.678072661161422729e-01
-1.652806550264358521e-01 1.442544013261795044e-01
-8.998595178127288818e-02 6.701595336198806763e-02
2.378522306680679321e-01 -8.072534203529357910e-02
-2.618234157562255859e-01 2.100457996129989624e-02
-3.213272392749786377e-01 2.119242697954177856e-01
2.738370001316070557e-02 -9.169194102287292480e-02
4.026685655117034912e-02 -1.085563376545906067e-01
-1.369806081056594849e-01 1.170383915305137634e-01
1.283954232931137085e-01 -7.229525595903396606e-02
1.071874871850013733e-01 -4.706787317991256714e-02
-1.021452918648719788e-01 -5.357496440410614014e-03
-2.147785155102610588e-03 1.018675044178962708e-01
1.646794378757476807e-01 -3.720431029796600342e-02
1.202607620507478714e-02 1.112070586532354355e-02
6.891132146120071411e-02 2.096385359764099121e-01
-8.797313272953033447e-02 4.879592731595039368e-02
6.652402877807617188e-02 -5.681281164288520813e-02
-2.364143580198287964e-01 -1.732217706739902496e-02
-8.651995658874511719e-02 -8.492863178253173828e-02
-4.117786511778831482e-02 7.918758690357208252e-02
-1.129769682884216309e-01 1.421720981597900391e-01
8.320247381925582886e-02 8.104459941387176514e-02
6.033740565180778503e-02 -4.728334769606590271e-02
2.822448611259460449e-01 -1.791400313377380371e-01
-9.631838649511337280e-02 1.747012883424758911e-02
2.829633303917944431e-04 -1.218923181295394897e-01
1.418121308088302612e-01 -2.489413917064666748e-01
1.913864761590957642e-01 -1.394168287515640259e-01
-2.065449953079223633e-02 9.655223786830902100e-02
1.895831525325775146e-01 -1.183528825640678406e-01
7.989051192998886108e-02 -4.137153923511505127e-02
4.023709893226623535e-02 -1.010230183601379395e-01
1.619265973567962646e-01 7.576653361320495605e-02
1.728455126285552979e-01 -1.397136896848678589e-01
-2.062178403139114380e-01 1.359988301992416382e-01
-1.305492520332336426e-01 -7.728561013936996460e-02
1.608963757753372192e-01 -1.769883632659912109e-01
-1.430429331958293915e-02 -7.587283104658126831e-02
4.978958517313003540e-02 -6.553559005260467529e-02
-1.379202753305435181e-01 1.815454363822937012e-01
6.619064509868621826e-02 -6.800112873315811157e-02
-1.655496060848236084e-01 1.814709752798080444e-01
-1.745469421148300171e-01 9.846545010805130005e-02
5.690541118383407593e-02 1.779057085514068604e-02
-7.310257107019424438e-02 -1.045129075646400452e-01
-2.672198228538036346e-02 -1.339375972747802734e-01
-6.467609852552413940e-02 1.494856178760528564e-02
-8.668665587902069092e-02 5.466760694980621338e-02
1.119035631418228149e-01 -1.020543128252029419e-01
1.975656449794769287e-01 -1.917592734098434448e-01
1.418540775775909424e-01 2.675175294280052185e-02
-6.690120697021484375e-02 8.356098830699920654e-02
-2.322266250848770142e-01 9.411672502756118774e-02
3.718899190425872803e-02 -1.196324378252029419e-01
9.636830538511276245e-02 -3.599166497588157654e-02
4.241445288062095642e-02 5.063673108816146851e-02
