2.587289512157440186e-01 -2.634422779083251953e-01
-1.525138225406408310e-02 1.496708691120147705e-01
1.678574234247207642e-01 -4.825431108474731445e-02
-8.350301533937454224e-02 1.616810560226440430e-01
1.175431311130523682e-01 -3.285561800003051758e-01
2.250589132308959961e-01 -1.103305891156196594e-01
-1.413640528917312622e-01 2.171972393989562988e-01
1.045540049672126770e-01 -2.209489643573760986e-01
1.945154219865798950e-01 -2.574131786823272705e-01
-9.068375080823898315e-02 1.121293827891349792e-01
2.816420793533325195e-01 -2.902867794036865234e-01
1.856763660907745361e-01 -5.783872678875923157e-02
-3.361041191965341568e-03 -2.856966555118560791e-01
1.470432132482528687e-01 -1.977172046899795532e-01
-4.096651077270507812e-01 1.941990107297897339e-01
-2.724637463688850403e-02 -8.486308157444000244e-02
7.872492074966430664e-02 -2.494621574878692627e-01
-7.158180326223373413e-02 1.337991002947092056e-02
-3.154871612787246704e-02 3.321797400712966919e-02
5.402328446507453918e-02 -1.346403956413269043e-01
-1.196532323956489563e-01 1.453559696674346924e-01
-1.356222927570343018e-01 1.456749588251113892e-01
-6.897217780351638794e-02 -1.435048431158065796e-01
1.895713955163955688e-01 -8.904443122446537018e-03
-5.736895278096199036e-02 3.646622598171234131e-01
-5.343786254525184631e-02 9.884569048881530762e-02
4.491699859499931335e-02 -2.801994681358337402e-01
-2.006905525922775269e-01 4.924227297306060791e-01
1.864454448223114014e-01 -1.890714019536972046e-01
-5.490973591804504395e-02 7.724574953317642212e-02
7.731360942125320435e-02 -2.545191943645477295e-01
-6.150016933679580688e-02 1.849303543567657471e-01
3.685849532485008240e-02 2.709519863128662109e-02
-3.141180276870727539e-01 3.144595921039581299e-01
-9.752360172569751740e-03 2.307469844818115234e-01
-6.288947165012359619e-02 -8.666027337312698364e-02
-1.008954793214797974e-01 1.060571372509002686e-01
1.837789639830589294e-02 6.808530539274215698e-02
3.473555445671081543e-01 -3.692532181739807129e-01
2.202969789505004883e-01 -2.535425126552581787e-01
7.814467698335647583e-02 -7.582017034292221069e-02
3.413060009479522705e-01 -1.843372136354446411e-01
5.532282963395118713e-02 -3.438399732112884521e-02
-1.594803929328918457e-01 1.124949827790260315e-01
-1.339571624994277954e-01 1.194490045309066772e-01
-3.913088515400886536e-02 1.561204344034194946e-01
-3.397202193737030029e-01 1.915642321109771729e-01
-2.061588019132614136e-01 1.790944933891296387e-01
1.465632468461990356e-01 -3.369994834065437317e-02
1.912030428647994995e-01 -3.348420262336730957e-01
1.629000008106231689e-01 -1.820266991853713989e-01
2.555617131292819977e-02 1.650405675172805786e-01
-3.440010249614715576e-01 1.669568568468093872e-01
4.021821618080139160e-01 -3.679711222648620605e-01
1.413489729166030884e-01 -2.088010758161544800e-01
3.403805196285247803e-01 -1.441874504089355469e-01
3.699161410331726074e-01 -3.792178332805633545e-01
2.078642696142196655e-01 -3.571597933769226074e-01
4.124772176146507263e-02 -9.429746866226196289e-02
2.845385074615478516e-01 -2.233034223318099976e-01
5.348153784871101379e-02 -1.946955472230911255e-01
-8.646098524332046509e-02 -5.486114323139190674e-02
2.169448435306549072e-01 -2.938504815101623535e-01
-1.366136670112609863e-01 1.503696739673614502e-01
-3.276839479804039001e-02 -2.996863722801208496e-01
-3.641148507595062256e-01 2.899324297904968262e-01
-1.049517747014760971e-02 -5.869726836681365967e-02
2.774655520915985107e-01 -2.553157210350036621e-01
4.177219420671463013e-02 -7.358561456203460693e-02
-1.107154935598373413e-01 4.181452095508575439e-03
8.158604055643081665e-02 -5.444547906517982483e-02
2.569139897823333740e-01 -2.442342638969421387e-01
5.760446190834045410e-01 -3.717574775218963623e-01
-2.527267336845397949e-01 2.651043534278869629e-01
-2.633431553840637207e-01 3.463841378688812256e-01
4.641089737415313721e-01 -5.712882876396179199e-01
-4.453989565372467041e-01 3.132628798484802246e-01
-1.325938254594802856e-01 1.217362508177757263e-01
-3.158212304115295410e-01 1.256253570318222046e-01
1.687649451196193695e-02 3.946359455585479736e-02
2.577330470085144043e-01 -2.834761142730712891e-01
3.028291463851928711e-01 -9.171914309263229370e-02
-4.916328936815261841e-02 1.814647316932678223e-01
2.164343297481536865e-01 -3.830687403678894043e-01
4.425773397088050842e-02 3.982162848114967346e-02
-1.270767897367477417e-01 1.486693769693374634e-01
6.600804924964904785e-01 -3.037035763263702393e-01
5.500326156616210938e-01 -4.536465704441070557e-01
-2.889758720993995667e-02 -3.538938006386160851e-03
2.397526800632476807e-01 -2.083547711372375488e-01
-6.862242519855499268e-02 9.476735442876815796e-02
-1.541104763746261597e-01 2.690883576869964600e-01
8.032230287790298462e-02 -2.101577669382095337e-01
4.497997760772705078e-01 -4.055470228195190430e-01
1.536889523267745972e-01 -1.481052488088607788e-01
-4.710081517696380615e-01 3.900358080863952637e-01
-1.530922204256057739e-01 -1.557825654745101929e-01
-1.984833478927612305e-01 5.704012885689735413e-02
-3.071664869785308838e-01 4.636753201484680176e-01
-4.739030897617340088e-01 5.028886795043945312e-01
5.564322695136070251e-02 1.076904684305191040e-01
-2.701373398303985596e-01 1.705201156437397003e-02
1.335484534502029419e-01 -9.557685256004333496e-02
-2.864879928529262543e-02 -1.063501164317131042e-01
-1.611470729112625122e-01 2.819890081882476807e-01
-2.470502108335494995e-01 2.277055531740188599e-01
-2.429247796535491943e-01 1.667928695678710938e-01
-1.272673308849334717e-01 9.472078830003738403e-02
-4.542951285839080811e-01 5.608740448951721191e-01
3.502819240093231201e-01 -3.741661310195922852e-01
1.203630771487951279e-02 -1.718798726797103882e-01
-1.810410469770431519e-01 3.099205493927001953e-01
5.066428799182176590e-03 3.559978678822517395e-02
1.545739024877548218e-01 -7.537379115819931030e-02
5.266209319233894348e-02 -3.405872359871864319e-02
3.945573568344116211e-01 -2.164440900087356567e-01
-1.546498090028762817e-01 1.166720613837242126e-01
4.439230263233184814e-01 -2.717776894569396973e-01
5.154202878475189209e-02 1.089492440223693848e-01
2.376210391521453857e-01 -2.788756787776947021e-01
1.639378815889358521e-01 -1.739954017102718353e-02
4.071905016899108887e-01 -6.506565213203430176e-01
-8.083180338144302368e-02 1.637748032808303833e-01
4.862489923834800720e-02 -2.781700715422630310e-02
5.142906904220581055e-01 -3.860626518726348877e-01
-5.348256230354309082e-01 3.998719453811645508e-01
4.515334963798522949e-01 -3.068727850914001465e-01
7.747349143028259277e-02 4.927640408277511597e-02
2.850975692272186279e-01 -2.353321015834808350e-01
-3.775010406970977783e-01 2.293794751167297363e-01
-6.866501271724700928e-02 2.673753201961517334e-01
-3.988984525203704834e-01 4.160948097705841064e-01
3.756795078516006470e-02 -8.701677620410919189e-02
2.263217568397521973e-01 -2.376891076564788818e-01
-2.277932316064834595e-01 2.019962370395660400e-01
4.188413321971893311e-01 -1.858456581830978394e-01
2.672331035137176514e-02 -3.235876932740211487e-02
-2.964720427989959717e-01 4.317781627178192139e-01
5.815094709396362305e-02 9.373621642589569092e-02
2.373584657907485962e-01 -2.567474171519279480e-02
2.245324105024337769e-01 -2.293412536382675171e-01
-5.095780579722486436e-05 -2.113142609596252441e-01
-1.330139786005020142e-01 6.810352951288223267e-02
1.403798907995223999e-01 -7.777223736047744751e-02
1.803603209555149078e-02 -2.139865607023239136e-01
6.257930397987365723e-01 -5.958803296089172363e-01
-3.077581822872161865e-01 2.218567728996276855e-01
-3.851654231548309326e-01 4.405053555965423584e-01
4.770702719688415527e-01 -2.460309416055679321e-01
-5.611369609832763672e-01 6.920306682586669922e-01
-5.005951598286628723e-02 2.040073871612548828e-01
5.186386108398437500e-01 -4.682238101959228516e-01
1.501367092132568359e-01 1.440270990133285522e-01
2.693776190280914307e-01 -3.935671448707580566e-01
-5.868483334779739380e-02 1.755754202604293823e-01
1.378021687269210815e-01 1.463619023561477661e-01
-1.306280680000782013e-02 2.260971814393997192e-01
9.133230149745941162e-02 -2.782773673534393311e-01
5.937346816062927246e-01 -4.792216122150421143e-01
-4.354278743267059326e-02 1.353197991847991943e-01
-4.254553318023681641e-01 2.058302909135818481e-01
-1.685175001621246338e-01 1.326684504747390747e-01
-1.021448373794555664e-01 2.086129486560821533e-01
-1.212537959218025208e-01 3.691602125763893127e-02
1.588342636823654175e-01 -1.321362555027008057e-01
1.672547757625579834e-01 -1.873283833265304565e-01
2.929669916629791260e-01 -5.243923068046569824e-01
-1.190907955169677734e-01 2.467187792062759399e-01
1.326677203178405762e-01 -2.138725817203521729e-01
-1.720641553401947021e-01 -9.409155696630477905e-02
-1.540223509073257446e-01 3.426669239997863770e-01
5.382502079010009766e-02 -1.954277306795120239e-01
9.773084521293640137e-02 -5.761541798710823059e-02
-1.305753439664840698e-01 1.025049686431884766e-01
7.776606082916259766e-02 3.275988996028900146e-02
-9.573441147804260254e-01 9.948656558990478516e-01
2.665008604526519775e-01 -2.689297795295715332e-01
-3.165040016174316406e-01 3.040777742862701416e-01
4.512028396129608154e-01 -3.796659111976623535e-01
8.975582122802734375e-01 -8.508934974670410156e-01
5.407554283738136292e-02 -2.667905949056148529e-02
2.747846543788909912e-01 -2.044277489185333252e-01
1.789795756340026855e-01 -1.554945111274719238e-01
-8.526915311813354492e-02 1.493763029575347900e-01
-5.691030025482177734e-01 5.612686872482299805e-01
-3.374327421188354492e-01 4.111099541187286377e-01
1.538843214511871338e-01 -1.671217530965805054e-01
6.126215457916259766e-01 -4.546463191509246826e-01
-1.364825218915939331e-01 3.463780283927917480e-01
-8.775749802589416504e-02 7.217699289321899414e-02
9.706280380487442017e-02 -1.866758614778518677e-01
-5.689517259597778320e-01 4.945685863494873047e-01
2.719636857509613037e-01 -2.682121992111206055e-01
-2.973498106002807617e-01 3.696701526641845703e-01
-1.369407027959823608e-01 2.831206321716308594e-01
-8.063024282455444336e-02 2.134099416434764862e-02
2.288234382867813110e-01 -9.338452666997909546e-02
1.490094214677810669e-01 -5.777300149202346802e-02
-2.495660781860351562e-01 1.875849813222885132e-01
1.862104283645749092e-03 1.610334515571594238e-01
-1.203056797385215759e-01 6.219499558210372925e-02
3.021579086780548096e-01 -6.143589317798614502e-02
2.962567470967769623e-02 -9.321498870849609375e-02
1.096574887633323669e-01 -6.510871648788452148e-02
1.051514819264411926e-01 -2.867802046239376068e-02
1.295040547847747803e-01 1.223274040967226028e-02
1.819526404142379761e-01 -2.992888689041137695e-01
3.102891705930233002e-02 1.132759451866149902e-01
3.805700540542602539e-01 -2.390702962875366211e-01
9.578850120306015015e-03 -1.897253394126892090e-01
-9.317154064774513245e-03 -8.464581519365310669e-02
-4.404619336128234863e-02 3.836476057767868042e-02
-1.119708046317100525e-01 9.410771727561950684e-02
-8.466862887144088745e-02 5.577452108263969421e-02
3.238435089588165283e-01 -3.102017641067504883e-01
7.998467236757278442e-02 -1.063636764883995056e-01
1.034983992576599121e-01 -3.369363769888877869e-02
-1.388586312532424927e-01 2.509724497795104980e-01
6.497799605131149292e-02 3.783990815281867981e-02
2.335970252752304077e-01 -2.523449361324310303e-01
-1.613374948501586914e-01 4.242606833577156067e-02
1.147269755601882935e-01 8.523765951395034790e-03
1.974768489599227905e-01 -5.963302776217460632e-02
2.392438054084777832e-01 -3.087208867073059082e-01
-5.656356364488601685e-02 4.771475493907928467e-02
9.510855376720428467e-02 -6.581699103116989136e-02
-6.093621999025344849e-02 3.356496617197990417e-02
2.025116384029388428e-01 -5.798500031232833862e-02
4.761988520622253418e-01 -2.855425179004669189e-01
6.711062043905258179e-02 -1.132766306400299072e-01
5.294426083564758301e-01 -4.882164299488067627e-01
1.212791632860898972e-02 -2.500387467443943024e-02
-1.798369106836616993e-03 1.731897592544555664e-01
-1.794767975807189941e-01 2.005035579204559326e-01
1.475210189819335938e-01 -1.140154525637626648e-01
-5.553815886378288269e-02 -4.169165343046188354e-02
-2.191842198371887207e-01 2.657972574234008789e-01
-5.926569700241088867e-01 5.216283202171325684e-01
-1.447495967149734497e-01 1.679687201976776123e-01
-1.457270532846450806e-01 2.211199551820755005e-01
3.122476637363433838e-01 -1.299608796834945679e-01
-1.157945115119218826e-02 2.340312600135803223e-01
2.047457247972488403e-01 -1.621066629886627197e-01
1.747409440577030182e-02 -3.231249377131462097e-02
-3.798802942037582397e-02 1.850045025348663330e-01
4.240309596061706543e-01 -3.988830745220184326e-01
8.037009835243225098e-02 5.747595056891441345e-02
-1.457675248384475708e-01 -4.429584741592407227e-02
5.365125834941864014e-02 -1.202694624662399292e-01
-1.022222917526960373e-02 1.051922738552093506e-01
7.013980299234390259e-02 -1.579774618148803711e-01
-1.317004207521677017e-02 -1.185153350234031677e-01
-1.961893886327743530e-01 2.021770477294921875e-01
-1.473104059696197510e-01 -3.918874263763427734e-02
4.274946451187133789e-01 -3.245941698551177979e-01
-1.007967963814735413e-01 2.110532224178314209e-01
