1.791857779026031494e-01 -2.437238544225692749e-01
-4.612253010272979736e-01 5.458174943923950195e-01
-1.475200057029724121e-01 1.389819979667663574e-01
-1.873577833175659180e-01 6.772811710834503174e-02
-6.393663585186004639e-02 1.418602913618087769e-01
2.982001900672912598e-01 -2.107457444071769714e-02
-4.179127514362335205e-01 1.892933398485183716e-01
-6.594348698854446411e-02 -3.327942639589309692e-02
-3.822184801101684570e-01 2.800467014312744141e-01
4.179565012454986572e-01 -6.677306890487670898e-01
-1.221387088298797607e-01 -6.999384611845016479e-02
3.400605320930480957e-01 -3.305283486843109131e-01
-3.649227619171142578e-01 2.036036550998687744e-01
1.949282921850681305e-02 1.368078142404556274e-01
9.456949681043624878e-02 7.169085741043090820e-02
2.487214505672454834e-01 -2.703346014022827148e-01
4.823313280940055847e-02 -4.002737626433372498e-02
-4.011457413434982300e-02 6.744807958602905273e-02
-3.948738873004913330e-01 3.698416948318481445e-01
-3.356960117816925049e-01 1.650415211915969849e-01
2.559906616806983948e-02 -1.075462624430656433e-02
2.226806879043579102e-01 -7.225037366151809692e-02
-5.855235457420349121e-01 5.203574895858764648e-01
-8.090561255812644958e-03 7.291676104068756104e-02
1.809273511171340942e-01 1.472769677639007568e-02
-2.500539124011993408e-01 1.342689394950866699e-01
-3.037822246551513672e-01 2.176641821861267090e-01
3.225431442260742188e-01 -2.340440005064010620e-01
-1.086881160736083984e-01 -1.462428569793701172e-01
3.979745320975780487e-03 1.297528445720672607e-01
4.257240891456604004e-02 -1.781091541051864624e-01
-1.875014454126358032e-01 1.346502602100372314e-01
1.284225732088088989e-01 -3.200256526470184326e-01
-1.001935601234436035e-01 1.143157556653022766e-01
-1.072257533669471741e-01 2.599952220916748047e-01
3.581846132874488831e-02 5.409444496035575867e-02
1.589721590280532837e-01 -9.949620813131332397e-02
5.275298357009887695e-01 -3.248116970062255859e-01
1.308691054582595825e-01 -1.582681089639663696e-01
-4.647578299045562744e-01 3.752735555171966553e-01
-1.802625060081481934e-01 2.270032418891787529e-03
-9.468840062618255615e-02 8.520604670047760010e-02
2.198993116617202759e-01 -3.602411448955535889e-01
6.440586447715759277e-01 -5.470575094223022461e-01
1.580237150192260742e-01 -8.730458468198776245e-02
-1.944062709808349609e-01 6.367390602827072144e-02
3.894255459308624268e-01 -4.386622309684753418e-01
-1.295766979455947876e-01 2.104556709527969360e-01
-1.257257908582687378e-01 3.214091435074806213e-02
-2.588057518005371094e-02 5.048973113298416138e-02
1.668344624340534210e-02 -2.025853246450424194e-01
4.885402694344520569e-02 4.854790493845939636e-02
-3.123274147510528564e-01 1.135080084204673767e-01
-1.100875786505639553e-03 -2.087953537702560425e-01
-2.191246747970581055e-01 3.639708459377288818e-01
3.708231821656227112e-02 -1.159065216779708862e-01
1.123155504465103149e-01 -3.138377517461776733e-02
7.338470220565795898e-02 -3.731136023998260498e-02
5.379609018564224243e-02 -3.805921077728271484e-01
-6.891295313835144043e-02 1.444120258092880249e-01
-1.968039721250534058e-01 9.826828539371490479e-02
-1.438429504632949829e-01 2.173824757337570190e-01
3.552659153938293457e-01 -2.170672416687011719e-01
-4.430137202143669128e-02 1.084711588919162750e-02
6.324627995491027832e-01 -5.995791554450988770e-01
-3.273851573467254639e-01 3.902491927146911621e-01
-3.241063952445983887e-01 4.179881811141967773e-01
-4.991917610168457031e-01 3.771369755268096924e-01
-3.537459373474121094e-01 3.794308304786682129e-01
2.529765665531158447e-01 -3.636619746685028076e-01
-8.572150468826293945e-01 6.646003723144531250e-01
-6.683593988418579102e-02 -6.120779365301132202e-02
-1.237864255905151367e+00 1.165743827819824219e+00
5.719653367996215820e-01 -7.624635696411132812e-01
1.386550664901733398e-01 7.126902043819427490e-02
7.901536822319030762e-01 -7.808054685592651367e-01
-6.063156723976135254e-01 5.337373614311218262e-01
-1.850299835205078125e-01 1.412679702043533325e-01
1.069766189903020859e-02 -2.762684784829616547e-02
1.318438202142715454e-01 -2.915159761905670166e-01
8.071065545082092285e-01 -1.004228830337524414e+00
8.215891569852828979e-02 -3.465505540370941162e-01
-6.426305174827575684e-01 8.656464219093322754e-01
-5.833430886268615723e-01 6.762138009071350098e-01
2.010541036725044250e-02 -1.736295074224472046e-01
2.643103599548339844e-01 -5.235626101493835449e-01
-6.317379474639892578e-01 9.574752449989318848e-01
4.529840946197509766e-01 -2.722210288047790527e-01
8.491230010986328125e-02 -3.042171299457550049e-01
5.020571872591972351e-02 -2.027073502540588379e-01
-6.786721199750900269e-02 2.895835638046264648e-01
1.899333894252777100e-01 -9.301265329122543335e-02
-7.246604561805725098e-01 4.893661439418792725e-01
3.872030600905418396e-02 -1.401637196540832520e-01
5.717493891716003418e-01 -5.469737052917480469e-01
5.691536515951156616e-02 1.028940528631210327e-01
-3.198795914649963379e-01 3.666781187057495117e-01
2.335753440856933594e-01 -4.308579489588737488e-02
-4.099337458610534668e-01 3.492104709148406982e-01
2.250015735626220703e-01 -3.824889063835144043e-01
7.930267602205276489e-03 1.241578832268714905e-01
2.493628412485122681e-01 -1.721463799476623535e-01
-8.154228329658508301e-02 8.755182474851608276e-02
-1.156458854675292969e-01 4.383949190378189087e-02
-5.792627930641174316e-01 4.891727864742279053e-01
-5.114082694053649902e-01 6.114289164543151855e-01
4.965222179889678955e-01 -3.087261319160461426e-01
-6.301004439592361450e-02 -1.911862641572952271e-01
-1.671636402606964111e-01 -3.192298114299774170e-02
-2.017049640417098999e-01 3.193826973438262939e-01
5.630407333374023438e-01 -6.334400773048400879e-01
9.675378352403640747e-02 -1.137549877166748047e-01
-1.339952200651168823e-01 2.243778705596923828e-01
-9.664220809936523438e-01 1.115705966949462891e+00
-8.608482033014297485e-02 1.300580948591232300e-01
2.171626985073089600e-01 -3.845370411872863770e-01
2.639432251453399658e-01 -2.918355762958526611e-01
3.976577147841453552e-02 3.318140225019305944e-04
-1.120165139436721802e-01 2.374857366085052490e-01
-1.557636559009552002e-01 5.896661896258592606e-03
1.876060515642166138e-01 1.396823823451995850e-01
1.529798954725265503e-01 -2.225422412157058716e-01
2.066956609487533569e-01 -2.611208558082580566e-01
-5.645195841789245605e-01 4.636181592941284180e-01
-6.221691370010375977e-01 6.961751580238342285e-01
-4.152007699012756348e-01 4.045231640338897705e-01
4.571973904967308044e-02 -4.277145117521286011e-02
-1.667708307504653931e-01 3.699395656585693359e-01
7.870463281869888306e-02 2.160012722015380859e-01
-7.302778363227844238e-01 7.718320488929748535e-01
-3.313067257404327393e-01 5.456007122993469238e-01
9.580702334642410278e-02 -2.321992069482803345e-01
-3.615913391113281250e-01 2.424426376819610596e-01
4.367824196815490723e-01 -4.185871779918670654e-01
2.506584823131561279e-01 -2.995310425758361816e-01
-6.870017647743225098e-01 4.253953695297241211e-01
-4.673595130443572998e-01 5.659931302070617676e-01
2.259654104709625244e-01 -2.929068803787231445e-01
-1.198768734931945801e+00 1.146537303924560547e+00
-2.863921225070953369e-01 6.192897632718086243e-02
-6.812028288841247559e-01 5.346869230270385742e-01
6.674185991287231445e-01 -6.541622281074523926e-01
-1.189490258693695068e-01 5.594858899712562561e-02
1.709369271993637085e-01 -3.044650256633758545e-01
4.053217470645904541e-01 -2.873461842536926270e-01
-9.507794380187988281e-01 8.405784964561462402e-01
-4.151796698570251465e-01 4.702073037624359131e-01
5.298686623573303223e-01 -4.279149472713470459e-01
-3.947002589702606201e-01 2.649258375167846680e-01
4.908314049243927002e-01 -2.877377569675445557e-01
-1.547687947750091553e-01 8.176121860742568970e-02
1.288423389196395874e-01 -2.509657442569732666e-01
2.076765745878219604e-01 -7.686831802129745483e-02
3.536467552185058594e-01 -6.081378087401390076e-02
-2.836421430110931396e-01 4.415947571396827698e-02
6.634674668312072754e-01 -7.501642704010009766e-01
7.441744208335876465e-03 1.496568322181701660e-01
1.570499539375305176e-01 3.235559538006782532e-02
1.021116137504577637e+00 -1.125692129135131836e+00
-1.071894243359565735e-01 -1.897428557276725769e-02
1.571126431226730347e-01 -1.029874831438064575e-01
-5.523561313748359680e-02 2.314759343862533569e-01
4.759743213653564453e-01 -5.512345433235168457e-01
-6.758461892604827881e-02 1.837069392204284668e-01
6.186363473534584045e-02 -8.437734097242355347e-02
6.811106204986572266e-01 -6.237311363220214844e-01
4.918882846832275391e-01 -4.761912822723388672e-01
-1.239054650068283081e-01 1.700856387615203857e-01
2.981908917427062988e-01 -3.933523893356323242e-01
1.149964183568954468e-01 -9.696210175752639771e-02
-5.276601016521453857e-02 -3.756221756339073181e-02
1.020357489585876465e+00 -9.593156576156616211e-01
5.180957317352294922e-01 -6.855085492134094238e-01
-7.106927037239074707e-01 6.605855226516723633e-01
5.338397026062011719e-01 -5.910854339599609375e-01
-2.924685180187225342e-01 3.165614306926727295e-01
-4.163659512996673584e-01 4.207405745983123779e-01
3.338917717337608337e-02 2.551795355975627899e-02
-4.300133287906646729e-01 3.478998839855194092e-01
-4.214332439005374908e-04 5.175810307264328003e-03
2.926891148090362549e-01 -2.577342838048934937e-02
-3.482237160205841064e-01 4.650801718235015869e-01
1.428632140159606934e-01 -2.282129079103469849e-01
-7.786073088645935059e-01 6.137151718139648438e-01
-3.955930843949317932e-02 7.947003096342086792e-02
-3.058030307292938232e-01 4.954533651471138000e-02
1.121342420578002930e+00 -1.147513747215270996e+00
4.290301203727722168e-01 -4.893097281455993652e-01
-4.845718443393707275e-01 5.292139053344726562e-01
3.527746796607971191e-01 -2.991420924663543701e-01
-2.523726224899291992e-01 2.090248465538024902e-01
-7.118234038352966309e-01 6.017174720764160156e-01
3.262308835983276367e-01 -2.502907812595367432e-01
-3.302838206291198730e-01 2.516230046749114990e-01
1.896857619285583496e-01 2.598970010876655579e-02
-1.298504024744033813e-01 1.946398317813873291e-01
5.805728957056999207e-02 7.294592261314392090e-02
2.625904977321624756e-01 -1.381401717662811279e-01
6.463311612606048584e-02 3.332940861582756042e-02
-4.208011329174041748e-01 4.102292954921722412e-01
-3.071726560592651367e-01 1.006248146295547485e-01
4.872987512499094009e-03 -6.444588303565979004e-02
-3.709636926651000977e-01 5.166397094726562500e-01
-2.417403310537338257e-01 4.912746697664260864e-02
-6.212198138236999512e-01 4.183134734630584717e-01
3.661020398139953613e-01 -1.622657179832458496e-01
-6.113090738654136658e-02 5.517621338367462158e-02
3.069224059581756592e-01 -1.932323575019836426e-01
2.530367858707904816e-02 -5.358243733644485474e-02
-2.580454945564270020e-01 2.018095999956130981e-01
-1.369016915559768677e-01 -4.074908792972564697e-02
-1.079224050045013428e-02 -1.217300668358802795e-01
-1.375602185726165771e-01 6.769026070833206177e-02
3.042936921119689941e-01 -3.426547944545745850e-01
-1.829849034547805786e-01 1.512298882007598877e-01
-1.801218721084296703e-03 -8.490952849388122559e-02
-3.119634985923767090e-01 2.206418514251708984e-01
2.377562671899795532e-01 -1.544854342937469482e-01
-4.374016523361206055e-01 2.901013195514678955e-01
3.234022855758666992e-01 -3.142153918743133545e-01
-2.399980425834655762e-01 2.370885610580444336e-01
2.661595642566680908e-01 -2.076697796583175659e-01
5.123044848442077637e-01 -4.170877635478973389e-01
1.326883137226104736e-01 -3.209257423877716064e-01
-8.747349679470062256e-02 -5.013722553849220276e-02
-1.914699911139905453e-03 7.053689658641815186e-02
2.078452855348587036e-01 -4.267008304595947266e-01
-2.115662693977355957e-01 3.119315505027770996e-01
2.061991244554519653e-01 -1.139619015157222748e-02
2.395311146974563599e-01 -2.367717027664184570e-02
1.653262823820114136e-01 4.175236821174621582e-02
-1.122967060655355453e-02 1.223030686378479004e-01
1.284230649471282959e-01 -8.004347234964370728e-02
-2.962855398654937744e-01 2.072196900844573975e-01
3.215702250599861145e-02 -1.060628667473793030e-01
3.383506536483764648e-01 -1.792680323123931885e-01
3.037890791893005371e-01 -4.881940186023712158e-01
-4.725778698921203613e-01 4.975426793098449707e-01
2.000402510166168213e-01 -4.041496515274047852e-01
-2.694209516048431396e-01 2.676352262496948242e-01
-1.814310401678085327e-01 1.269621104001998901e-01
-3.725183010101318359e-01 4.499288499355316162e-01
1.581786721944808960e-01 5.231012403964996338e-02
3.591079711914062500e-01 -3.402807712554931641e-01
-2.413249015808105469e-01 1.017238497734069824e-01
1.148767843842506409e-01 9.778477996587753296e-02
-1.254680603742599487e-01 4.941224306821823120e-02
-6.745185256004333496e-01 5.472149252891540527e-01
-7.555830478668212891e-02 1.564872711896896362e-01
-2.712308168411254883e-01 3.002302646636962891e-01
5.507004857063293457e-01 -3.723716437816619873e-01
3.124900758266448975e-01 -2.867728173732757568e-01
-1.521940380334854126e-01 1.691952496767044067e-01
3.199366033077239990e-01 -3.611258566379547119e-01
1.325967609882354736e-01 -2.269723862409591675e-01
-5.944043397903442383e-02 1.418306976556777954e-01
