2.518850862979888916e-01 -2.467502653598785400e-01
-1.717041432857513428e-01 1.959544122219085693e-01
8.073484152555465698e-02 -1.842512339353561401e-01
2.825081944465637207e-01 -4.073779881000518799e-01
5.656642913818359375e-01 -4.506123661994934082e-01
4.628870189189910889e-01 -6.233299970626831055e-01
-4.393335282802581787e-01 2.873122394084930420e-01
1.423008441925048828e-01 -1.691020727157592773e-01
3.606266677379608154e-01 -4.281232059001922607e-01
-5.853137001395225525e-02 -2.554975450038909912e-01
1.127314493060112000e-01 -4.407769814133644104e-02
1.205630078911781311e-01 6.364616751670837402e-02
-1.840488165616989136e-01 3.567554354667663574e-01
1.458932310342788696e-01 -3.773816302418708801e-02
-3.603722453117370605e-01 2.987840473651885986e-01
4.516480490565299988e-02 -4.615053534507751465e-02
-1.842092126607894897e-01 8.211703598499298096e-02
2.304694429039955139e-02 9.677504003047943115e-02
1.829696557251736522e-04 1.966761052608489990e-02
-4.383032023906707764e-02 1.526984721422195435e-01
3.553638756275177002e-01 -4.025749266147613525e-01
1.842978745698928833e-01 -3.116632997989654541e-01
4.244098439812660217e-02 -1.283739656209945679e-01
-2.076159715652465820e-01 2.942502796649932861e-01
1.348066478967666626e-01 -7.916496694087982178e-02
3.365077776834368706e-03 -3.791700303554534912e-02
1.762320399284362793e-01 -4.061245024204254150e-01
1.462352741509675980e-02 -2.423662841320037842e-01
-2.551284730434417725e-01 3.695780634880065918e-01
1.101918220520019531e-01 -2.201706916093826294e-01
-8.077958226203918457e-02 4.963470622897148132e-02
8.251469582319259644e-02 2.025278061628341675e-01
2.012263536453247070e-01 -6.199187040328979492e-02
-6.781787425279617310e-02 1.320560127496719360e-01
-2.144900849089026451e-03 -7.007765024900436401e-02
2.829321324825286865e-01 -2.237997055053710938e-01
1.587340533733367920e-01 -1.090586930513381958e-01
5.635491572320461273e-03 -1.310634166002273560e-01
-1.997924447059631348e-01 -1.628391630947589874e-02
-5.597422122955322266e-01 3.945184051990509033e-01
2.717991173267364502e-01 -2.103296965360641479e-01
-7.407713532447814941e-01 6.833069324493408203e-01
8.279560506343841553e-02 1.118507981300354004e-01
-3.026324212551116943e-01 1.904018074274063110e-01
-1.778450049459934235e-02 1.104151606559753418e-01
-2.635539174079895020e-01 2.051154375076293945e-01
4.129008054733276367e-01 -4.429795742034912109e-01
6.016047298908233643e-02 3.843852877616882324e-02
2.339605540037155151e-01 -3.942114114761352539e-01
-2.508029639720916748e-01 1.624477207660675049e-01
-4.374695718288421631e-01 5.261534452438354492e-01
-2.168438211083412170e-02 -1.080683991312980652e-02
-2.475001960992813110e-01 3.599518835544586182e-01
-1.413886398077011108e-01 2.567403316497802734e-01
3.204992786049842834e-02 -6.448937952518463135e-02
2.749050855636596680e-01 -5.043967440724372864e-02
3.093192577362060547e-01 -3.514677286148071289e-01
-1.367447227239608765e-01 2.540462911128997803e-01
-2.167802304029464722e-01 2.041693180799484253e-01
-1.939619630575180054e-01 8.714301884174346924e-02
-3.220607936382293701e-01 5.705586671829223633e-01
3.892865478992462158e-01 -1.331873983144760132e-01
-6.533916294574737549e-02 7.958824746310710907e-03
-3.549854457378387451e-01 5.312846899032592773e-01
2.015471011400222778e-01 -1.690478771924972534e-01
1.142209097743034363e-01 -9.614329040050506592e-02
-1.874045282602310181e-01 1.843822300434112549e-01
3.520376980304718018e-01 -3.404372632503509521e-01
8.754115700721740723e-01 -7.116850614547729492e-01
7.260404825210571289e-01 -7.693762779235839844e-01
-4.350008070468902588e-01 2.206395566463470459e-01
-6.989604234695434570e-01 7.775350213050842285e-01
1.482249200344085693e-01 -1.962535977363586426e-01
9.853000938892364502e-02 5.118178203701972961e-02
-1.560936719179153442e-01 3.009118437767028809e-01
-4.071123898029327393e-01 4.570970833301544189e-01
-1.206936761736869812e-01 2.507745921611785889e-01
-2.638050317764282227e-01 3.308061063289642334e-01
-1.871880143880844116e-01 2.785633504390716553e-01
1.077200174331665039e-01 -1.800129264593124390e-01
-2.240281552076339722e-01 3.004568517208099365e-01
-4.081389605998992920e-01 2.961653769016265869e-01
-4.911180436611175537e-01 4.302597343921661377e-01
-1.277045998722314835e-02 5.040226876735687256e-02
3.803217411041259766e-01 -5.174973607063293457e-01
4.547057673335075378e-02 -9.312222152948379517e-02
-5.093941092491149902e-01 3.669848442077636719e-01
2.390750944614410400e-01 -7.590791583061218262e-02
-2.158593237400054932e-01 3.648673593997955322e-01
3.939270675182342529e-01 -3.826896548271179199e-01
-9.590514004230499268e-02 2.083093225955963135e-01
1.298411339521408081e-01 -4.591022804379463196e-02
-2.878379821777343750e-01 2.836178243160247803e-01
6.649570912122726440e-02 -1.866374015808105469e-01
-3.309967219829559326e-01 2.469431012868881226e-01
-7.640094757080078125e-01 4.983447492122650146e-01
3.483017385005950928e-01 -4.701449573040008545e-01
-3.019998371601104736e-01 3.272443413734436035e-01
1.917465627193450928e-01 -3.883407413959503174e-01
3.051042854785919189e-01 -1.829837858676910400e-01
-8.733220100402832031e-01 7.599799036979675293e-01
6.195820569992065430e-01 -5.211800932884216309e-01
-7.525899261236190796e-02 2.612127363681793213e-01
-4.801764786243438721e-01 4.977606236934661865e-01
4.911736845970153809e-01 -4.858501553535461426e-01
2.197079807519912720e-01 -2.852478325366973877e-01
2.925758957862854004e-01 -5.320701599121093750e-01
-3.127139210700988770e-01 1.720483601093292236e-01
-9.707923978567123413e-02 -8.897976577281951904e-02
-6.534049510955810547e-01 7.908133268356323242e-01
3.838029205799102783e-01 -4.294858276844024658e-01
3.803770616650581360e-02 6.779952347278594971e-02
2.427769154310226440e-01 -8.481504768133163452e-02
6.046638488769531250e-01 -4.999107718467712402e-01
-1.633249521255493164e-01 1.183961182832717896e-01
-2.841707319021224976e-02 -2.666551433503627777e-02
-3.666683435440063477e-01 3.323023319244384766e-01
1.722291857004165649e-01 -1.971224509179592133e-02
3.541705012321472168e-01 -2.026558369398117065e-01
-4.155975282192230225e-01 2.240855246782302856e-01
1.935172379016876221e-01 -4.820447862148284912e-01
-2.617829144001007080e-01 2.877589762210845947e-01
-4.066266119480133057e-01 5.352337360382080078e-01
-7.012375444173812866e-02 1.658928990364074707e-01
-5.168004035949707031e-01 3.104282915592193604e-01
7.137017250061035156e-01 -6.958323717117309570e-01
-3.217671811580657959e-01 4.368504285812377930e-01
-3.942576050758361816e-01 3.417841494083404541e-01
-1.406563371419906616e-01 1.137513890862464905e-01
3.044219315052032471e-02 6.495453417301177979e-02
-2.908278405666351318e-01 1.565850079059600830e-01
2.893920242786407471e-02 -2.437282800674438477e-01
9.023036807775497437e-02 -2.737873494625091553e-01
-1.804684102535247803e-02 3.016893751919269562e-03
-4.347271919250488281e-01 5.736497640609741211e-01
-2.466808259487152100e-01 2.018729597330093384e-01
1.703696697950363159e-01 -4.217911064624786377e-01
-3.666610419750213623e-01 3.199641108512878418e-01
2.829661071300506592e-01 -1.638673990964889526e-01
1.943418085575103760e-01 -3.623830378055572510e-01
3.478766977787017822e-01 -3.698216080665588379e-01
2.394195646047592163e-01 -1.457177847623825073e-01
1.918238699436187744e-01 -8.251450210809707642e-02
-1.480090767145156860e-01 2.932427916675806046e-03
3.226026427000761032e-03 -6.948632746934890747e-02
-2.884764671325683594e-01 2.016330808401107788e-01
-1.233836859464645386e-01 1.622525900602340698e-01
-2.134970426559448242e-01 1.850976943969726562e-01
-2.829393148422241211e-01 3.607973456382751465e-01
-1.554502397775650024e-01 2.370600849390029907e-01
4.199405312538146973e-01 -4.412248432636260986e-01
-1.963990777730941772e-01 3.674339950084686279e-01
8.697758428752422333e-03 -4.090187326073646545e-02
5.622015520930290222e-02 -1.558890491724014282e-01
1.311945319175720215e-01 -2.377609312534332275e-01
1.167254000902175903e-01 -4.984024446457624435e-03
1.378790587186813354e-01 -1.363011747598648071e-01
-4.454079270362854004e-01 3.911792039871215820e-01
1.715174317359924316e-01 -2.041172236204147339e-01
5.746596679091453552e-02 1.061334684491157532e-01
-2.320646345615386963e-01 4.472803771495819092e-01
1.028394028544425964e-01 -2.532516121864318848e-01
4.702900052070617676e-01 -2.570976614952087402e-01
-3.987666070461273193e-01 3.805475831031799316e-01
-2.780120074748992920e-02 -7.157367467880249023e-02
1.882525533437728882e-02 1.188412904739379883e-01
3.131456375122070312e-01 -3.267528414726257324e-01
-5.542740225791931152e-01 3.548983335494995117e-01
2.793260514736175537e-01 -2.445549517869949341e-01
4.996243715286254883e-01 -4.914371669292449951e-01
3.627676367759704590e-01 -3.603224456310272217e-01
-6.203350424766540527e-01 6.042048931121826172e-01
5.121548175811767578e-01 -5.352267026901245117e-01
-4.928400814533233643e-01 5.264349579811096191e-01
3.429712355136871338e-02 -1.240374967455863953e-01
-4.076167941093444824e-01 2.223530560731887817e-01
1.844424307346343994e-01 -1.958086639642715454e-01
1.257493644952774048e-01 4.319173470139503479e-02
6.012641191482543945e-01 -6.015673875808715820e-01
1.612800359725952148e-01 -1.444062441587448120e-01
5.854275450110435486e-02 -1.118005514144897461e-01
7.962425053119659424e-02 1.795883625745773315e-01
6.549339741468429565e-02 5.003049969673156738e-02
4.658939316868782043e-02 -1.072342619299888611e-01
-3.872487246990203857e-01 3.506089150905609131e-01
1.992871612310409546e-01 -8.033248782157897949e-02
-1.629466749727725983e-02 -7.562422752380371094e-02
1.478690467774868011e-02 -5.647657904773950577e-03
1.307904124259948730e-01 -2.700460900086909533e-04
6.156948581337928772e-02 -9.758865833282470703e-02
-1.253938972949981689e-01 -3.621733933687210083e-02
1.361529827117919922e-01 -2.064611613750457764e-01
1.046648621559143066e-01 -2.110108584165573120e-01
-2.099642530083656311e-02 1.831220537424087524e-01
-4.622927606105804443e-01 3.492300808429718018e-01
4.128686338663101196e-02 -1.582829803228378296e-01
-2.049171775579452515e-01 4.033803343772888184e-01
1.624095141887664795e-01 -1.319245398044586182e-01
-7.545107603073120117e-02 -7.301304489374160767e-02
-9.899625927209854126e-02 2.032251060009002686e-01
-3.983973711729049683e-02 4.552294686436653137e-02
2.042255401611328125e-01 -7.411238551139831543e-02
1.601099669933319092e-01 -2.704756557941436768e-01
1.171299144625663757e-01 -2.679092288017272949e-01
4.128102213144302368e-02 8.151657879352569580e-02
-5.977079272270202637e-02 1.276484727859497070e-01
1.891031414270401001e-01 -1.244073808193206787e-01
-2.515656650066375732e-01 1.616397649049758911e-01
-3.286695480346679688e-01 9.390149265527725220e-02
-3.502741754055023193e-01 5.525356531143188477e-01
6.638608127832412720e-02 2.247918397188186646e-02
-2.184472531080245972e-01 3.354300856590270996e-01
2.018332034349441528e-01 -1.260587479919195175e-02
1.817640066146850586e-01 -2.623211741447448730e-01
2.289456725120544434e-01 -4.878773391246795654e-01
-1.015402600169181824e-01 2.740891873836517334e-01
2.501321025192737579e-02 7.561375945806503296e-02
1.999877840280532837e-01 -1.965427398681640625e-01
3.086811900138854980e-01 -2.202820926904678345e-01
-3.044647872447967529e-01 3.516398072242736816e-01
1.823859512805938721e-01 -4.695098474621772766e-02
-3.531361818313598633e-01 3.238999545574188232e-01
5.217047408223152161e-02 3.489025682210922241e-02
-2.209410443902015686e-02 -9.897471964359283447e-02
8.691294491291046143e-02 -2.250783890485763550e-01
-1.443586349487304688e-01 1.752894371747970581e-01
6.889904290437698364e-02 -1.225782036781311035e-01
-1.613631397485733032e-01 1.264335513114929199e-01
-2.476888149976730347e-01 3.730909228324890137e-01
2.070827037096023560e-01 -4.557644203305244446e-02
-2.050524577498435974e-02 2.967628091573715210e-02
1.130440272390842438e-02 1.786810308694839478e-01
2.802112400531768799e-01 -1.632251143455505371e-01
1.237614303827285767e-01 -1.753227971494197845e-02
1.462442129850387573e-01 -2.107026278972625732e-01
-3.594951331615447998e-01 2.905091345310211182e-01
6.281746923923492432e-02 2.092260718345642090e-01
-1.241687834262847900e-01 2.397396564483642578e-01
-9.153752774000167847e-02 1.164441704750061035e-01
3.711145818233489990e-01 -2.897218465805053711e-01
9.731465578079223633e-02 -1.407277435064315796e-01
2.894426286220550537e-01 -3.005027770996093750e-02
6.283142417669296265e-02 -1.715759634971618652e-01
-2.413372695446014404e-01 4.052825570106506348e-01
1.551718544214963913e-02 -5.232411995530128479e-02
-3.183400332927703857e-01 2.046445161104202271e-01
-1.119779944419860840e-01 1.030683517456054688e-01
-1.536311805248260498e-01 1.744691729545593262e-01
7.880169898271560669e-02 -3.949197381734848022e-02
-1.024570688605308533e-01 1.527704447507858276e-01
2.593241333961486816e-01 -3.201996982097625732e-01
-1.295281201601028442e-01 -1.440135538578033447e-01
3.055249340832233429e-02 1.224652826786041260e-01
-2.621283056214451790e-03 -7.890471071004867554e-02
-3.812191784381866455e-01 2.192595750093460083e-01
-3.270766139030456543e-01 3.062483966350555420e-01
