7.043405435979366302e-03 2.690253555774688721e-01
-7.117845118045806885e-02 6.095336750149726868e-03
2.562733292579650879e-01 2.172254025936126709e-02
8.723672479391098022e-02 -1.124512925744056702e-01
3.872407600283622742e-02 8.442496508359909058e-02
2.981566637754440308e-02 -2.283789962530136108e-01
1.195788383483886719e-01 -1.041789278388023376e-01
-4.206159338355064392e-02 -2.529724501073360443e-02
1.683123856782913208e-01 -2.489958256483078003e-01
-2.374800145626068115e-01 3.792438805103302002e-01
2.188369929790496826e-01 -1.443840712308883667e-01
-7.390481978654861450e-02 1.012559309601783752e-01
8.144609630107879639e-02 1.750713214278221130e-02
1.722663789987564087e-01 -1.549680978059768677e-01
8.836020529270172119e-02 3.007929399609565735e-02
-8.208233118057250977e-02 2.328236848115921021e-01
1.511156857013702393e-01 -1.512797474861145020e-01
1.039621457457542419e-01 3.128060325980186462e-02
-6.110779475420713425e-03 -1.924154311418533325e-01
1.897509992122650146e-01 -2.512132823467254639e-01
-2.493211328983306885e-01 1.802064776420593262e-01
1.372767090797424316e-01 -2.591828256845474243e-02
1.762864142656326294e-01 -3.635616600513458252e-01
2.452872097492218018e-01 -2.188919484615325928e-01
2.046073973178863525e-01 -9.000924415886402130e-03
2.888732589781284332e-02 -2.251012027263641357e-01
2.540900707244873047e-01 -1.667636781930923462e-01
2.323010470718145370e-03 1.730586141347885132e-01
1.703640222549438477e-01 -2.351453304290771484e-01
-1.845973730087280273e-02 -4.259957373142242432e-02
1.521947383880615234e-01 -5.882151052355766296e-02
1.704730689525604248e-01 -3.897984027862548828e-01
-1.145879104733467102e-01 -1.999433934688568115e-01
4.192324355244636536e-02 -3.209575712680816650e-01
2.103146314620971680e-01 -8.633324503898620605e-02
-4.260827973484992981e-02 -4.163806885480880737e-02
2.592823803424835205e-01 -1.137271970510482788e-01
-2.134291082620620728e-01 1.857691407203674316e-01
1.061801146715879440e-02 6.558366119861602783e-02
3.283379077911376953e-01 -1.266806274652481079e-01
-1.925674229860305786e-01 1.622458398342132568e-01
1.134147420525550842e-01 -2.213741093873977661e-01
-1.630114614963531494e-01 1.355433929711580276e-02
-2.492415010929107666e-01 2.762627303600311279e-01
1.357932984828948975e-01 -1.192170605063438416e-01
-6.540462374687194824e-02 -9.557352215051651001e-02
-2.513698339462280273e-01 1.026584506034851074e-01
2.325702458620071411e-02 1.215806929394602776e-03
-3.909772261977195740e-02 1.629989221692085266e-02
7.048980146646499634e-02 -8.545269817113876343e-02
-2.217449396848678589e-01 5.023597553372383118e-02
-3.312454223632812500e-01 1.779538989067077637e-01
1.727199703454971313e-01 -1.580652594566345215e-01
-1.157229468226432800e-01 5.927286669611930847e-02
1.098975017666816711e-01 -1.824315488338470459e-01
1.150856018066406250e-01 6.696175038814544678e-02
-3.740175962448120117e-01 2.941502034664154053e-01
-2.266947878524661064e-03 4.517445713281631470e-02
3.473476171493530273e-01 -1.253208369016647339e-01
-2.272802963852882385e-02 7.892492413520812988e-02
1.002548113465309143e-01 -2.042455971240997314e-01
-1.874744892120361328e-01 1.484691500663757324e-01
9.433873742818832397e-02 -1.499409675598144531e-01
1.069366186857223511e-01 -1.230603232979774475e-01
-1.181868314743041992e+00 1.247921228408813477e+00
-5.970446467399597168e-01 5.531524419784545898e-01
2.888794541358947754e-01 -4.358685016632080078e-01
5.525835156440734863e-01 -5.069982409477233887e-01
4.784215614199638367e-02 -2.474055066704750061e-02
-4.004354402422904968e-02 -4.549139738082885742e-02
9.452943205833435059e-01 -7.120209932327270508e-01
-1.483396738767623901e-01 1.773539483547210693e-01
5.390378832817077637e-01 -4.515564441680908203e-01
-7.005870342254638672e-01 7.477202415466308594e-01
3.856122791767120361e-01 -5.664986371994018555e-01
-5.070616006851196289e-01 3.894978463649749756e-01
3.123187124729156494e-01 -4.108352363109588623e-01
3.735103607177734375e-01 -3.432877659797668457e-01
-1.137849781662225723e-02 -7.540251314640045166e-02
-2.541639804840087891e-01 3.873113095760345459e-01
-2.488873749971389771e-01 1.364200860261917114e-01
-3.091772794723510742e-01 3.216987252235412598e-01
6.512184739112854004e-01 -2.800686657428741455e-01
5.985619425773620605e-01 -7.372494339942932129e-01
-7.389951944351196289e-01 7.762490510940551758e-01
1.169669330120086670e-01 -1.445225924253463745e-01
9.029467701911926270e-01 -8.545021414756774902e-01
-1.138674318790435791e-01 2.043232172727584839e-01
-2.265700884163379669e-02 -6.203976273536682129e-02
-9.809436649084091187e-02 1.554213464260101318e-01
7.517403364181518555e-02 5.297403782606124878e-02
-1.510485112667083740e-01 -5.199678614735603333e-02
4.979913234710693359e-01 -7.730137109756469727e-01
-3.705472052097320557e-01 2.393892556428909302e-01
4.519576206803321838e-02 1.111844088882207870e-02
2.239368855953216553e-01 -3.510357439517974854e-01
3.281442821025848389e-01 -4.847125709056854248e-01
-1.406689733266830444e-01 4.671053588390350342e-02
3.197397887706756592e-01 -4.384478926658630371e-01
-1.049522757530212402e-01 -1.917311847209930420e-01
-7.558415085077285767e-02 5.830866750329732895e-03
-1.970848441123962402e-01 1.666682809591293335e-01
3.529217243194580078e-01 -2.986525297164916992e-01
2.669199407100677490e-01 -2.603849470615386963e-01
-1.904591172933578491e-02 -5.166895315051078796e-02
8.400562405586242676e-01 -7.638806104660034180e-01
2.181022614240646362e-01 -2.088228166103363037e-01
3.110868930816650391e-01 -3.099606037139892578e-01
3.047619946300983429e-02 4.432017356157302856e-02
2.101214528083801270e-01 -8.805137127637863159e-02
-1.711973100900650024e-01 2.031701803207397461e-01
-7.162108421325683594e-01 1.005288124084472656e+00
5.152525380253791809e-02 -1.556923054158687592e-02
8.949302434921264648e-01 -8.784299492835998535e-01
3.426195681095123291e-02 -1.459349039942026138e-02
-6.534054279327392578e-01 4.822563529014587402e-01
-5.167125910520553589e-02 2.116211801767349243e-01
-1.417534947395324707e-01 1.415307819843292236e-01
3.565220832824707031e-01 -4.164903759956359863e-01
2.046152390539646149e-02 -1.953855901956558228e-02
-2.501841783523559570e-01 7.815945148468017578e-02
1.213238686323165894e-01 -1.469749957323074341e-01
3.922658562660217285e-01 -4.535991847515106201e-01
-2.224550843238830566e-01 3.181795775890350342e-01
1.140920758247375488e+00 -1.041209816932678223e+00
6.930138915777206421e-02 -1.502249985933303833e-01
3.549334704875946045e-01 -2.761741280555725098e-01
3.223481774330139160e-01 -7.102124691009521484e-01
-2.145635485649108887e-01 2.229073792695999146e-01
-2.207039147615432739e-01 4.015399515628814697e-01
3.547249138355255127e-01 -2.863599956035614014e-01
-1.941779106855392456e-01 1.741103976964950562e-01
3.601182624697685242e-02 -9.165612608194351196e-02
-3.370577841997146606e-02 2.111123353242874146e-01
1.294556707143783569e-01 3.254221752285957336e-02
3.038367927074432373e-01 -3.011742234230041504e-01
-4.984408617019653320e-02 2.257133275270462036e-02
1.680796593427658081e-01 -5.159534513950347900e-03
9.765257835388183594e-01 -1.162007808685302734e+00
1.694891154766082764e-01 -7.959675788879394531e-02
-2.981642782688140869e-01 2.590511441230773926e-01
-1.931069046258926392e-01 3.533531427383422852e-01
1.377792507410049438e-01 -2.666746973991394043e-01
2.253374159336090088e-01 -2.136256843805313110e-01
-6.642177700996398926e-02 -1.498048901557922363e-01
5.866743922233581543e-01 -6.528515815734863281e-01
1.619201600551605225e-01 -1.565585136413574219e-01
1.076936349272727966e-01 -2.464871108531951904e-01
-3.827961981296539307e-01 3.567599654197692871e-01
5.626258254051208496e-01 -5.153793096542358398e-01
5.264390110969543457e-01 -7.131499648094177246e-01
1.610468029975891113e-01 -2.927478551864624023e-01
-5.849447250366210938e-01 4.037784039974212646e-01
-2.757366299629211426e-01 3.250165581703186035e-01
6.912907212972640991e-02 8.856197446584701538e-02
-7.586638629436492920e-02 1.172435563057661057e-02
5.140845775604248047e-01 -4.467384517192840576e-01
1.010830029845237732e-01 -9.679344296455383301e-02
-2.489707767963409424e-01 1.471169441938400269e-01
1.990585029125213623e-01 -1.321589648723602295e-01
-3.340745866298675537e-01 2.142470031976699829e-01
-1.947749704122543335e-01 1.296468973159790039e-01
-8.262925744056701660e-01 1.094160914421081543e+00
1.574209891259670258e-02 5.364160984754562378e-03
5.289134383201599121e-01 -4.381896555423736572e-01
1.536534726619720459e-01 -2.363713979721069336e-01
-5.612879395484924316e-01 7.775484919548034668e-01
5.461412668228149414e-01 -6.395299434661865234e-01
-9.094520807266235352e-01 1.135274410247802734e+00
-1.991896927356719971e-01 1.612946689128875732e-01
8.072069883346557617e-01 -8.250002861022949219e-01
-5.672803521156311035e-01 6.039898395538330078e-01
1.216415502130985260e-02 -8.005621284246444702e-02
2.856100201606750488e-01 -5.846855044364929199e-01
-1.681020706892013550e-01 5.856180191040039062e-02
-2.634525001049041748e-01 3.343065083026885986e-01
1.342540979385375977e-01 8.482476696372032166e-03
3.723665773868560791e-01 -1.554800719022750854e-01
1.801519840955734253e-01 -8.805035799741744995e-02
-1.140085421502590179e-02 1.960534006357192993e-01
-2.459955215454101562e-01 4.585618078708648682e-01
7.239022850990295410e-01 -7.038195729255676270e-01
2.129115015268325806e-01 -2.915572226047515869e-01
5.494467616081237793e-01 -4.509403407573699951e-01
4.203777909278869629e-01 -3.908683061599731445e-01
2.785119116306304932e-01 -4.468303024768829346e-01
2.348018586635589600e-01 -9.700473397970199585e-02
-4.282023906707763672e-01 2.315697968006134033e-01
-1.078736037015914917e-01 1.753929853439331055e-01
-5.237064957618713379e-01 6.269027590751647949e-01
4.741025269031524658e-01 -3.345493078231811523e-01
5.781556963920593262e-01 -7.013806700706481934e-01
-1.925610750913619995e-01 2.812476158142089844e-01
5.419295653700828552e-02 5.864776298403739929e-02
2.820464968681335449e-01 -4.628475010395050049e-02
-3.752879053354263306e-02 -5.240679159760475159e-02
-2.055388987064361572e-01 2.152229249477386475e-01
-7.702813297510147095e-02 1.831974834203720093e-01
-1.634380221366882324e-02 9.603248536586761475e-02
3.272733390331268311e-01 -3.409386873245239258e-01
2.298069149255752563e-01 -3.023751378059387207e-01
-3.764525800943374634e-02 6.852795183658599854e-02
5.252616405487060547e-01 -4.864503145217895508e-01
-1.015169918537139893e-01 2.685695588588714600e-01
3.939186930656433105e-01 -3.280001580715179443e-01
2.710851654410362244e-02 -1.581688225269317627e-01
-5.601524189114570618e-02 -2.384651452302932739e-01
1.249871775507926941e-01 -5.364765971899032593e-02
1.551326736807823181e-02 9.537513554096221924e-02
5.889834165573120117e-01 -5.273281335830688477e-01
1.913453042507171631e-01 -2.939274609088897705e-01
7.856723666191101074e-02 3.875345364212989807e-02
-5.461005493998527527e-02 1.956869065761566162e-01
4.204608127474784851e-02 -3.217489644885063171e-02
4.770210087299346924e-01 -3.618927001953125000e-01
-1.133895441889762878e-01 1.002540662884712219e-01
-1.101890876889228821e-01 2.039457857608795166e-01
1.106141805648803711e-01 4.788012802600860596e-02
3.775511384010314941e-01 -5.354806780815124512e-01
-9.353892877697944641e-03 1.709860563278198242e-02
3.861189186573028564e-01 -2.674153149127960205e-01
-1.709026992321014404e-01 3.246616721153259277e-01
-1.730767786502838135e-01 2.493054866790771484e-01
1.121639087796211243e-01 -5.123838409781455994e-02
4.869074746966362000e-02 -1.108471229672431946e-01
8.064460754394531250e-02 -8.093406260013580322e-02
-7.011324167251586914e-01 5.517263412475585938e-01
6.959082186222076416e-02 9.833549708127975464e-02
-2.931440994143486023e-02 -8.539515733718872070e-02
1.323252618312835693e-01 -6.065827794373035431e-03
-3.101152181625366211e-02 4.977806657552719116e-02
3.786034584045410156e-01 -1.719303876161575317e-01
-3.886484503746032715e-01 2.057532370090484619e-01
-3.245298936963081360e-02 -1.918580755591392517e-02
2.472056597471237183e-01 -2.101736366748809814e-01
-5.977079272270202637e-02 -1.376845836639404297e-01
-3.982684761285781860e-02 -6.570397317409515381e-02
3.804071545600891113e-01 -3.213735222816467285e-01
-6.282830238342285156e-02 3.524817228317260742e-01
-3.995453119277954102e-01 1.919635385274887085e-01
-1.351258158683776855e-01 1.242598146200180054e-01
2.909129559993743896e-01 -1.857788264751434326e-01
-1.189232096076011658e-01 1.855989694595336914e-01
-1.900587044656276703e-02 3.791357576847076416e-02
6.777003407478332520e-02 -6.095253862440586090e-03
-3.880437090992927551e-02 -1.240701749920845032e-01
1.000226363539695740e-01 -5.461039394140243530e-02
2.639333605766296387e-01 -2.345790416002273560e-01
4.711180180311203003e-02 -4.605158418416976929e-02
1.827127635478973389e-01 -2.570233643054962158e-01
9.664097428321838379e-02 1.727659814059734344e-02
2.255994454026222229e-02 -1.514152996242046356e-02
1.775664836168289185e-01 -3.286687284708023071e-02
-2.860282957553863525e-01 2.158929407596588135e-01
4.597242474555969238e-01 -4.933054149150848389e-01
7.894261926412582397e-02 -8.575730770826339722e-02
