3.599559888243675232e-02 -8.706719614565372467e-03
-1.002019792795181274e-01 3.624782897531986237e-03
-1.356646716594696045e-01 1.034966036677360535e-01
2.673203945159912109e-01 -8.881016820669174194e-02
1.156438589096069336e-01 -1.360604912042617798e-01
-9.842963516712188721e-02 -1.411155760288238525e-01
2.287596315145492554e-01 -1.759108453989028931e-01
1.344155371189117432e-01 -3.230987191200256348e-01
1.188789904117584229e-01 1.018758304417133331e-02
-3.237032294273376465e-01 2.344574928283691406e-01
-5.047366395592689514e-02 2.610963284969329834e-01
-3.435337841510772705e-01 1.881996542215347290e-01
-6.421358138322830200e-02 -1.544962357729673386e-02
-7.156393676996231079e-02 -2.554630637168884277e-01
-5.443363916128873825e-03 2.731757052242755890e-02
6.945414841175079346e-02 6.052985414862632751e-02
3.247327208518981934e-01 -3.902767598628997803e-01
1.193501278758049011e-01 -1.060625240206718445e-01
-1.135036274790763855e-01 8.200915902853012085e-02
1.292940825223922729e-01 -1.668375134468078613e-01
-9.783873707056045532e-02 3.933682292699813843e-02
1.349055022001266479e-01 -1.552782952785491943e-01
1.990646421909332275e-01 -2.646096348762512207e-01
4.046422895044088364e-03 -9.148770570755004883e-02
-1.692866832017898560e-01 1.258036494255065918e-01
2.189737111330032349e-01 -2.435110956430435181e-01
-5.180479958653450012e-02 5.705086886882781982e-02
-2.720730565488338470e-02 -5.707219988107681274e-02
3.107428364455699921e-02 -1.437821090221405029e-01
-1.094850152730941772e-01 1.043041050434112549e-01
1.274114251136779785e-01 1.801948249340057373e-02
1.538421958684921265e-01 -1.538801789283752441e-01
2.251608520746231079e-01 -2.891997694969177246e-01
3.118573315441608429e-02 -1.292420625686645508e-01
5.598267540335655212e-02 1.171841025352478027e-01
-7.513902336359024048e-02 9.858252853155136108e-02
7.359088957309722900e-02 -1.119173020124435425e-01
1.379159688949584961e-01 -5.398858711123466492e-02
-1.409929394721984863e-01 -8.488505333662033081e-02
3.258466720581054688e-02 8.512595295906066895e-02
2.853997051715850830e-02 -9.394895285367965698e-03
7.634685933589935303e-02 1.257031112909317017e-01
-4.641621708869934082e-01 2.037871927022933960e-01
3.075831383466720581e-02 -1.567775160074234009e-01
-5.419748369604349136e-03 -1.708764284849166870e-01
1.467410176992416382e-01 -1.384394466876983643e-01
1.397520154714584351e-01 -4.570905864238739014e-02
1.191151663661003113e-01 -6.087885797023773193e-02
-2.982880920171737671e-03 4.714128747582435608e-02
-2.506527900695800781e-01 3.165029734373092651e-02
4.072171822190284729e-02 -1.923298463225364685e-02
-6.827191263437271118e-02 2.590092122554779053e-01
-7.662890106439590454e-02 1.546839326620101929e-01
1.356560587882995605e-01 -8.756800740957260132e-02
1.399951726198196411e-01 -7.942792028188705444e-02
-4.007544219493865967e-01 3.416994810104370117e-01
-4.016839712858200073e-02 3.721444308757781982e-02
-8.804336935281753540e-02 -5.505349487066268921e-02
-1.154470536857843399e-02 -1.403432935476303101e-01
5.556124076247215271e-02 -2.411707863211631775e-02
-2.255394905805587769e-01 1.142584756016731262e-01
9.236622601747512817e-02 8.826775103807449341e-02
-2.420804463326931000e-02 1.038643065840005875e-02
5.950615182518959045e-02 -8.075825124979019165e-02
-4.430227279663085938e-01 4.398373067378997803e-01
4.798663407564163208e-02 -1.557586193084716797e-01
2.154683619737625122e-01 -2.549661993980407715e-01
5.419586300849914551e-01 -4.104107320308685303e-01
-3.265088051557540894e-02 -3.567852312698960304e-03
-2.917057573795318604e-01 3.570353090763092041e-01
3.582562208175659180e-01 -6.862311959266662598e-01
2.131620943546295166e-01 -3.720720410346984863e-01
1.268565773963928223e+00 -1.358111858367919922e+00
-5.186253786087036133e-01 5.409703254699707031e-01
-1.959308534860610962e-01 1.753568202257156372e-01
-1.192592501640319824e+00 1.187571287155151367e+00
5.229970440268516541e-02 6.674027070403099060e-03
2.519954144954681396e-01 -2.374165058135986328e-01
3.091180622577667236e-01 -3.238998353481292725e-01
-5.338632464408874512e-01 6.294499635696411133e-01
-5.714282393455505371e-02 6.756971031427383423e-02
-3.079107403755187988e-02 -1.003787573426961899e-02
2.695889770984649658e-01 -1.540704071521759033e-01
5.594155788421630859e-01 -4.356690347194671631e-01
-2.680345475673675537e-01 4.119111895561218262e-01
1.307288706302642822e-01 -1.126764640212059021e-01
2.951966822147369385e-01 -4.049977660179138184e-01
1.079647019505500793e-01 -6.260546296834945679e-02
-1.656397581100463867e-01 1.960620097815990448e-02
5.668339133262634277e-01 -7.050465941429138184e-01
1.809980161488056183e-02 5.924728233367204666e-03
1.181259378790855408e-01 -3.200366199016571045e-01
-4.806490242481231689e-02 3.730319440364837646e-02
-4.362277984619140625e-01 4.076443314552307129e-01
4.038592278957366943e-01 -3.008098900318145752e-01
5.695538967847824097e-02 1.192818135023117065e-01
6.595561653375625610e-02 -1.331549137830734253e-01
-1.372821480035781860e-01 7.994090020656585693e-02
3.739989101886749268e-01 -1.306454390287399292e-01
-4.696430638432502747e-02 1.170584857463836670e-01
-3.876919746398925781e-01 6.991251558065414429e-02
2.005180418491363525e-01 -1.795285940170288086e-01
-2.918487191200256348e-01 2.891493141651153564e-01
-1.512242555618286133e-01 7.904293388128280640e-02
9.246075153350830078e-01 -8.371605277061462402e-01
4.017501175403594971e-01 -4.283621311187744141e-01
-4.275897443294525146e-01 6.182190179824829102e-01
8.270238041877746582e-01 -9.199771881103515625e-01
-1.408257037401199341e-01 -7.038008770905435085e-04
6.606753915548324585e-02 -7.614772021770477295e-02
-1.809240877628326416e-01 3.282310664653778076e-01
-4.055215120315551758e-01 5.571923255920410156e-01
-3.523705899715423584e-01 2.379232645034790039e-01
-1.614919900894165039e-01 2.587337493896484375e-01
4.013197720050811768e-01 -6.085637211799621582e-01
-2.857016921043395996e-01 3.485709428787231445e-01
-2.965025007724761963e-01 2.129850238561630249e-01
2.365205138921737671e-01 -1.024456843733787537e-01
1.139722838997840881e-01 -1.007442623376846313e-01
-3.524792790412902832e-01 6.374628543853759766e-01
1.792289316654205322e-01 7.096908986568450928e-02
-3.370972871780395508e-01 1.969771981239318848e-01
1.750998049974441528e-01 -3.843925893306732178e-01
-1.710139364004135132e-01 1.527440100908279419e-01
6.466873884201049805e-01 -6.966795325279235840e-01
5.700365900993347168e-01 -4.012026190757751465e-01
-2.383897900581359863e-01 8.736725896596908569e-02
-8.128769695758819580e-02 1.686873435974121094e-01
2.982028722763061523e-01 -3.216117918491363525e-01
4.065868258476257324e-01 -4.036273658275604248e-01
5.325797796249389648e-01 -5.014582872390747070e-01
7.024947404861450195e-01 -5.068070888519287109e-01
9.784436970949172974e-02 1.615674421191215515e-02
-2.185770422220230103e-01 1.068127676844596863e-01
-3.298347592353820801e-01 2.901558876037597656e-01
3.600735366344451904e-01 -3.707573711872100830e-01
5.310093164443969727e-01 -4.050977230072021484e-01
1.075349864549934864e-03 5.513209849596023560e-02
3.749689459800720215e-01 -3.241795599460601807e-01
-3.004525005817413330e-01 2.181536257266998291e-01
3.217683136463165283e-01 -2.078323960304260254e-01
-5.358808636665344238e-01 4.090662598609924316e-01
6.927908062934875488e-01 -6.894875168800354004e-01
-4.596102833747863770e-01 3.539976477622985840e-01
-4.880682006478309631e-02 -1.047379747033119202e-01
6.972837448120117188e-01 -7.111916542053222656e-01
-5.761486291885375977e-02 -1.695355474948883057e-01
9.106802940368652344e-02 -4.947076365351676941e-02
1.789169162511825562e-01 -1.570285707712173462e-01
3.514674007892608643e-01 -3.612084686756134033e-01
7.548454403877258301e-01 -7.856768965721130371e-01
-9.635118842124938965e-01 8.886485695838928223e-01
-5.456751957535743713e-02 1.076418906450271606e-01
8.205936104059219360e-02 -1.313992217183113098e-02
-1.039430219680070877e-02 -7.129615545272827148e-02
-5.959233641624450684e-01 5.119623541831970215e-01
5.242386460304260254e-01 -5.037538409233093262e-01
-7.919373512268066406e-01 8.555318117141723633e-01
2.207224443554878235e-02 9.435475803911685944e-03
3.212461471557617188e-01 -2.122974395751953125e-01
6.121714115142822266e-01 -6.879599094390869141e-01
-4.239425063133239746e-02 8.525858074426651001e-02
-5.717371702194213867e-01 5.197096467018127441e-01
-7.231687307357788086e-01 7.896576523780822754e-01
-6.394815444946289062e-02 1.951534599065780640e-01
1.042808517813682556e-01 -7.842529565095901489e-02
-6.618151068687438965e-01 5.740467905998229980e-01
5.356604456901550293e-01 -4.383981525897979736e-01
-4.350739717483520508e-01 6.279690265655517578e-01
-7.556199431419372559e-01 9.462319016456604004e-01
5.527468323707580566e-01 -2.335907667875289917e-01
4.615655168890953064e-02 1.540059298276901245e-01
-2.491956204175949097e-01 3.262421488761901855e-01
3.780153393745422363e-01 -6.140241026878356934e-01
-2.983040511608123779e-01 3.536017835140228271e-01
-2.359730154275894165e-01 1.781712323427200317e-01
-5.242252722382545471e-02 5.029438436031341553e-02
-1.026597544550895691e-01 2.271181195974349976e-01
7.401691079139709473e-01 -6.027078032493591309e-01
1.561693400144577026e-01 6.850863248109817505e-02
-6.180559396743774414e-01 4.476458132266998291e-01
1.004552096128463745e-02 -7.944253273308277130e-03
1.098773479461669922e-01 1.244693621993064880e-01
8.560603857040405273e-02 1.060622259974479675e-01
6.088033914566040039e-01 -4.934031665325164795e-01
-2.050544694066047668e-02 3.466038405895233154e-01
-2.110872864723205566e-01 1.857447177171707153e-01
-1.726840734481811523e-01 3.056092560291290283e-01
2.819428443908691406e-01 -4.811175167560577393e-01
-7.432987689971923828e-01 6.131662130355834961e-01
2.654556930065155029e-01 -5.617169737815856934e-01
5.137409567832946777e-01 -4.316444993019104004e-01
3.714431226253509521e-01 -2.432143390178680420e-01
3.267174065113067627e-01 -1.622176766395568848e-01
1.319616287946701050e-01 -9.235218167304992676e-02
1.427148282527923584e-01 -8.191008865833282471e-02
5.579740926623344421e-02 -1.486643683165311813e-02
-1.348947882652282715e-01 5.350179597735404968e-02
-2.789595127105712891e-01 6.105995923280715942e-02
1.869409345090389252e-02 -1.622130572795867920e-01
-8.124678581953048706e-02 8.469868451356887817e-02
4.396937787532806396e-02 2.497627772390842438e-02
1.628988981246948242e-01 -3.200397193431854248e-01
-3.181732296943664551e-01 2.371747940778732300e-01
4.384469091892242432e-01 -2.317838221788406372e-01
-3.717833012342453003e-02 -4.976335167884826660e-02
2.340671271085739136e-01 -1.852536052465438843e-01
-2.534454762935638428e-01 3.582899570465087891e-01
1.783393323421478271e-02 9.282820671796798706e-02
1.136062070727348328e-01 5.271521583199501038e-02
-1.228041872382164001e-01 4.091669246554374695e-02
-4.988000914454460144e-02 1.254488620907068253e-02
4.563783854246139526e-02 -1.376722007989883423e-01
9.291287511587142944e-03 -1.333656311035156250e-01
4.217499196529388428e-01 -2.795245647430419922e-01
-8.962502330541610718e-02 -1.421445459127426147e-01
-1.981602311134338379e-01 1.732408106327056885e-01
1.140752807259559631e-01 -2.036564350128173828e-01
4.027809500694274902e-01 -2.199976146221160889e-01
-2.844973504543304443e-01 4.045990109443664551e-01
2.727749347686767578e-01 -2.866650521755218506e-01
1.280277371406555176e-01 -1.322778612375259399e-01
1.520363539457321167e-01 6.737045943737030029e-02
1.112907454371452332e-01 6.543695926666259766e-02
3.135493490844964981e-03 1.335652358829975128e-02
2.023832350969314575e-01 7.470462471246719360e-02
-1.075556725263595581e-01 2.184686511754989624e-01
2.452287822961807251e-03 5.578329320996999741e-03
-1.828135699033737183e-01 4.257784411311149597e-02
-3.698017597198486328e-01 4.226284027099609375e-01
-2.992805242538452148e-01 2.375840097665786743e-01
3.204561024904251099e-02 -1.472713947296142578e-01
2.448800653219223022e-01 -3.664099052548408508e-02
7.103545218706130981e-02 8.110493421554565430e-02
-4.482840374112129211e-02 1.319098174571990967e-01
2.682694196701049805e-01 -1.308381557464599609e-01
-4.897445142269134521e-01 6.046334505081176758e-01
6.856804341077804565e-02 -1.635871976613998413e-01
-2.598642706871032715e-01 3.156262636184692383e-01
1.307888608425855637e-02 -2.830808050930500031e-03
-3.693631589412689209e-01 4.097246229648590088e-01
-7.757309079170227051e-02 -1.767909079790115356e-01
1.535639166831970215e-01 -1.349466294050216675e-01
-1.102647259831428528e-01 1.620484888553619385e-01
1.078683584928512573e-01 -1.497579514980316162e-01
-2.328516691923141479e-01 2.470207810401916504e-01
1.050585806369781494e-01 -1.038328781723976135e-01
-5.529453605413436890e-02 -3.211143985390663147e-02
1.934789568185806274e-01 -2.275497466325759888e-01
8.068763464689254761e-02 6.744573265314102173e-02
-5.702072009444236755e-02 -5.654273182153701782e-02
-8.317363262176513672e-02 1.865849345922470093e-01
7.486250251531600952e-02 5.261857993900775909e-03
-1.388377994298934937e-01 1.134498715400695801e-01
1.019844114780426025e-01 -7.871889322996139526e-02
-4.761657863855361938e-02 1.122719645500183105e-01
