-5.734497681260108948e-03 -4.735742136836051941e-02
7.950611412525177002e-02 -2.396441996097564697e-01
-6.046300381422042847e-02 2.578260377049446106e-02
-2.200047858059406281e-02 1.741259098052978516e-01
2.177629321813583374e-01 -7.019583135843276978e-02
-1.143012661486864090e-02 -1.441688090562820435e-01
4.158704280853271484e-01 -4.003108441829681396e-01
-2.111831009387969971e-01 4.487110674381256104e-02
3.900485038757324219e-01 -2.003725320100784302e-01
6.157829985022544861e-02 -1.843381486833095551e-02
2.885350584983825684e-01 -4.406282007694244385e-01
3.011695146560668945e-01 -2.186001092195510864e-01
3.573764488101005554e-02 1.071212813258171082e-01
-1.883490383625030518e-01 2.682980597019195557e-01
4.742771387100219727e-02 -1.415133476257324219e-01
5.655284225940704346e-02 1.367197632789611816e-01
1.354900002479553223e-01 -1.187514513731002808e-01
-4.419785141944885254e-01 5.497097969055175781e-01
1.550965849310159683e-02 -1.792667992413043976e-02
3.203142285346984863e-01 -1.454181969165802002e-01
-3.286162018775939941e-01 3.576214313507080078e-01
9.244991838932037354e-02 -2.216321825981140137e-01
-6.539251208305358887e-01 3.454435765743255615e-01
5.556608363986015320e-02 -9.919765591621398926e-02
-1.635178476572036743e-01 8.634009957313537598e-02
-8.392874733544886112e-04 1.545511633157730103e-01
-1.711566150188446045e-01 1.462293863296508789e-01
-2.490830719470977783e-01 2.124436944723129272e-01
6.392085552215576172e-02 4.855651780962944031e-02
2.815302908420562744e-01 -3.294458389282226562e-01
1.420806199312210083e-01 1.243965253233909607e-01
2.681339532136917114e-02 2.143531292676925659e-01
-1.431631017476320267e-02 3.702437877655029297e-02
-1.338724941015243530e-01 1.370251774787902832e-01
3.429599702358245850e-01 -4.323855042457580566e-01
1.921714656054973602e-02 -2.891572006046772003e-02
3.916897773742675781e-01 -4.432263076305389404e-01
-5.470389500260353088e-02 9.869856387376785278e-02
2.402410209178924561e-01 -3.102418221533298492e-02
1.254348009824752808e-01 -4.587022215127944946e-02
6.038730591535568237e-02 9.572086483240127563e-02
-8.849880844354629517e-02 1.852282434701919556e-01
1.894132941961288452e-01 1.585513651371002197e-01
1.290232241153717041e-01 -1.961628198623657227e-01
1.501083374023437500e-01 1.224796622991561890e-01
3.259454965591430664e-01 -1.098777726292610168e-01
-2.041250467300415039e-01 1.236337125301361084e-01
8.624839037656784058e-02 -2.043144032359123230e-02
-5.372713208198547363e-01 3.884477019309997559e-01
5.450842157006263733e-02 -1.869971752166748047e-01
1.533883959054946899e-01 -5.056976154446601868e-02
6.890635192394256592e-02 -8.603477478027343750e-02
-3.392078578472137451e-01 4.569646418094635010e-01
-1.146588772535324097e-01 3.227418363094329834e-01
-9.897998720407485962e-02 1.287815719842910767e-01
-8.185899257659912109e-02 1.926966160535812378e-01
4.037056863307952881e-02 -1.332952827215194702e-01
-6.167462095618247986e-02 1.561092436313629150e-01
-5.645833015441894531e-01 5.591800808906555176e-01
-7.025987654924392700e-02 2.113921791315078735e-01
-5.435582399368286133e-01 5.596311688423156738e-01
2.773963510990142822e-01 -3.116979636251926422e-02
5.498379468917846680e-01 -5.759257674217224121e-01
-2.672882676124572754e-01 2.615740895271301270e-01
3.113110922276973724e-02 2.927016094326972961e-02
-1.878754496574401855e-01 1.499391645193099976e-01
2.301844656467437744e-01 -5.451217889785766602e-01
-2.001845836639404297e-02 5.159106105566024780e-02
5.153819322586059570e-01 -2.749134004116058350e-01
2.890004217624664307e-01 -4.399341046810150146e-01
4.551028609275817871e-01 -4.767996966838836670e-01
9.109572321176528931e-02 -2.746844887733459473e-01
7.805882394313812256e-02 -1.128010451793670654e-02
3.578779846429824829e-02 1.737466752529144287e-01
-1.547075062990188599e-01 3.099382817745208740e-01
5.073691606521606445e-01 -6.804121732711791992e-01
-1.907920241355895996e-01 3.674877583980560303e-01
6.697369217872619629e-01 -5.894409418106079102e-01
-5.526794791221618652e-01 7.175432443618774414e-01
1.241931915283203125e-01 -6.610308587551116943e-02
-2.682941555976867676e-01 4.041291773319244385e-01
-1.022505164146423340e-01 2.141412198543548584e-01
-1.082523688673973083e-01 -4.523510858416557312e-02
4.376758635044097900e-01 -5.757377147674560547e-01
-5.112686157226562500e-01 4.564634263515472412e-01
3.475647866725921631e-01 -5.241968631744384766e-01
-9.730922579765319824e-01 7.786732912063598633e-01
-9.106249199248850346e-04 -2.249505519866943359e-01
-4.892212748527526855e-01 7.490848302841186523e-01
-1.029303669929504395e-01 -2.802889421582221985e-02
-6.707395315170288086e-01 3.878411650657653809e-01
-9.357395768165588379e-02 1.861196011304855347e-01
-1.389123946428298950e-01 -1.239947788417339325e-02
1.601190119981765747e-01 -1.380672156810760498e-01
-4.032321739941835403e-03 1.470716595649719238e-01
-2.937910854816436768e-01 4.760187268257141113e-01
-6.622272133827209473e-01 6.104673743247985840e-01
-6.555666923522949219e-01 5.733804106712341309e-01
1.304923892021179199e-01 -2.874106466770172119e-01
4.702445566654205322e-01 -5.188198089599609375e-01
-2.854212820529937744e-01 1.736453622579574585e-01
-1.170968264341354370e-02 3.956770524382591248e-02
2.420472502708435059e-01 -1.954273581504821777e-01
8.647467941045761108e-02 -2.024591155350208282e-02
-8.195961266756057739e-02 1.140491738915443420e-01
2.755102813243865967e-01 -1.849987059831619263e-01
-3.030907511711120605e-01 4.357549846172332764e-01
1.240345835685729980e-01 -2.252897322177886963e-01
-1.075325999408960342e-02 7.441303133964538574e-02
7.822348922491073608e-02 -1.623166054487228394e-01
-1.339180320501327515e-01 6.683517247438430786e-03
-9.051415324211120605e-02 -1.761620193719863892e-01
-2.943178415298461914e-01 2.159179747104644775e-01
8.425838947296142578e-01 -6.176496148109436035e-01
3.237089812755584717e-01 -3.450981080532073975e-01
-7.604275643825531006e-02 3.957486711442470551e-03
4.312780797481536865e-01 -6.563180685043334961e-01
5.595917105674743652e-01 -4.477677643299102783e-01
-1.599840968847274780e-01 -1.115832403302192688e-01
1.853833645582199097e-01 -4.877647757530212402e-02
-1.626046560704708099e-02 7.216540724039077759e-02
-5.147607922554016113e-01 6.468611359596252441e-01
-3.016725182533264160e-01 4.426456093788146973e-01
-1.476491597713902593e-04 3.934948146343231201e-02
-5.250249505043029785e-01 6.624200344085693359e-01
3.707352876663208008e-01 -5.421360731124877930e-01
4.180644154548645020e-01 -5.938771367073059082e-01
4.342495799064636230e-01 -2.682992517948150635e-01
4.345927834510803223e-01 -3.997893929481506348e-01
-2.124846875667572021e-01 2.050639092922210693e-01
-4.432682394981384277e-01 3.893999457359313965e-01
1.602779030799865723e-01 -3.851118683815002441e-01
-4.237628355622291565e-02 1.415109485387802124e-01
2.701778411865234375e-01 -1.916862726211547852e-01
5.585305690765380859e-01 -6.257128715515136719e-01
2.411331683397293091e-01 -3.252504169940948486e-01
-6.116135716438293457e-01 6.492056250572204590e-01
2.450758367776870728e-01 -1.278305202722549438e-01
1.455791946500539780e-02 -1.971262879669666290e-02
2.400967925786972046e-01 -1.429727673530578613e-01
-2.990186810493469238e-01 2.252260297536849976e-01
6.639381051063537598e-01 -6.681271195411682129e-01
4.307778775691986084e-01 -3.063456118106842041e-01
-4.363212883472442627e-01 3.397168517112731934e-01
-5.543885827064514160e-01 2.669430971145629883e-01
1.489485502243041992e-01 -2.093625515699386597e-01
-1.537488102912902832e-01 -3.715246543288230896e-02
-8.757325261831283569e-02 2.647951841354370117e-01
-3.609555661678314209e-01 3.434704840183258057e-01
-4.154539406299591064e-01 3.209903836250305176e-01
-7.890422940254211426e-01 6.669653058052062988e-01
2.694555222988128662e-01 -1.683786809444427490e-01
-5.729799270629882812e-01 5.169921517372131348e-01
-2.836456894874572754e-01 6.498513817787170410e-01
-2.086792737245559692e-01 2.323495745658874512e-01
1.305420845746994019e-01 -1.451639533042907715e-01
-3.420071899890899658e-01 2.639831602573394775e-01
3.552923500537872314e-01 -3.836133480072021484e-01
-5.732921361923217773e-01 5.722910761833190918e-01
-2.316399365663528442e-01 3.777664005756378174e-01
-6.644108891487121582e-02 1.256504934281110764e-02
-4.708527028560638428e-01 5.227156877517700195e-01
1.531369239091873169e-01 -3.432042300701141357e-01
3.499525487422943115e-01 -5.826535820960998535e-01
-3.500948846340179443e-01 3.839993774890899658e-01
-2.037690579891204834e-01 1.570959836244583130e-01
2.947089374065399170e-01 -3.663668334484100342e-01
6.494929790496826172e-01 -4.651170074939727783e-01
-2.112788856029510498e-01 1.827407032251358032e-01
7.913323044776916504e-01 -7.635146975517272949e-01
2.066148668527603149e-01 -3.932253718376159668e-01
3.303561508655548096e-01 -3.419486284255981445e-01
-1.143996790051460266e-01 -1.309321727603673935e-02
4.760408103466033936e-01 -3.653630614280700684e-01
9.385062456130981445e-01 -8.896811008453369141e-01
1.397692877799272537e-02 -2.494485229253768921e-01
-1.496248096227645874e-01 1.975930482149124146e-01
6.979092359542846680e-01 -6.081373095512390137e-01
7.463494539260864258e-01 -7.310488820075988770e-01
1.671910844743251801e-02 4.649321362376213074e-02
5.561344027519226074e-01 -6.005955338478088379e-01
6.801953315734863281e-01 -5.105378627777099609e-01
5.878381729125976562e-01 -5.821223258972167969e-01
2.124563157558441162e-01 -1.094673797488212585e-01
-5.647158026695251465e-01 3.965302705764770508e-01
-4.057104587554931641e-01 5.628377795219421387e-01
2.542777955532073975e-01 -2.802116572856903076e-01
5.608747601509094238e-01 -3.535885214805603027e-01
-7.905736565589904785e-01 6.811371445655822754e-01
1.837070286273956299e-01 -2.094472795724868774e-01
4.130961298942565918e-01 -2.298524528741836548e-01
3.401793241500854492e-01 -2.673975825309753418e-01
-2.227070275694131851e-03 -1.101856604218482971e-01
-3.583287820219993591e-02 1.113464217633008957e-02
-1.093927621841430664e-01 2.076626867055892944e-01
-2.200853638350963593e-02 3.206856176257133484e-02
1.441410183906555176e-02 -1.058913618326187134e-01
1.288671642541885376e-01 -5.499823018908500671e-02
-5.263636354357004166e-03 -4.629454389214515686e-02
1.339855790138244629e-01 -3.750868514180183411e-02
-1.967979520559310913e-01 1.047826930880546570e-01
2.383532933890819550e-03 5.541678890585899353e-02
-2.125405520200729370e-02 -2.172373048961162567e-02
1.249369233846664429e-01 -2.974220216274261475e-01
9.163228422403335571e-02 3.558925539255142212e-02
5.569849535822868347e-02 -8.380269259214401245e-02
2.757628262042999268e-01 -3.480203151702880859e-01
-1.943817138671875000e-01 2.272611707448959351e-01
-1.018312498927116394e-01 2.513091452419757843e-02
-3.589319065213203430e-02 -2.316043153405189514e-02
1.391430646181106567e-01 1.932339509949088097e-03
2.107354551553726196e-01 -3.132301270961761475e-01
-2.305921465158462524e-01 5.714420601725578308e-02
1.879331469535827637e-01 -7.927296683192253113e-03
-4.032106697559356689e-01 2.809685766696929932e-01
-2.228514552116394043e-01 2.379166148602962494e-02
-3.254162967205047607e-01 3.732652664184570312e-01
1.663005948066711426e-01 -1.506036818027496338e-01
-3.016644120216369629e-01 3.475971221923828125e-01
3.051439821720123291e-01 -1.028574258089065552e-01
-2.598530650138854980e-01 1.130557432770729065e-01
2.596939802169799805e-01 -4.165366590023040771e-01
-1.614632308483123779e-01 -1.011874619871377945e-02
-1.261245310306549072e-01 2.515176236629486084e-01
3.542877733707427979e-01 -1.003754287958145142e-01
1.114186793565750122e-01 -2.315012812614440918e-01
2.814040184020996094e-01 -3.605665564537048340e-01
-2.899679243564605713e-01 1.468936502933502197e-01
-1.529459804296493530e-01 3.536339104175567627e-01
1.814963519573211670e-01 -1.351444125175476074e-01
-2.758108079433441162e-01 1.947182118892669678e-01
3.988239467144012451e-01 -2.800050675868988037e-01
3.075585141777992249e-02 -1.985637396574020386e-01
-2.618964612483978271e-01 3.669489175081253052e-02
5.312933921813964844e-01 -4.463852643966674805e-01
3.196263685822486877e-02 8.376620709896087646e-02
-2.111769616603851318e-01 1.344159096479415894e-01
3.638117313385009766e-01 -1.040178313851356506e-01
1.460177898406982422e-01 -1.353411376476287842e-01
1.181748211383819580e-01 -1.361168324947357178e-01
-1.454026997089385986e-01 5.647236108779907227e-02
4.451425075531005859e-01 -3.401751518249511719e-01
-5.191631615161895752e-02 -1.314826607704162598e-01
-8.478379249572753906e-02 1.577013581991195679e-01
1.054676622152328491e-01 -1.933699287474155426e-02
1.612955629825592041e-01 -2.054066061973571777e-01
-4.925807472318410873e-03 6.822639144957065582e-03
-3.600875139236450195e-01 3.230851292610168457e-01
-5.415758863091468811e-02 2.629401907324790955e-02
1.765280216932296753e-01 5.879580229520797729e-02
-5.200834199786186218e-02 1.992252022027969360e-01
7.990585267543792725e-02 9.189264476299285889e-02
1.708329468965530396e-01 1.822509802877902985e-02
1.834796965122222900e-01 -3.514834642410278320e-01
-6.210282817482948303e-02 1.173525862395763397e-02
2.985827438533306122e-02 8.792405575513839722e-02
