2.991472184658050537e-01 -1.102621853351593018e-01
5.888816118240356445e-01 -4.165039956569671631e-01
3.480647802352905273e-01 -3.266434371471405029e-01
1.365466266870498657e-01 2.636555023491382599e-02
3.645173832774162292e-02 -1.070392280817031860e-01
-7.464674860239028931e-02 2.298962883651256561e-02
-3.011696934700012207e-01 5.024923086166381836e-01
-1.148417033255100250e-02 1.480370014905929565e-01
-6.302601099014282227e-02 7.766202837228775024e-02
-2.640466094017028809e-01 2.195912748575210571e-01
-1.861947588622570038e-02 1.736572682857513428e-01
2.102941088378429413e-02 -1.896163076162338257e-01
-2.965025603771209717e-02 -4.426609352231025696e-02
3.855088949203491211e-01 -3.574802577495574951e-01
1.375995576381683350e-01 -2.870528399944305420e-01
4.557997360825538635e-02 -2.517031431198120117e-01
1.716622561216354370e-01 -1.665555685758590698e-01
-4.173746332526206970e-02 2.477203607559204102e-01
8.635316044092178345e-02 -1.987116038799285889e-01
-2.062684111297130585e-02 1.593747735023498535e-01
-1.518392711877822876e-01 1.942665688693523407e-02
1.465784758329391479e-01 -2.026784867048263550e-01
-1.961730271577835083e-01 1.357031315565109253e-01
1.238911449909210205e-01 -1.351652294397354126e-01
-4.233986604958772659e-03 1.785715296864509583e-02
-8.175282180309295654e-02 2.647976279258728027e-01
2.503271400928497314e-01 -2.056272625923156738e-01
-2.010463029146194458e-01 1.437575817108154297e-01
-4.308145120739936829e-02 -1.031571477651596069e-01
1.785982400178909302e-01 -6.873094290494918823e-02
2.899638377130031586e-02 -3.827713802456855774e-02
1.653909832239151001e-01 -1.022233366966247559e-01
1.952341496944427490e-01 -3.571455925703048706e-02
-2.550404891371726990e-02 -2.381834946572780609e-02
3.138313814997673035e-02 5.954127386212348938e-02
1.448623538017272949e-01 1.615034192800521851e-01
-8.362638950347900391e-02 5.381996929645538330e-02
-6.455159932374954224e-02 1.119725853204727173e-01
-7.573734223842620850e-02 8.968733996152877808e-02
-4.913384616374969482e-01 4.130717813968658447e-01
-5.259029567241668701e-02 -6.046994403004646301e-02
3.131307065486907959e-01 -3.845021426677703857e-01
3.917551040649414062e-01 -2.806124091148376465e-01
-2.180182784795761108e-01 2.651129066944122314e-01
1.853727698326110840e-01 -1.727794557809829712e-01
6.843866314738988876e-03 1.514199674129486084e-01
2.713502645492553711e-01 -5.334764346480369568e-02
-9.960545599460601807e-02 -1.429374814033508301e-01
4.226063564419746399e-02 -1.300159692764282227e-01
-2.445628196001052856e-01 2.684300839900970459e-01
-7.558522373437881470e-02 -1.630520261824131012e-02
-1.486048102378845215e-01 1.435579061508178711e-01
-3.453065752983093262e-01 4.335051774978637695e-01
1.061072722077369690e-01 1.475470792502164841e-02
-3.021587617695331573e-02 -1.808042638003826141e-03
6.837917119264602661e-02 2.581133879721164703e-02
2.810221537947654724e-02 -6.949229538440704346e-02
1.155286356806755066e-01 9.129703789949417114e-02
-1.986485421657562256e-01 1.067815497517585754e-01
-5.257090553641319275e-02 3.111317008733749390e-02
-2.272539585828781128e-01 2.638654112815856934e-01
-7.902190834283828735e-02 2.260372191667556763e-01
2.397812753915786743e-01 -2.420069277286529541e-01
1.654435247182846069e-01 -1.430750489234924316e-01
-2.024235427379608154e-01 6.691238284111022949e-02
7.684031128883361816e-01 -8.813231587409973145e-01
7.976389527320861816e-01 -5.658538341522216797e-01
1.408247798681259155e-01 -1.456439346075057983e-01
-1.333174705505371094e-01 2.213473469018936157e-01
3.436189591884613037e-01 -1.306848376989364624e-01
-8.182511329650878906e-01 7.712647318840026855e-01
8.307881653308868408e-02 2.104104682803153992e-02
4.939811304211616516e-02 6.243964284658432007e-02
-3.495372831821441650e-02 1.138843446969985962e-01
-4.494285583496093750e-01 4.454171657562255859e-01
1.842549890279769897e-01 -1.334903389215469360e-01
-3.803738057613372803e-01 3.428701460361480713e-01
3.266773819923400879e-01 -3.164649307727813721e-01
4.582615494728088379e-01 -2.766172289848327637e-01
7.927891612052917480e-02 -1.332911401987075806e-01
3.438994586467742920e-01 -1.919109076261520386e-01
-3.632726669311523438e-01 3.182179331779479980e-01
4.775905609130859375e-01 -6.308754086494445801e-01
-1.367309689521789551e-01 2.120248377323150635e-01
2.058580815792083740e-01 -1.919018179178237915e-01
-1.221766173839569092e-01 3.249168023467063904e-02
4.093335196375846863e-02 1.705336757004261017e-02
6.554881483316421509e-02 -1.311292797327041626e-01
8.541305549442768097e-03 5.854579806327819824e-02
-9.554988890886306763e-02 -1.098165288567543030e-01
3.034000694751739502e-01 -2.566506266593933105e-01
-1.497116237878799438e-01 2.357852011919021606e-01
-1.531473249197006226e-01 2.583312690258026123e-01
6.177561357617378235e-02 -1.599189937114715576e-01
1.123138219118118286e-01 -2.115726470947265625e-01
1.956141591072082520e-01 3.326958417892456055e-02
-5.306591093540191650e-02 3.709405288100242615e-02
1.192010641098022461e-01 -1.290116012096405029e-01
-9.826283901929855347e-02 1.462459862232208252e-01
-2.609617710113525391e-01 1.073295846581459045e-01
3.340458869934082031e-01 -9.750602394342422485e-02
-1.050911247730255127e-01 2.634551934897899628e-02
6.360455602407455444e-02 -5.995471775531768799e-02
-3.356628119945526123e-01 2.988024652004241943e-01
7.055740803480148315e-02 -1.121042445302009583e-01
4.363054633140563965e-01 -2.833005785942077637e-01
1.714708507061004639e-01 -2.165960222482681274e-01
-8.070021867752075195e-02 2.223671972751617432e-01
-1.659277677536010742e-01 1.272846013307571411e-01
-6.154744327068328857e-02 1.247167810797691345e-01
4.401731789112091064e-01 -4.050944149494171143e-01
-1.835913509130477905e-01 1.679983586072921753e-01
1.146747097373008728e-01 -1.963952034711837769e-01
-3.520784676074981689e-01 5.098230242729187012e-01
1.114887893199920654e-01 8.820053935050964355e-02
-3.774687945842742920e-01 2.719105184078216553e-01
-4.920412898063659668e-01 5.075614452362060547e-01
4.294200837612152100e-01 -2.815934717655181885e-01
-3.603520691394805908e-01 2.825895249843597412e-01
2.146943360567092896e-01 -1.556790173053741455e-01
-4.273476824164390564e-02 -8.062916249036788940e-02
-1.813400834798812866e-01 2.046289891004562378e-01
-3.534228503704071045e-01 3.214815855026245117e-01
-2.557745873928070068e-01 1.321479231119155884e-01
-8.273469805717468262e-01 8.476705551147460938e-01
-3.233972787857055664e-01 5.046582818031311035e-01
-9.215475618839263916e-02 1.699899882078170776e-01
-6.089074015617370605e-01 5.136969089508056641e-01
8.219299465417861938e-02 3.426413238048553467e-02
5.660948753356933594e-01 -5.240389704704284668e-01
7.226133346557617188e-02 -9.628517180681228638e-02
-6.492362171411514282e-02 -5.217017605900764465e-02
2.063674628734588623e-01 3.066035732626914978e-02
-9.187288582324981689e-02 6.087110936641693115e-02
-7.744907736778259277e-01 1.024660348892211914e+00
-8.360017836093902588e-02 1.277108341455459595e-01
2.027284950017929077e-01 -3.312329649925231934e-01
3.833026885986328125e-01 -4.205683767795562744e-01
3.353859484195709229e-01 -1.242385730147361755e-01
-1.638289541006088257e-01 3.992374241352081299e-01
-8.992473483085632324e-01 9.119675159454345703e-01
6.697815656661987305e-01 -6.366342306137084961e-01
-2.176042646169662476e-01 3.200913965702056885e-01
-1.744706630706787109e-01 1.076715439558029175e-01
2.278713583946228027e-01 -2.921841144561767578e-01
-5.444816946983337402e-01 4.186273515224456787e-01
8.325505256652832031e-01 -7.182371020317077637e-01
3.126932680606842041e-02 9.722546674311161041e-03
4.357734918594360352e-01 -5.546647906303405762e-01
-8.992356657981872559e-01 8.554942011833190918e-01
4.621245265007019043e-01 -4.755869507789611816e-01
4.566328227519989014e-01 -5.989257097244262695e-01
4.444196224212646484e-01 -4.032026529312133789e-01
-4.668047428131103516e-01 5.116766095161437988e-01
-6.091794967651367188e-01 5.426777601242065430e-01
-4.309732466936111450e-02 4.155891016125679016e-02
-8.066668510437011719e-01 8.223550319671630859e-01
9.321705698966979980e-01 -7.459075450897216797e-01
-1.822178661823272705e-01 -6.815320253372192383e-02
-1.650533080101013184e-02 -9.430414438247680664e-02
7.581561803817749023e-03 -4.501203820109367371e-02
8.333926200866699219e-01 -6.641103029251098633e-01
-9.287492185831069946e-02 2.867526412010192871e-01
-7.046326398849487305e-01 9.076111316680908203e-01
1.600501239299774170e-01 -3.205855488777160645e-01
-2.535768747329711914e-01 4.041171371936798096e-01
-3.688431680202484131e-01 4.353392422199249268e-01
-2.507890164852142334e-01 3.383213877677917480e-01
3.582792356610298157e-02 8.047606050968170166e-02
-3.347376361489295959e-02 -1.351739466190338135e-01
3.140005171298980713e-01 -3.402902483940124512e-01
-7.221189141273498535e-01 8.281960487365722656e-01
9.011854976415634155e-02 -1.033707782626152039e-01
-2.886202931404113770e-01 1.425385624170303345e-01
-1.029141992330551147e-01 2.340536415576934814e-01
6.688306927680969238e-01 -5.244988799095153809e-01
2.785876393318176270e-01 -1.139203310012817383e-01
-1.467777788639068604e-01 8.678284287452697754e-02
-3.399116098880767822e-01 4.219230115413665771e-01
4.850108623504638672e-01 -6.739052534103393555e-01
-3.400150835514068604e-01 2.311759889125823975e-01
6.600272655487060547e-01 -6.809979081153869629e-01
-3.863405808806419373e-02 -4.748695716261863708e-02
-2.463972866535186768e-01 1.878940612077713013e-01
-1.230520382523536682e-01 1.655040681362152100e-01
-1.189170360565185547e+00 1.263851046562194824e+00
3.193629682064056396e-01 -1.787129938602447510e-01
5.335744023323059082e-01 -6.932755708694458008e-01
-4.550464153289794922e-01 3.090406060218811035e-01
3.275343477725982666e-01 -3.897024393081665039e-01
-2.931853570044040680e-02 4.234173148870468140e-02
8.190135359764099121e-01 -9.017229676246643066e-01
-2.573490515351295471e-02 -9.551923722028732300e-02
-1.356488615274429321e-01 -7.412680983543395996e-02
7.908497354947030544e-04 -5.407462641596794128e-02
1.109398156404495239e-01 -2.070691287517547607e-01
-1.456211805343627930e-01 -1.998497247695922852e-01
-3.464210033416748047e-01 3.786448836326599121e-01
-2.663710117340087891e-01 2.212568521499633789e-01
-2.495422661304473877e-01 1.735022515058517456e-01
3.368631005287170410e-01 -1.896211057901382446e-01
2.004968225955963135e-01 -2.021096944808959961e-01
1.891177296638488770e-01 -5.611153692007064819e-02
-2.597104907035827637e-01 2.374356538057327271e-01
-5.045107007026672363e-01 5.898532271385192871e-01
2.784748971462249756e-01 -3.890505731105804443e-01
-3.593434765934944153e-02 8.058066666126251221e-02
1.071751862764358521e-01 -2.000111490488052368e-01
1.770968586206436157e-01 -3.290758430957794189e-01
-4.261618852615356445e-01 5.457185506820678711e-01
2.426117509603500366e-01 -2.499680370092391968e-01
-8.288958668708801270e-02 -5.198017507791519165e-02
2.501487433910369873e-01 -2.424576729536056519e-01
-3.593952357769012451e-01 3.744116425514221191e-01
1.047324091196060181e-01 -2.234402447938919067e-01
3.957937657833099365e-01 -2.110295295715332031e-01
1.854717433452606201e-01 -3.003618717193603516e-01
1.647554188966751099e-01 -2.807760844007134438e-03
-2.514491081237792969e-01 2.315475344657897949e-01
7.755214348435401917e-03 9.699585288763046265e-02
-3.522134721279144287e-01 3.520425260066986084e-01
4.767710566520690918e-01 -2.724001407623291016e-01
2.140977233648300171e-01 -3.312769830226898193e-01
1.698531657457351685e-01 2.449986524879932404e-02
-5.037567764520645142e-02 -7.724694907665252686e-02
5.378006398677825928e-02 -2.087883204221725464e-01
-3.142052590847015381e-01 3.122179806232452393e-01
-3.353481292724609375e-01 4.638527333736419678e-01
-4.855882748961448669e-02 3.344647586345672607e-02
-1.527208238840103149e-01 1.359262764453887939e-01
-4.429553449153900146e-02 8.755777776241302490e-02
1.711602322757244110e-02 2.968697436153888702e-02
1.794666945934295654e-01 -6.659609079360961914e-02
1.175484135746955872e-01 -1.467045247554779053e-01
9.576592594385147095e-02 -1.709173321723937988e-01
-4.573107063770294189e-01 4.278376698493957520e-01
3.969427943229675293e-01 -3.402943313121795654e-01
-3.330756425857543945e-01 3.078879117965698242e-01
3.830225765705108643e-02 -3.386706858873367310e-02
3.426001220941543579e-02 -1.943757832050323486e-01
4.600641727447509766e-01 -2.410388588905334473e-01
1.317975372076034546e-01 1.277420669794082642e-02
-1.454511731863021851e-01 3.510035201907157898e-02
2.214771658182144165e-01 -2.828696966171264648e-01
9.191139042377471924e-02 1.078373715281486511e-01
3.673674464225769043e-01 -2.165447026491165161e-01
-1.084780618548393250e-01 -3.744088113307952881e-02
-3.910559713840484619e-01 4.618017673492431641e-01
9.542712569236755371e-02 3.386510908603668213e-02
-4.632529616355895996e-01 6.198703050613403320e-01
3.814105689525604248e-01 -5.576153397560119629e-01
3.219841718673706055e-01 -3.778384327888488770e-01
-2.856220304965972900e-01 3.163085281848907471e-01
-2.537692785263061523e-01 3.527314364910125732e-01
-7.688654214143753052e-02 -9.905768930912017822e-02
5.461438298225402832e-01 -4.794428050518035889e-01
