5.949240550398826599e-02 -1.542469114065170288e-01
-8.514442294836044312e-02 1.889580041170120239e-01
1.574106663465499878e-01 -2.313993722200393677e-01
7.429584115743637085e-02 -3.308400511741638184e-02
6.979582458734512329e-02 -9.993195533752441406e-02
-1.070173010230064392e-01 1.824977099895477295e-01
6.274716556072235107e-02 -3.667110577225685120e-02
-2.368070781230926514e-01 1.810872703790664673e-01
8.408856391906738281e-02 -9.502438455820083618e-02
8.369510062038898468e-03 -1.064665913581848145e-01
-1.203512921929359436e-01 1.834399551153182983e-01
2.494747340679168701e-01 -1.559043824672698975e-01
-2.265792191028594971e-01 2.533995807170867920e-01
-2.651140093803405762e-01 3.621291518211364746e-01
-2.082919627428054810e-01 4.282958433032035828e-02
-9.285273402929306030e-02 5.868430435657501221e-02
-3.822034895420074463e-01 4.066943526268005371e-01
-2.058705538511276245e-01 3.602605760097503662e-01
-9.004645049571990967e-02 1.375721395015716553e-01
3.691847622394561768e-02 8.323772251605987549e-02
3.093487024307250977e-01 -3.668172657489776611e-01
-9.152475744485855103e-02 1.790967024862766266e-02
2.937287688255310059e-01 -1.975806802511215210e-01
-2.916595041751861572e-01 2.835044264793395996e-01
1.507665589451789856e-02 2.676680386066436768e-01
-6.299906224012374878e-02 9.705601632595062256e-02
-1.886729449033737183e-01 2.420191019773483276e-01
-2.831816487014293671e-02 2.313498109579086304e-01
3.792772814631462097e-02 -2.474357783794403076e-01
-9.380164742469787598e-02 2.168866544961929321e-01
7.324173301458358765e-02 -1.238959580659866333e-01
-4.524294286966323853e-02 2.835966879501938820e-03
1.651598960161209106e-01 1.249071881175041199e-01
-1.060591414570808411e-01 1.987532377243041992e-01
-6.675362586975097656e-02 1.351816058158874512e-01
-2.170590311288833618e-01 8.870993554592132568e-02
-2.493142038583755493e-01 3.639083802700042725e-01
-1.286042034626007080e-01 -1.949065029621124268e-01
-1.244461983442306519e-01 -2.149607241153717041e-02
-2.854278683662414551e-01 1.816147416830062866e-01
-3.506174385547637939e-01 2.284994572401046753e-01
-3.909341990947723389e-01 4.877763390541076660e-01
3.729327917098999023e-01 -3.637888729572296143e-01
-2.314414680004119873e-01 2.549228072166442871e-01
-1.078551560640335083e-01 1.819712370634078979e-01
1.186310797929763794e-01 -1.101962253451347351e-01
1.320875138044357300e-01 -1.765085756778717041e-01
9.818031638860702515e-02 -7.224324345588684082e-02
1.612289696931838989e-01 -1.168238371610641479e-01
-9.601435065269470215e-02 -1.804424636065959930e-02
8.815724402666091919e-02 -5.731099471449851990e-02
-5.906207486987113953e-02 2.093737274408340454e-01
-3.741107285022735596e-01 1.079378277063369751e-01
-1.769773215055465698e-01 2.512144446372985840e-01
1.372758448123931885e-01 -2.023202478885650635e-01
1.957205235958099365e-01 -1.467223167419433594e-01
2.789382338523864746e-01 -3.646491467952728271e-01
8.799134194850921631e-02 1.670491248369216919e-01
1.781403571367263794e-01 2.136963978409767151e-02
-9.316305816173553467e-02 -1.120549887418746948e-01
-2.005308419466018677e-01 -1.326589193195104599e-02
2.005617469549179077e-01 2.309002447873353958e-03
-3.136844560503959656e-02 -1.414951961487531662e-02
1.032320130616426468e-02 -3.075010515749454498e-02
4.183237254619598389e-01 -4.115901291370391846e-01
-1.977219618856906891e-02 -1.550448220223188400e-02
1.207957938313484192e-01 -8.958157151937484741e-02
1.396332234144210815e-01 -3.644801974296569824e-01
1.596851497888565063e-01 1.538451910018920898e-01
4.467427730560302734e-02 7.095139473676681519e-02
-4.619691520929336548e-02 7.302258908748626709e-02
-1.607111990451812744e-01 3.133659660816192627e-01
6.903123855590820312e-02 -1.285207457840442657e-02
-2.148880511522293091e-01 3.091013133525848389e-01
-3.300097286701202393e-01 1.756091117858886719e-01
6.779454946517944336e-01 -6.151761412620544434e-01
-4.362625777721405029e-01 3.359806835651397705e-01
-5.928916931152343750e-01 5.285903811454772949e-01
-1.874685287475585938e-02 6.900366395711898804e-02
1.474998146295547485e-01 -1.538717895746231079e-01
-6.651670932769775391e-01 6.441577076911926270e-01
-5.890598893165588379e-01 4.290086328983306885e-01
-4.818109273910522461e-01 3.057070374488830566e-01
-2.464672625064849854e-01 2.364328354597091675e-01
3.502576649188995361e-01 -4.612212479114532471e-01
5.619785785675048828e-01 -3.907315135002136230e-01
2.413675747811794281e-02 -9.247037023305892944e-02
4.083474352955818176e-02 -8.310078829526901245e-02
5.496812984347343445e-02 -2.194262444972991943e-01
-1.773652285337448120e-01 1.730887591838836670e-01
1.005732826888561249e-02 -9.383805841207504272e-02
5.651481077075004578e-02 2.811774425208568573e-02
6.261964887380599976e-02 7.337275892496109009e-02
2.332434058189392090e-02 7.122176140546798706e-02
1.119171902537345886e-01 1.902845054864883423e-01
1.482342034578323364e-01 -1.193577572703361511e-01
2.672879993915557861e-01 -2.117457836866378784e-01
-7.054771780967712402e-01 7.851006984710693359e-01
-4.135749638080596924e-01 4.849196672439575195e-01
-2.344922274351119995e-01 4.671826958656311035e-01
-6.060906648635864258e-01 5.560504198074340820e-01
-2.229574918746948242e-01 -2.804408781230449677e-02
-2.663903832435607910e-01 2.779644131660461426e-01
-2.953186035156250000e-01 2.868959009647369385e-01
-4.589304924011230469e-01 3.090054094791412354e-01
-8.030349016189575195e-01 7.241494059562683105e-01
8.124381899833679199e-01 -9.566332101821899414e-01
-8.452445864677429199e-01 1.023672342300415039e+00
-1.220461279153823853e-01 1.258926838636398315e-02
1.722282916307449341e-01 -3.113397061824798584e-01
4.766354858875274658e-01 -3.632188141345977783e-01
1.973122209310531616e-01 -1.554395705461502075e-01
2.430735379457473755e-01 1.630837656557559967e-02
-3.103251159191131592e-01 3.518884479999542236e-01
2.371186167001724243e-01 -1.307307779788970947e-01
3.001897037029266357e-01 -2.133434563875198364e-01
2.114250659942626953e-01 -1.637686938047409058e-01
2.367975413799285889e-01 -2.273691743612289429e-01
4.382707178592681885e-01 -4.218639433383941650e-01
2.713096141815185547e-01 -2.349672913551330566e-01
-3.865018114447593689e-02 -1.623221039772033691e-01
-1.793048232793807983e-01 -9.738446213304996490e-03
2.732133567333221436e-01 -2.805782258510589600e-01
-1.198511347174644470e-01 2.202715724706649780e-01
-2.182189226150512695e-01 2.398296892642974854e-01
2.417041510343551636e-01 -3.348631262779235840e-01
-2.022445648908615112e-01 3.451750576496124268e-01
1.201152056455612183e-01 4.306254908442497253e-02
1.382440030574798584e-01 -2.922337353229522705e-01
3.222157061100006104e-01 -1.784786880016326904e-01
-1.667614430189132690e-01 2.997069060802459717e-01
-4.018738493323326111e-02 -2.258614264428615570e-02
2.690211236476898193e-01 -3.464940190315246582e-01
3.595553338527679443e-01 -2.700705826282501221e-01
3.036776781082153320e-01 -4.372425079345703125e-01
-2.494123876094818115e-01 4.229440987110137939e-01
2.692047357559204102e-01 -1.219325978308916092e-02
1.468268632888793945e-01 1.733987592160701752e-02
-6.739049404859542847e-02 3.977325931191444397e-02
1.782212555408477783e-01 -1.314664185047149658e-01
-6.201164126396179199e-01 6.149227023124694824e-01
-3.755550831556320190e-02 2.758864164352416992e-01
-3.910472095012664795e-01 6.105739474296569824e-01
4.084046930074691772e-02 9.464108198881149292e-02
-1.330688446760177612e-01 2.958934307098388672e-01
-9.975293874740600586e-01 1.068849205970764160e+00
-1.676652878522872925e-01 1.472537964582443237e-01
4.743156433105468750e-01 -6.701787710189819336e-01
1.893781125545501709e-01 -4.255724251270294189e-01
2.652302086353302002e-01 -2.681970000267028809e-01
1.640542596578598022e-01 -1.807770580053329468e-01
-1.420427411794662476e-01 -2.833318337798118591e-02
-5.564977526664733887e-01 5.941291451454162598e-01
1.774567514657974243e-01 6.259776651859283447e-02
8.422311395406723022e-03 1.018576417118310928e-02
2.020046412944793701e-01 -3.343250751495361328e-01
-5.261867642402648926e-01 3.692898750305175781e-01
1.707089841365814209e-01 -9.313493221998214722e-02
-3.700608760118484497e-02 -1.284731626510620117e-01
-1.607762873172760010e-01 2.811791002750396729e-01
-1.337626725435256958e-01 -4.583200439810752869e-02
-8.968818187713623047e-02 1.415095198899507523e-02
1.862064152956008911e-01 -1.407328844070434570e-01
-2.027808874845504761e-01 3.546018004417419434e-01
-3.052111268043518066e-01 2.096653431653976440e-01
2.423520833253860474e-01 -2.418812811374664307e-01
-4.135070368647575378e-02 -1.481027808040380478e-02
-3.058877885341644287e-01 2.597614824771881104e-01
1.068690121173858643e-01 -2.642037868499755859e-01
4.934128746390342712e-02 -7.732733339071273804e-02
1.622361391782760620e-01 -1.828233748674392700e-01
-7.966946959495544434e-01 6.750470995903015137e-01
-2.105478346347808838e-01 3.921985626220703125e-01
-9.638832882046699524e-03 2.336387485265731812e-01
-9.280994534492492676e-02 1.064087823033332825e-02
7.278437167406082153e-02 -1.562366485595703125e-01
1.959226578474044800e-01 -1.073102876543998718e-01
2.659692168235778809e-01 -2.277045696973800659e-01
1.587072312831878662e-01 -1.234229803085327148e-01
-6.195393204689025879e-02 8.218220621347427368e-02
-3.392611397430300713e-03 7.663308829069137573e-02
1.893722862005233765e-01 -2.462982200086116791e-02
4.322107434272766113e-01 -2.643527090549468994e-01
3.220851123332977295e-01 -2.782424390316009521e-01
-2.168216854333877563e-01 2.058949917554855347e-01
2.782426029443740845e-02 4.659042507410049438e-02
4.551765322685241699e-01 -5.365375280380249023e-01
1.615153998136520386e-01 -2.824493348598480225e-01
4.552392289042472839e-02 -4.360671713948249817e-02
2.717483937740325928e-01 -2.025092989206314087e-01
-5.618484616279602051e-01 5.707937479019165039e-01
3.589976131916046143e-01 -3.964956402778625488e-01
9.675095230340957642e-02 -2.961523830890655518e-01
1.791583597660064697e-01 -2.353552728891372681e-01
5.646979808807373047e-02 -7.573869824409484863e-02
1.577088981866836548e-01 -1.674985736608505249e-01
2.251753807067871094e-01 -9.714824706315994263e-02
1.155427917838096619e-01 -3.705428913235664368e-02
2.118168324232101440e-01 -1.256830245256423950e-01
-2.638339996337890625e-01 -7.634119596332311630e-03
1.337756067514419556e-01 -3.079604804515838623e-01
1.455206796526908875e-02 -1.198847591876983643e-02
1.011318191885948181e-01 9.490386396646499634e-02
-1.026881411671638489e-01 -1.855993568897247314e-01
-6.312296390533447266e-01 4.304936528205871582e-01
-6.381879001855850220e-02 1.182889379560947418e-02
-9.253211319446563721e-02 1.847906224429607391e-02
4.555166512727737427e-02 9.336398541927337646e-02
-5.859336629509925842e-02 1.531152278184890747e-01
-1.341166794300079346e-01 4.249281883239746094e-01
-2.794181108474731445e-01 1.215183958411216736e-01
1.300329715013504028e-01 -1.608908176422119141e-01
6.224177405238151550e-02 1.156893596053123474e-01
-5.580461025238037109e-02 -1.560771614313125610e-01
-1.345727741718292236e-01 1.082199215888977051e-01
-1.163056269288063049e-01 1.185495704412460327e-01
-4.692318663001060486e-02 -3.962662816047668457e-02
-1.088347658514976501e-02 1.754579693078994751e-02
-2.296906113624572754e-01 6.135305017232894897e-02
2.021130472421646118e-01 -3.547434806823730469e-01
-1.781190633773803711e-01 2.058610022068023682e-01
-2.300154417753219604e-01 -7.036165893077850342e-02
-1.001565828919410706e-01 2.197458781301975250e-02
-6.112452968955039978e-02 2.289211750030517578e-01
1.539775729179382324e-01 -1.073524057865142822e-01
8.125638216733932495e-02 -3.268321231007575989e-02
1.905610859394073486e-01 -1.344012022018432617e-01
-1.008625775575637817e-01 6.268133223056793213e-02
-2.840949594974517822e-01 4.667188823223114014e-01
-2.007621377706527710e-01 2.016315050423145294e-02
-1.142579596489667892e-02 -6.459634751081466675e-02
-3.847033530473709106e-02 6.568395346403121948e-02
2.954310970380902290e-03 -1.173103135079145432e-02
-1.141318492591381073e-02 -2.854428626596927643e-02
1.587978452444076538e-01 -1.715607941150665283e-01
-1.537357270717620850e-01 1.234059408307075500e-01
7.163989823311567307e-03 -3.885418549180030823e-02
4.550625756382942200e-02 -4.134076088666915894e-02
1.122469380497932434e-01 -5.214866995811462402e-02
-9.736712276935577393e-02 1.034878492355346680e-01
-1.096513345837593079e-01 1.432414501905441284e-01
2.573602795600891113e-01 -9.974604845046997070e-02
-8.336117491126060486e-03 4.690344631671905518e-02
1.181465573608875275e-02 -3.719048202037811279e-02
1.629728451371192932e-02 1.584787517786026001e-01
1.681466400623321533e-01 -2.498591393232345581e-01
5.834879353642463684e-02 -2.489176690578460693e-01
7.943376898765563965e-02 8.630101382732391357e-02
1.035642530769109726e-02 2.033912017941474915e-02
1.874542795121669769e-02 -1.455371230840682983e-01
1.383025497198104858e-01 4.858652129769325256e-02
-1.109801009297370911e-01 -9.702041000127792358e-02
-1.584239602088928223e-01 -5.586683005094528198e-02
2.136247307062149048e-01 -2.631374299526214600e-01
-2.114697098731994629e-01 2.181323170661926270e-01
7.697898894548416138e-02 -1.524905115365982056e-01
