-1.038380786776542664e-01 1.637180745601654053e-01
-3.350436985492706299e-01 7.052752375602722168e-02
-3.218002617359161377e-02 2.349623292684555054e-02
-2.048659324645996094e-01 2.203786522150039673e-01
1.683622971177101135e-02 -1.843553036451339722e-01
5.856467410922050476e-03 8.457085932604968548e-04
1.219445466995239258e-01 -1.506644040346145630e-01
-5.729023367166519165e-02 1.261130124330520630e-01
-8.672060072422027588e-02 1.874154247343540192e-02
1.321713477373123169e-01 -1.602128446102142334e-01
-2.313807457685470581e-01 1.581821590662002563e-01
-5.511561036109924316e-02 2.625629901885986328e-01
1.016640663146972656e-01 -1.385100632905960083e-01
-1.450036019086837769e-01 2.450389862060546875e-01
-1.509516835212707520e-01 1.176393330097198486e-01
-9.421911835670471191e-02 5.416446179151535034e-02
-2.159303575754165649e-01 1.668370515108108521e-01
-9.411650896072387695e-02 7.595566101372241974e-03
-1.345104305073618889e-03 -2.088029980659484863e-01
-6.287498027086257935e-02 -5.779479816555976868e-02
1.840047389268875122e-01 1.049499213695526123e-02
6.447791308164596558e-02 1.715333908796310425e-01
-1.159082204103469849e-01 -9.721854701638221741e-03
-2.239839434623718262e-01 -1.994689553976058960e-02
-1.889343857765197754e-01 7.414541393518447876e-02
-7.905799150466918945e-02 -2.334675937891006470e-01
5.303679034113883972e-02 6.997691094875335693e-02
-2.986082434654235840e-01 1.554231643676757812e-01
1.058735772967338562e-01 -4.318145290017127991e-02
-3.004134297370910645e-01 8.859755098819732666e-02
-1.586951464414596558e-01 -7.985626906156539917e-02
2.932272665202617645e-02 2.742818295955657959e-01
-1.005350947380065918e-01 1.491993218660354614e-01
-2.108143866062164307e-01 2.851401269435882568e-01
-3.262734413146972656e-01 2.533852756023406982e-01
-7.759007625281810760e-03 1.689008176326751709e-01
1.520721763372421265e-01 -9.715367108583450317e-02
1.720377206802368164e-01 -1.281958520412445068e-01
1.219352409243583679e-01 -2.410873025655746460e-01
4.706120863556861877e-02 5.819590389728546143e-02
-1.473607122898101807e-01 1.068838760256767273e-01
-1.427318602800369263e-01 6.336263567209243774e-02
5.704176146537065506e-03 2.408743500709533691e-01
1.650440096855163574e-01 -1.952138543128967285e-01
-3.888592869043350220e-02 2.662500739097595215e-01
-5.787628516554832458e-02 -2.051647193729877472e-02
-4.159474000334739685e-02 1.906727105379104614e-01
2.530108392238616943e-01 -1.801442205905914307e-01
7.046923041343688965e-02 -1.189620494842529297e-01
1.368995457887649536e-01 -4.739439859986305237e-02
2.045239359140396118e-01 -9.558118879795074463e-02
-1.030730530619621277e-01 9.354008734226226807e-02
-1.037196367979049683e-01 4.789143428206443787e-02
-1.233708336949348450e-01 1.628922373056411743e-01
6.703020632266998291e-02 8.849927037954330444e-02
-5.385843664407730103e-02 -7.724472135305404663e-02
2.337041944265365601e-01 -9.667755663394927979e-02
-1.477191150188446045e-01 6.935888528823852539e-02
-1.099466606974601746e-01 1.560628116130828857e-01
5.561818554997444153e-02 -1.623906046152114868e-01
2.183699458837509155e-01 -1.801522970199584961e-01
7.039861381053924561e-02 -1.963716596364974976e-01
1.352421939373016357e-01 -1.848230510950088501e-01
1.920181810855865479e-01 -9.470374323427677155e-03
-1.908324807882308960e-01 1.181443482637405396e-01
-2.113916575908660889e-01 2.638962864875793457e-01
-2.078709453344345093e-01 2.321379780769348145e-01
-6.921751797199249268e-02 1.739998161792755127e-01
7.020586729049682617e-02 -1.751332879066467285e-01
1.906073838472366333e-01 -1.165641397237777710e-01
1.438268125057220459e-01 -3.005103766918182373e-01
-1.267138123512268066e-01 1.547834575176239014e-01
-1.914009898900985718e-01 1.625526696443557739e-01
1.478690356016159058e-01 -1.623068600893020630e-01
-8.403722941875457764e-02 2.540242373943328857e-01
-1.869900822639465332e-01 9.640096127986907959e-02
1.662317216396331787e-01 -7.683032006025314331e-02
-1.623520441353321075e-02 -8.060810714960098267e-02
-1.790067404508590698e-01 2.960378527641296387e-01
3.105960227549076080e-02 -9.904653578996658325e-02
-3.017778098583221436e-01 2.584277689456939697e-01
1.654124855995178223e-01 -1.227560490369796753e-01
-1.352557539939880371e-01 1.789761930704116821e-01
-1.735950857400894165e-01 1.453841477632522583e-01
1.194322854280471802e-01 -6.295986473560333252e-02
-1.340940892696380615e-01 1.871280074119567871e-01
-2.112638950347900391e-01 2.362938523292541504e-01
-2.711718976497650146e-01 7.758951932191848755e-02
-2.419632226228713989e-01 1.224369183182716370e-01
-5.637006834149360657e-02 6.817445904016494751e-02
-1.158786565065383911e-01 2.308259457349777222e-01
-3.013393878936767578e-01 2.066212147474288940e-01
-1.146990712732076645e-02 -3.758301213383674622e-02
-9.414416551589965820e-02 2.672097273170948029e-02
-5.907417833805084229e-02 8.708640187978744507e-02
-1.663760095834732056e-01 2.180877923965454102e-01
-1.638212502002716064e-01 5.192029848694801331e-02
-9.174763411283493042e-02 8.739402145147323608e-02
-1.110243201255798340e-01 1.060605719685554504e-01
-2.496848106384277344e-01 1.694052815437316895e-01
4.818651080131530762e-02 -1.136156544089317322e-02
1.076696068048477173e-01 3.517663851380348206e-02
8.287237584590911865e-02 -1.474193781614303589e-01
-2.281365245580673218e-01 8.361618220806121826e-02
-1.705772727727890015e-01 9.893669933080673218e-02
-3.672163933515548706e-02 1.395406872034072876e-01
-6.427112221717834473e-02 2.782938182353973389e-01
1.079605817794799805e-01 -7.293110340833663940e-02
-1.713091880083084106e-01 1.529985368251800537e-01
7.774101942777633667e-02 -2.150131016969680786e-01
-2.253818139433860779e-02 1.249399185180664062e-01
8.447086066007614136e-02 -2.169795632362365723e-01
1.438193917274475098e-01 -2.344736754894256592e-01
-1.341596841812133789e-01 -1.137895043939352036e-02
1.490921527147293091e-01 -1.290249228477478027e-01
-1.163061335682868958e-01 -1.675875671207904816e-02
8.758229762315750122e-02 1.153348785010166466e-04
-3.168139457702636719e-01 7.335240021347999573e-03
1.512885242700576782e-01 -1.949389278888702393e-01
-1.382551789283752441e-01 1.058076918125152588e-01
1.981835663318634033e-01 -1.047920882701873779e-01
-1.773093640804290771e-01 6.297680735588073730e-02
-5.067563056945800781e-02 1.413524337112903595e-02
-1.952912807464599609e-01 9.006158262491226196e-02
1.751464903354644775e-01 -2.781039178371429443e-01
1.631519347429275513e-01 -1.776066422462463379e-01
1.550820916891098022e-01 -8.546546101570129395e-02
1.995138674974441528e-01 -1.535493582487106323e-01
-8.644527196884155273e-02 -5.490427836775779724e-02
-3.082804083824157715e-01 1.301059573888778687e-01
2.892228662967681885e-01 -1.211564894765615463e-02
1.432905197143554688e-01 -1.004540249705314636e-01
-1.202155351638793945e-01 2.214348763227462769e-01
1.924918144941329956e-01 -3.162391185760498047e-01
6.308181583881378174e-02 2.061052061617374420e-02
1.593696326017379761e-01 -9.507388807833194733e-03
-1.288765370845794678e-01 -2.715529873967170715e-02
6.229829043149948120e-02 -3.194555873051285744e-03
1.868834644556045532e-01 -2.660006582736968994e-01
-1.812379658222198486e-01 1.922432482242584229e-01
-2.214783057570457458e-02 -1.305838674306869507e-01
1.160818785429000854e-01 -1.185292899608612061e-01
-1.635897010564804077e-01 -6.535730510950088501e-02
1.105198711156845093e-01 -1.407069563865661621e-01
-4.431375302374362946e-03 -1.247158274054527283e-01
1.259450763463973999e-01 -3.837243840098381042e-02
-1.179056018590927124e-01 -1.065552309155464172e-01
-9.353184700012207031e-02 -6.709542125463485718e-02
2.013767957687377930e-01 2.592383697628974915e-02
-4.734541848301887512e-02 -1.618382893502712250e-02
-1.728036701679229736e-01 2.075054049491882324e-01
-2.248979806900024414e-01 1.642720848321914673e-01
6.743856519460678101e-02 1.367780100554227829e-02
1.822720654308795929e-02 -4.877175763249397278e-02
-1.197091042995452881e-01 1.228658184409141541e-01
3.375640138983726501e-02 -6.363398581743240356e-02
9.219329059123992920e-02 -1.502731740474700928e-01
-1.524251885712146759e-03 -2.158967033028602600e-02
-2.095345705747604370e-01 9.790755063295364380e-02
2.974530160427093506e-01 -6.530452519655227661e-02
-6.333443522453308105e-02 1.113595739006996155e-01
-1.274885684251785278e-01 -4.778591915965080261e-02
6.238283216953277588e-02 -1.712199486792087555e-02
-2.476473748683929443e-01 -2.402606885880231857e-03
1.442106813192367554e-01 -1.660154461860656738e-01
-2.248824834823608398e-01 -3.022914752364158630e-02
2.351187635213136673e-03 9.936338290572166443e-03
2.007617428898811340e-02 7.233531214296817780e-03
3.158020228147506714e-02 2.812917232513427734e-01
-1.618687361478805542e-01 6.351389735937118530e-02
-6.908232718706130981e-02 2.982932627201080322e-01
1.398231983184814453e-01 -2.241377383470535278e-01
-9.257847070693969727e-02 3.236716985702514648e-02
-1.343353390693664551e-01 2.578548491001129150e-01
-1.791157573461532593e-01 1.803401261568069458e-01
2.403756380081176758e-01 -4.582409560680389404e-02
7.244839519262313843e-02 -3.403086913749575615e-03
2.015871405601501465e-01 -2.777501940727233887e-02
1.583455950021743774e-01 -3.586589172482490540e-02
-5.440998822450637817e-02 2.855184674263000488e-01
2.155491858720779419e-01 -1.843363344669342041e-01
-1.684693545103073120e-01 -1.059995144605636597e-01
6.393516063690185547e-02 -1.792267262935638428e-01
1.754993796348571777e-01 -9.976597130298614502e-02
-2.312223017215728760e-01 1.950210481882095337e-01
-1.470330655574798584e-01 4.648840799927711487e-02
-2.484899014234542847e-01 2.874916186556220055e-03
-9.275604039430618286e-02 8.833868056535720825e-02
2.683333456516265869e-01 -9.671439416706562042e-03
-2.503156065940856934e-01 1.815217733383178711e-01
3.119024038314819336e-01 -1.623293459415435791e-01
2.268084883689880371e-01 -1.623351573944091797e-01
-1.970708519220352173e-01 9.381148219108581543e-02
9.077481925487518311e-03 1.345163732767105103e-01
6.695023179054260254e-02 -2.249607294797897339e-01
1.206096261739730835e-02 -1.698460578918457031e-01
-1.956927776336669922e-01 1.812756210565567017e-01
2.487536147236824036e-02 2.340388298034667969e-02
-5.421975627541542053e-02 -1.933329552412033081e-01
1.618001908063888550e-01 -5.123288556933403015e-02
-1.646332070231437683e-02 -4.405617713928222656e-02
-3.185539692640304565e-02 -1.652641743421554565e-01
1.407169401645660400e-01 -1.887603551149368286e-01
2.522085234522819519e-02 1.943967863917350769e-02
9.084059298038482666e-02 -2.340994216501712799e-02
-5.561051145195960999e-02 -1.770945452153682709e-02
-1.461901469156146049e-03 1.537384837865829468e-01
4.226374253630638123e-02 -9.525609016418457031e-02
-1.638348549604415894e-01 1.923746615648269653e-01
-6.075273826718330383e-02 -1.754012890160083771e-02
-1.476383060216903687e-01 5.737832561135292053e-02
-1.923827528953552246e-01 -1.368706077337265015e-01
1.118546724319458008e-01 -2.676210552453994751e-02
7.277092337608337402e-02 6.840550899505615234e-02
-1.874372661113739014e-01 1.434705555438995361e-01
8.585027605295181274e-02 -3.753431141376495361e-02
6.079582497477531433e-02 -2.065769955515861511e-02
6.697250902652740479e-02 -6.688838452100753784e-02
1.227090135216712952e-01 -1.814208775758743286e-01
-1.709911525249481201e-01 1.056457683444023132e-01
2.757185399532318115e-01 6.759813986718654633e-03
2.707402594387531281e-02 2.156827896833419800e-01
1.121893897652626038e-01 -6.352677941322326660e-02
-1.059217825531959534e-01 8.991143107414245605e-02
5.435813963413238525e-02 4.210267961025238037e-02
-2.924983203411102295e-01 1.219538971781730652e-01
5.633326247334480286e-02 -1.212033852934837341e-01
5.794744938611984253e-02 1.213500052690505981e-01
6.386091560125350952e-02 1.522332709282636642e-02
1.480221003293991089e-01 -1.257158070802688599e-01
3.299735486507415771e-02 -2.367991060018539429e-01
9.037918597459793091e-02 -2.571703195571899414e-01
-1.320818215608596802e-01 -8.322698622941970825e-02
-4.985729977488517761e-02 5.520937219262123108e-02
-2.071413695812225342e-01 1.062000468373298645e-01
1.023557111620903015e-01 -2.141100764274597168e-01
-5.466760322451591492e-02 5.276175960898399353e-02
-7.633184548467397690e-03 1.781981140375137329e-01
-1.374041754752397537e-02 -9.349684417247772217e-02
1.273679435253143311e-01 -1.114083975553512573e-01
-8.222079835832118988e-03 -1.548749804496765137e-01
-7.859683781862258911e-02 -3.086840547621250153e-02
6.716218590736389160e-02 -8.970513939857482910e-03
-1.516506373882293701e-01 2.595289945602416992e-01
2.952676266431808472e-03 -2.330457093194127083e-03
-1.970398724079132080e-01 1.557285897433757782e-02
1.372265070676803589e-01 -7.925502024590969086e-03
1.567296534776687622e-01 -5.836443603038787842e-02
-2.646195515990257263e-02 4.145528748631477356e-02
-1.054285615682601929e-01 1.012662872672080994e-01
-2.993278671056032181e-03 1.134787350893020630e-01
2.586200274527072906e-02 -1.973322033882141113e-01
2.240427881479263306e-01 -2.192365229129791260e-01
3.841225057840347290e-02 -1.214064955711364746e-01
3.237241134047508240e-02 -1.345054805278778076e-02
-1.932617276906967163e-02 2.048249393701553345e-01
