1.811390519142150879e-01 -1.661595255136489868e-01
2.020067274570465088e-01 -1.690412908792495728e-01
3.235254436731338501e-02 8.842779323458671570e-03
2.385208383202552795e-02 -4.190157353878021240e-02
3.461624979972839355e-01 -2.139326184988021851e-01
2.987712025642395020e-01 -6.985447555780410767e-02
-1.725225597620010376e-01 2.426469922065734863e-01
8.702202886343002319e-02 -9.846374392509460449e-03
6.618122756481170654e-02 6.321376189589500427e-03
1.215862296521663666e-02 -1.686370223760604858e-01
-5.059376731514930725e-02 6.684883683919906616e-02
1.479596942663192749e-01 1.680075675249099731e-01
2.966178655624389648e-01 3.135159239172935486e-02
1.170192938297986984e-02 1.169943809509277344e-01
-1.663751900196075439e-01 3.228164836764335632e-02
-1.278158128261566162e-01 2.739577367901802063e-02
-2.804837226867675781e-01 1.811451464891433716e-02
1.902131829410791397e-03 -9.620983898639678955e-02
2.009875178337097168e-01 -5.188059434294700623e-02
-8.186423778533935547e-02 2.467476762831211090e-02
2.096103429794311523e-01 -1.849758997559547424e-02
-1.041992530226707458e-01 1.793456524610519409e-01
-3.846181333065032959e-01 1.226370707154273987e-01
-1.905973851680755615e-01 1.289873123168945312e-01
-2.239915169775485992e-02 -2.547001838684082031e-02
-6.479136645793914795e-02 5.930466577410697937e-02
-3.394302353262901306e-02 1.652510911226272583e-01
-5.502253770828247070e-02 2.235613465309143066e-01
1.640994697809219360e-01 -1.994962841272354126e-01
-5.043036118149757385e-02 -6.906839460134506226e-02
2.045795172452926636e-01 -2.074065506458282471e-01
-8.059429004788398743e-03 -2.560858130455017090e-01
2.074846774339675903e-01 3.021151199936866760e-02
5.901348218321800232e-02 -9.660501778125762939e-02
2.407829016447067261e-01 -2.020235508680343628e-01
-7.785378396511077881e-02 7.379667367786169052e-03
1.055322438478469849e-01 -1.322057694196701050e-01
-1.506006568670272827e-01 1.176878996193408966e-02
-1.317244470119476318e-01 4.402681067585945129e-02
7.583495974540710449e-02 -6.342938542366027832e-02
1.600175052881240845e-01 -1.996715366840362549e-01
-1.836445764638483524e-03 -4.019612818956375122e-02
3.995408490300178528e-02 1.576483398675918579e-01
-1.401848625391721725e-02 3.018833138048648834e-02
-1.587165296077728271e-01 9.150309115648269653e-02
-5.291825160384178162e-02 -8.040441200137138367e-03
-2.221616506576538086e-01 -7.047920022159814835e-03
-9.600966423749923706e-02 2.421294003725051880e-01
1.397529244422912598e-01 -1.580877900123596191e-01
1.021929457783699036e-01 -7.693902403116226196e-02
-2.343237996101379395e-01 1.087659001350402832e-01
-4.083699733018875122e-02 1.893067061901092529e-01
3.650160878896713257e-02 1.303203701972961426e-01
1.429305374622344971e-01 9.014353156089782715e-02
-8.777487277984619141e-02 -1.375726051628589630e-02
-2.842517197132110596e-02 1.735940128564834595e-01
-1.121730282902717590e-01 -7.044185698032379150e-02
-1.153717562556266785e-01 7.145675271749496460e-02
-2.728257700800895691e-02 1.291927397251129150e-01
-6.178354099392890930e-02 1.060309261083602905e-01
-2.655554115772247314e-01 2.305402457714080811e-01
-7.868961244821548462e-02 5.454963818192481995e-02
-2.143715023994445801e-01 1.374497860670089722e-01
-1.550477594137191772e-01 8.849386870861053467e-02
-1.123671904206275940e-01 1.369616687297821045e-01
2.857308089733123779e-01 -1.630623452365398407e-02
-2.420452237129211426e-01 8.682540804147720337e-02
-2.412280738353729248e-01 1.926423907279968262e-01
-2.011281400918960571e-01 8.321881294250488281e-02
-1.317287832498550415e-01 1.078168302774429321e-01
-2.315229773521423340e-01 8.297628164291381836e-02
-4.627076908946037292e-02 5.497872829437255859e-02
2.423861436545848846e-02 -2.053715288639068604e-01
-8.229115046560764313e-03 2.509000711143016815e-02
-2.631337046623229980e-01 8.797416836023330688e-02
1.908431798219680786e-01 -2.036980688571929932e-01
-1.740211397409439087e-01 1.253175586462020874e-01
7.005537301301956177e-02 -1.456709392368793488e-02
2.204712778329849243e-01 -1.976935416460037231e-01
-1.116045787930488586e-01 1.374679431319236755e-02
2.044252604246139526e-01 -1.953317523002624512e-01
-1.309491991996765137e-01 -4.094933345913887024e-02
2.150430530309677124e-01 -3.410395383834838867e-01
-1.721799224615097046e-01 1.130469813942909241e-01
-7.104029506444931030e-02 2.282080948352813721e-01
2.769387140870094299e-02 2.667330577969551086e-02
1.735351383686065674e-01 -1.379611045122146606e-01
-4.008778631687164307e-01 2.513980865478515625e-01
8.806931972503662109e-02 9.058090299367904663e-02
2.428852915763854980e-01 1.322051417082548141e-02
-3.472273796796798706e-02 1.204993650317192078e-01
2.209631204605102539e-01 -6.571431457996368408e-02
-1.246765553951263428e-01 1.857381314039230347e-01
-1.223465278744697571e-01 2.178959548473358154e-01
-2.643781900405883789e-01 1.554898470640182495e-01
3.415571153163909912e-01 -2.186322510242462158e-01
-1.038493663072586060e-01 1.551667451858520508e-01
-1.553457230329513550e-01 -6.594990193843841553e-02
1.569226682186126709e-01 -4.831503704190254211e-02
-7.625415921211242676e-02 3.650321662425994873e-01
-7.378214597702026367e-02 2.324420958757400513e-02
7.737956941127777100e-02 -2.468850463628768921e-01
-3.114181160926818848e-01 4.107309505343437195e-02
1.003936603665351868e-01 5.849144235253334045e-02
4.377063363790512085e-02 -1.653179824352264404e-01
9.813647717237472534e-02 -5.512062925845384598e-03
-7.148028165102005005e-02 2.667171657085418701e-01
6.884027272462844849e-02 -1.955815255641937256e-01
6.995581835508346558e-02 -1.490538120269775391e-01
-1.277947127819061279e-01 -8.463741838932037354e-02
9.477964788675308228e-02 2.747486531734466553e-02
-2.156277596950531006e-01 3.688515126705169678e-01
1.285033822059631348e-01 2.484501525759696960e-02
4.784399643540382385e-02 1.172996014356613159e-01
1.604479551315307617e-01 -1.613383144140243530e-01
-1.160372570157051086e-01 1.501053869724273682e-01
-4.859513416886329651e-02 2.031153440475463867e-01
2.075002193450927734e-01 -3.043277859687805176e-01
-7.509712129831314087e-02 2.534192614257335663e-02
-6.410564482212066650e-02 3.332668915390968323e-02
-2.972952425479888916e-01 2.125791311264038086e-01
-1.937613040208816528e-01 9.838187694549560547e-02
1.084776893258094788e-01 2.919902093708515167e-02
-2.001772820949554443e-01 1.139045134186744690e-01
-1.468619108200073242e-01 2.976548969745635986e-01
-5.315262824296951294e-02 -2.212996361777186394e-03
7.385126501321792603e-02 -1.284213364124298096e-01
1.742621362209320068e-01 -1.702238470315933228e-01
1.086287125945091248e-01 -5.893153697252273560e-02
2.670424580574035645e-01 -4.524553194642066956e-02
8.790986984968185425e-02 5.834021605551242828e-03
2.418399415910243988e-02 -1.349149346351623535e-01
-6.470146775245666504e-02 5.109939724206924438e-02
5.431249737739562988e-02 9.040731936693191528e-03
1.116276904940605164e-01 -1.384525001049041748e-01
-1.273064017295837402e-01 -4.075898975133895874e-02
1.582148820161819458e-01 -7.138982415199279785e-02
1.239000782370567322e-01 3.719939664006233215e-02
-4.305929318070411682e-02 8.708897978067398071e-02
1.464596092700958252e-01 -1.514138877391815186e-01
3.637129440903663635e-02 -1.626148670911788940e-01
1.100378781557083130e-01 7.814181596040725708e-02
7.829017937183380127e-02 9.660858660936355591e-02
-1.388606280088424683e-01 1.146522760391235352e-01
-3.486311063170433044e-02 9.149422496557235718e-02
7.886169105768203735e-02 3.917395323514938354e-02
-3.280877694487571716e-02 1.844730824232101440e-01
2.749018967151641846e-01 -2.381184846162796021e-01
4.061951860785484314e-02 -9.337908029556274414e-02
-1.998413503170013428e-01 3.074069321155548096e-02
9.502445161342620850e-02 -1.348689943552017212e-01
3.316333517432212830e-02 2.129877060651779175e-01
3.321313485503196716e-02 -5.919133126735687256e-02
-3.346538171172142029e-02 -8.444894850254058838e-02
-7.343360036611557007e-02 2.174919098615646362e-01
1.626226454973220825e-01 7.850151509046554565e-03
-1.438395678997039795e-01 1.135192532092332840e-02
-1.757935136556625366e-01 9.162373840808868408e-02
-1.183151155710220337e-01 7.270158082246780396e-02
-8.955500274896621704e-02 -7.836248725652694702e-02
-8.500665426254272461e-02 5.080418288707733154e-02
9.607233852148056030e-02 1.597027331590652466e-01
-2.241204306483268738e-02 1.448946297168731689e-01
4.774383082985877991e-02 1.026218309998512268e-01
2.511012554168701172e-01 -1.202184632420539856e-01
-7.153930515050888062e-02 -9.756340831518173218e-02
2.283982634544372559e-01 -1.299945861101150513e-01
-1.953314542770385742e-01 4.273167252540588379e-02
2.306422963738441467e-02 -4.026395082473754883e-02
8.047734946012496948e-02 -1.343458741903305054e-01
-2.696164138615131378e-02 -8.136518299579620361e-02
-1.403435617685317993e-01 -2.690377831459045410e-02
2.297070175409317017e-01 -1.923310384154319763e-02
2.257888317108154297e-01 -8.197547867894172668e-03
1.877487450838088989e-01 -1.930912137031555176e-01
2.269825935363769531e-01 -1.514395624399185181e-01
1.594364345073699951e-01 6.600867211818695068e-02
1.356226205825805664e-01 1.106391921639442444e-01
4.959613084793090820e-02 5.288833379745483398e-02
-1.234229877591133118e-01 1.500324159860610962e-01
-6.506900489330291748e-02 4.958267509937286377e-02
6.949859112501144409e-02 2.152178809046745300e-02
-4.864391684532165527e-02 8.815949410200119019e-02
1.504488140344619751e-01 1.195124685764312744e-01
1.413583196699619293e-02 1.051247119903564453e-01
4.447552561759948730e-02 1.708764769136905670e-02
-6.338378787040710449e-02 6.843940913677215576e-02
-1.175719201564788818e-01 2.354217618703842163e-01
-1.652807593345642090e-01 1.641265004873275757e-01
-2.931421995162963867e-02 -3.982595354318618774e-02
2.310356944799423218e-01 -1.082621663808822632e-01
-4.131508246064186096e-02 6.037750840187072754e-02
-1.018914282321929932e-01 1.041826382279396057e-01
1.097814068198204041e-01 -1.046532914042472839e-01
-1.531192846596240997e-02 6.208964437246322632e-02
-1.759301722049713135e-01 1.536408960819244385e-01
9.393284097313880920e-03 -1.177737414836883545e-01
-2.057222425937652588e-01 1.009211391210556030e-01
-1.729663163423538208e-01 1.077516749501228333e-01
-1.815290600061416626e-01 3.910448867827653885e-03
-6.872457265853881836e-02 1.872271746397018433e-01
-4.456070065498352051e-02 5.860254541039466858e-02
-1.485606655478477478e-02 -1.534497886896133423e-01
-5.347393825650215149e-02 -1.186882518231868744e-02
-3.055308014154434204e-02 1.282477825880050659e-01
-7.909736596047878265e-03 -9.812886267900466919e-02
4.650679975748062134e-02 3.631906583905220032e-03
-4.497111774981021881e-03 -4.143890738487243652e-02
-5.961483344435691833e-02 1.294745206832885742e-01
-5.554929003119468689e-02 1.993561238050460815e-01
2.416371740400791168e-02 -1.674747616052627563e-01
-8.510980755090713501e-02 -3.160670772194862366e-02
-8.206782490015029907e-02 -3.300334513187408447e-02
-4.394325613975524902e-02 4.107960313558578491e-02
-2.905472517013549805e-01 2.169689685106277466e-01
8.704844117164611816e-02 -2.316910326480865479e-01
-9.264221042394638062e-02 1.855038106441497803e-01
5.264690890908241272e-02 4.049292579293251038e-02
6.920524686574935913e-02 -2.692747712135314941e-01
-2.452977187931537628e-02 -1.619024276733398438e-01
1.329269856214523315e-01 -2.088592052459716797e-01
-6.147909164428710938e-02 -1.854295730590820312e-01
8.052290230989456177e-02 3.417595103383064270e-02
1.140839140862226486e-02 -2.425213903188705444e-01
-4.955996200442314148e-02 -1.867932230234146118e-01
1.367002129554748535e-01 5.859873816370964050e-02
-2.478588968515396118e-01 1.544524431228637695e-01
-2.891876734793186188e-03 7.298117876052856445e-02
6.047599599696695805e-04 1.337399333715438843e-01
3.625820949673652649e-02 7.162452489137649536e-02
-2.369595877826213837e-02 -1.905551701784133911e-01
-7.471014279872179031e-03 -1.320784389972686768e-01
1.312242895364761353e-01 -1.953811645507812500e-01
4.584984108805656433e-02 -1.086735911667346954e-02
7.296401262283325195e-02 -5.512718483805656433e-02
-4.022426530718803406e-02 5.483212321996688843e-02
-2.075290977954864502e-01 2.303618043661117554e-01
2.545650303363800049e-02 -1.810831427574157715e-01
7.101375609636306763e-02 -5.651415884494781494e-02
1.058872789144515991e-02 -6.517093628644943237e-03
-2.907093763351440430e-01 8.449858427047729492e-02
2.086620926856994629e-01 -8.893964439630508423e-02
1.638437062501907349e-01 -1.173842325806617737e-01
5.551967024803161621e-02 -3.895051777362823486e-02
2.055983543395996094e-01 -1.012189686298370361e-01
-3.389807045459747314e-02 1.091359183192253113e-01
-6.137461215257644653e-02 5.349087342619895935e-02
-3.915961459279060364e-02 -5.990504473447799683e-02
4.614388942718505859e-02 2.169380486011505127e-01
7.454283535480499268e-02 -7.041683793067932129e-02
6.209717690944671631e-02 -5.474490672349929810e-02
-3.741621505469083786e-03 -1.131150051951408386e-01
-4.634865745902061462e-02 -1.083276718854904175e-01
-1.780024319887161255e-01 2.488404139876365662e-02
2.297557145357131958e-01 -9.959897398948669434e-02
-8.479663170874118805e-03 2.213037461042404175e-01
