2.124438732862472534e-01 -2.548695206642150879e-01
1.110840365290641785e-01 -4.580105096101760864e-02
-1.225297972559928894e-01 -3.310202434659004211e-02
-3.935703337192535400e-01 1.220642253756523132e-01
-2.000637203454971313e-01 2.117954343557357788e-01
-8.189398050308227539e-02 -1.563613861799240112e-01
-3.461311161518096924e-01 2.101367712020874023e-01
1.550053339451551437e-02 -1.018103025853633881e-02
-1.906340867280960083e-01 2.979927062988281250e-01
7.933471351861953735e-02 -1.443790942430496216e-01
-5.491865449585020542e-04 -1.158664003014564514e-01
1.528459340333938599e-01 -9.285770356655120850e-02
-1.819172054529190063e-01 3.730973973870277405e-02
1.362014412879943848e-01 3.632267937064170837e-02
1.304669827222824097e-01 -1.368143111467361450e-01
1.058992370963096619e-01 -4.246511310338973999e-02
-2.192811816930770874e-01 1.401681452989578247e-01
1.727017313241958618e-01 -2.107977867126464844e-01
1.139174997806549072e-01 -2.034146934747695923e-01
1.803437322378158569e-01 -8.556828647851943970e-02
7.626342121511697769e-03 1.563699990510940552e-01
-1.247606128454208374e-01 -1.010065749287605286e-01
-7.059694826602935791e-02 -3.589672222733497620e-02
1.098553687334060669e-01 -2.231864072382450104e-02
-1.948070526123046875e-01 2.874883115291595459e-01
-7.179126143455505371e-02 1.981614381074905396e-01
1.481656637042760849e-02 -7.749779615551233292e-03
9.990443289279937744e-02 -2.005440145730972290e-01
5.579717457294464111e-02 2.278723195195198059e-02
7.134282588958740234e-02 -9.031591564416885376e-02
-6.888972222805023193e-02 1.315558850765228271e-01
-6.526999920606613159e-02 2.460239827632904053e-01
2.317575216293334961e-01 -1.694205254316329956e-01
-1.832813173532485962e-01 1.427095234394073486e-01
-1.109165325760841370e-01 -3.966152295470237732e-02
-8.138966746628284454e-03 1.528966873884201050e-01
5.553672462701797485e-02 1.094594225287437439e-01
3.342121839523315430e-02 4.973081871867179871e-02
-1.575793474912643433e-01 2.433116734027862549e-01
-3.052857518196105957e-01 2.520762383937835693e-01
-5.340941622853279114e-02 6.314569711685180664e-02
-1.862108260393142700e-01 -8.173436671495437622e-02
-1.347915381193161011e-01 2.660289108753204346e-01
2.655152417719364166e-02 6.426349282264709473e-02
-1.095426976680755615e-01 2.471815198659896851e-01
-1.764397472143173218e-01 9.177585691213607788e-02
-2.545610070228576660e-01 1.728474348783493042e-01
1.687013171613216400e-02 -1.187329739332199097e-01
1.347253620624542236e-01 1.916522085666656494e-01
-2.448854967951774597e-02 -2.446759119629859924e-02
-1.224821805953979492e-01 2.451986446976661682e-02
8.682380430400371552e-03 8.294136263430118561e-03
1.323652686551213264e-03 -1.571404039859771729e-01
-8.280351758003234863e-02 2.940129954367876053e-03
1.408921647816896439e-02 -1.889331787824630737e-01
5.163593962788581848e-02 -1.314625889062881470e-01
2.114621996879577637e-01 -2.310563623905181885e-01
-1.524043232202529907e-01 1.058610826730728149e-01
-2.267216145992279053e-01 2.193889915943145752e-01
-1.741665303707122803e-01 5.601250380277633667e-02
-6.125377491116523743e-02 2.100723236799240112e-01
3.342028334736824036e-02 6.441903114318847656e-02
-7.112188637256622314e-02 2.773931026458740234e-01
5.365916341543197632e-02 -8.081775158643722534e-02
8.727795481681823730e-01 -8.723375797271728516e-01
3.110483586788177490e-01 -3.206778168678283691e-01
-2.655168473720550537e-01 3.642307221889495850e-01
-5.496569275856018066e-01 5.270891189575195312e-01
1.203575581312179565e-01 -9.694859385490417480e-02
-8.354541659355163574e-02 8.531055599451065063e-02
-3.781777024269104004e-01 3.879534006118774414e-01
-8.820092678070068359e-02 2.376314401626586914e-01
-4.821469485759735107e-01 2.044307440519332886e-01
5.897036790847778320e-01 -6.231955885887145996e-01
-3.243139386177062988e-01 2.653240263462066650e-01
2.583821117877960205e-01 -2.459860742092132568e-01
-1.758059710264205933e-01 1.200298964977264404e-01
-3.129352927207946777e-01 2.565491795539855957e-01
8.168829977512359619e-02 3.348170593380928040e-02
-1.159668620675802231e-02 -1.210437528789043427e-02
-4.496697187423706055e-01 3.739610016345977783e-01
2.881996035575866699e-01 -4.194981753826141357e-01
2.607675492763519287e-01 -2.782408893108367920e-01
-1.600386053323745728e-01 4.948924854397773743e-02
1.037798225879669189e-01 -1.714763417840003967e-02
-1.076255291700363159e-01 -8.710435032844543457e-02
-4.377810060977935791e-01 4.746784865856170654e-01
-3.918021544814109802e-02 -8.295404724776744843e-03
-4.293459653854370117e-01 5.832818150520324707e-01
-4.857642948627471924e-01 5.425305366516113281e-01
-2.668359503149986267e-02 -3.209863975644111633e-02
-4.167284965515136719e-01 4.478752911090850830e-01
3.567796945571899414e-01 -1.711194664239883423e-01
4.143819808959960938e-01 -2.309641391038894653e-01
-2.683914452791213989e-02 -2.806830033659934998e-02
1.417184174060821533e-01 -2.319968938827514648e-01
-1.281872391700744629e-01 -1.299846321344375610e-01
-1.740711927413940430e-02 2.083316892385482788e-01
-3.799621462821960449e-01 3.467143177986145020e-01
-3.474732637405395508e-01 3.907866775989532471e-01
-2.151957303285598755e-01 -9.699067473411560059e-02
1.041152179241180420e-01 -4.181118905544281006e-01
-3.081308007240295410e-01 3.673093020915985107e-01
-4.873690754175186157e-02 9.476642310619354248e-02
-3.814361393451690674e-01 3.156402707099914551e-01
9.599354118108749390e-02 -6.031416356563568115e-02
-1.730633676052093506e-01 3.172760307788848877e-01
6.567566655576229095e-03 2.351639717817306519e-01
-2.399765551090240479e-01 8.778138458728790283e-02
-5.256896838545799255e-02 2.196656614542007446e-01
-2.316414564847946167e-01 1.015381515026092529e-01
3.566466569900512695e-01 -4.638761281967163086e-01
1.220709551125764847e-02 -1.504098996520042419e-02
-6.370136737823486328e-01 5.970128774642944336e-01
-1.362248975783586502e-02 3.454436957836151123e-01
-1.939546130597591400e-02 -2.491706795990467072e-02
-4.476867020130157471e-01 2.986266016960144043e-01
1.311028003692626953e-02 4.124560207128524780e-02
-2.231255769729614258e-01 1.575524210929870605e-01
1.710240244865417480e-01 -6.608729809522628784e-02
2.305849343538284302e-01 -1.474085152149200439e-01
2.260909378528594971e-01 -3.074423372745513916e-01
-3.586745262145996094e-01 2.920366823673248291e-01
1.859143748879432678e-02 -1.897598803043365479e-01
-3.217901885509490967e-01 3.136615455150604248e-01
-3.182995319366455078e-02 -1.821807958185672760e-02
-1.513453572988510132e-01 3.022906556725502014e-02
-1.209381297230720520e-01 1.679818481206893921e-01
1.084640741348266602e+00 -1.016308903694152832e+00
8.157418370246887207e-01 -6.534138917922973633e-01
-8.556708693504333496e-01 1.049958825111389160e+00
-3.693817853927612305e-01 4.041867256164550781e-01
-2.517368197441101074e-01 3.200275301933288574e-01
2.312895059585571289e-01 -3.166060745716094971e-01
-3.007665574550628662e-01 3.827878832817077637e-01
-3.927603662014007568e-01 3.326349258422851562e-01
-3.777051270008087158e-01 4.619907438755035400e-01
-5.010459423065185547e-01 5.626187324523925781e-01
-2.149109095335006714e-01 1.049152836203575134e-01
1.174323320388793945e+00 -1.111174941062927246e+00
4.227069914340972900e-01 -6.622359752655029297e-01
8.042671084403991699e-01 -9.454749226570129395e-01
-5.134831666946411133e-01 8.074210882186889648e-01
2.988424003124237061e-01 -2.709494829177856445e-01
-4.083593785762786865e-01 5.715741515159606934e-01
5.855838060379028320e-01 -3.525356352329254150e-01
9.270991086959838867e-01 -7.603828907012939453e-01
-1.192500710487365723e+00 1.115662693977355957e+00
8.287553787231445312e-01 -9.402115345001220703e-01
-3.018531203269958496e-01 3.606344759464263916e-01
-6.203479766845703125e-01 6.374475359916687012e-01
3.384728729724884033e-01 -4.652861058712005615e-01
-8.819680809974670410e-01 7.953952550888061523e-01
-2.879106998443603516e-01 3.506445586681365967e-01
-6.568735092878341675e-02 -1.180966943502426147e-01
-1.343767791986465454e-01 6.373646110296249390e-02
-1.557718068361282349e-01 9.246480464935302734e-02
8.276712894439697266e-02 -3.476908206939697266e-01
-5.390294194221496582e-01 6.220680475234985352e-01
-2.679207623004913330e-01 2.945547401905059814e-01
-2.242449969053268433e-01 9.664657711982727051e-02
7.684758305549621582e-01 -7.483751773834228516e-01
-4.181788861751556396e-01 3.444476425647735596e-01
1.174341440200805664e-01 -4.270079080015420914e-03
8.396196961402893066e-01 -7.770687937736511230e-01
-7.441820502281188965e-01 8.111478090286254883e-01
8.961941599845886230e-01 -1.021009922027587891e+00
-5.565074086189270020e-01 5.235700607299804688e-01
-1.087524145841598511e-01 -6.870087981224060059e-02
1.330808103084564209e-01 -2.114657014608383179e-01
3.491845428943634033e-01 -4.430600106716156006e-01
-1.042247772216796875e+00 1.170509099960327148e+00
2.564390003681182861e-01 -1.389737427234649658e-01
-6.330501437187194824e-01 6.957153677940368652e-01
1.603827625513076782e-01 -2.008918821811676025e-01
5.313595533370971680e-01 -6.599250435829162598e-01
2.522938251495361328e-01 -2.786736190319061279e-01
-1.301598787307739258e+00 1.524387836456298828e+00
2.175152599811553955e-01 -1.659620106220245361e-01
-3.137726187705993652e-01 1.941545903682708740e-01
-5.077658891677856445e-01 4.915437400341033936e-01
-6.117969155311584473e-01 8.218016624450683594e-01
-1.894931495189666748e-01 3.494918346405029297e-02
-3.044273257255554199e-01 2.491744309663772583e-01
-6.595969200134277344e-01 3.911035954952239990e-01
-5.764824748039245605e-01 5.420331954956054688e-01
-8.697145581245422363e-01 7.819094657897949219e-01
1.027580723166465759e-01 -1.540365964174270630e-01
-2.916000783443450928e-01 2.286029160022735596e-01
9.000773429870605469e-01 -9.372254014015197754e-01
-2.155106663703918457e-01 3.184644877910614014e-01
3.146696686744689941e-01 -3.573323488235473633e-01
3.595420122146606445e-01 -4.002863168716430664e-01
1.606981009244918823e-01 -1.487589776515960693e-01
2.057098895311355591e-01 -2.220980264246463776e-02
-1.143023222684860229e-01 -1.370489597320556641e-01
1.097357943654060364e-01 1.220773383975028992e-01
-2.437207698822021484e-01 2.083761990070343018e-01
-2.541154623031616211e-01 2.629480063915252686e-01
-7.734850049018859863e-03 1.688588708639144897e-01
5.768772587180137634e-02 2.320173829793930054e-01
8.431144803762435913e-02 -3.964782357215881348e-01
-4.392599314451217651e-02 1.861760616302490234e-01
2.949313223361968994e-01 -3.518503606319427490e-01
-2.847802825272083282e-02 -4.740609601140022278e-02
3.061818191781640053e-03 1.032590419054031372e-01
6.680598855018615723e-02 1.272422373294830322e-01
6.446500122547149658e-02 -4.342316836118698120e-02
-1.760075241327285767e-01 2.603984773159027100e-01
-1.220685616135597229e-01 1.245511621236801147e-01
2.504086494445800781e-01 -1.113687679171562195e-01
-2.317403554916381836e-01 3.657411932945251465e-01
4.525793790817260742e-01 -3.218512833118438721e-01
-3.026367127895355225e-01 3.048248887062072754e-01
-1.327540278434753418e-01 1.219792366027832031e-01
-3.364005684852600098e-01 7.216098159551620483e-02
-1.874782741069793701e-01 1.270560920238494873e-01
2.248858474195003510e-02 2.293110080063343048e-02
-1.424438208341598511e-01 3.251394331455230713e-01
-1.491864472627639771e-01 8.571603894233703613e-02
-3.382703959941864014e-01 1.291880011558532715e-01
-1.042165830731391907e-01 -2.098066732287406921e-02
-3.465656936168670654e-01 3.434054255485534668e-01
5.710867047309875488e-02 -1.747036725282669067e-02
-1.708544194698333740e-01 -7.148119062185287476e-02
5.690049752593040466e-02 1.366717070341110229e-01
-2.137556374073028564e-01 1.338388919830322266e-01
-2.150531262159347534e-01 6.242208182811737061e-02
2.226811647415161133e-01 -9.105376666411757469e-04
3.483175113797187805e-02 1.800510101020336151e-02
6.570643186569213867e-02 -1.135979741811752319e-01
-9.293379634618759155e-02 -1.079356446862220764e-01
-1.273224800825119019e-01 9.835156053304672241e-02
-9.112929925322532654e-03 -8.331511914730072021e-02
3.458178341388702393e-01 -2.920674681663513184e-01
-3.702789843082427979e-01 4.616482853889465332e-01
6.849180161952972412e-02 -8.064473420381546021e-02
-1.418617460876703262e-02 -1.188344657421112061e-01
1.599539667367935181e-01 -1.496711671352386475e-01
1.107384040951728821e-01 4.471585899591445923e-02
6.094661355018615723e-02 -6.634412705898284912e-02
-4.289664924144744873e-01 5.118723511695861816e-01
1.133281439542770386e-01 -2.271537482738494873e-01
3.125699162483215332e-01 -3.220223784446716309e-01
-1.878681927919387817e-01 3.741925954818725586e-02
-5.090323090553283691e-02 -6.195271760225296021e-02
-1.459645032882690430e-01 1.678466200828552246e-01
1.247375160455703735e-01 -1.562761068344116211e-01
4.237616807222366333e-02 -8.262109756469726562e-02
-3.825985640287399292e-02 2.631440199911594391e-02
-4.320376813411712646e-01 3.127228319644927979e-01
-1.629876345396041870e-01 2.116001397371292114e-01
-1.685171872377395630e-01 9.366943687200546265e-02
2.001722455024719238e-01 -1.389874070882797241e-01
1.400790661573410034e-01 -2.290443181991577148e-01
1.799271702766418457e-01 1.340588275343179703e-02
