4.749316573143005371e-01 -5.380144715309143066e-01
3.634531423449516296e-02 -3.279743017628788948e-03
-2.134324312210083008e-01 3.028063178062438965e-01
-2.638497389853000641e-02 3.806175664067268372e-02
3.249621689319610596e-01 -3.384915292263031006e-01
-2.658231556415557861e-01 2.667647600173950195e-01
1.773311644792556763e-01 -1.660697013139724731e-01
-1.362377107143402100e-01 1.796953827142715454e-01
4.039622843265533447e-01 -2.381732463836669922e-01
-1.359381340444087982e-02 1.014267727732658386e-01
-2.236355245113372803e-01 3.047626614570617676e-01
-6.320852637290954590e-01 5.048900246620178223e-01
-1.536889076232910156e-01 4.805490002036094666e-02
-2.858548797667026520e-02 -8.051353693008422852e-02
-2.583136558532714844e-01 1.224252060055732727e-01
-3.188672661781311035e-01 3.905144631862640381e-01
1.253584981895983219e-03 1.003648489713668823e-01
1.946699991822242737e-02 -2.058550715446472168e-02
1.056287735700607300e-01 -7.345551997423171997e-02
6.853209808468818665e-03 1.399788707494735718e-01
-1.402784287929534912e-01 1.367474645376205444e-01
-5.090404767543077469e-03 -7.863538712263107300e-02
4.444507136940956116e-02 6.140219047665596008e-02
1.260004639625549316e-01 -9.225343167781829834e-02
2.598148286342620850e-01 -2.254817634820938110e-01
1.854200512170791626e-01 -7.773633301258087158e-02
-2.057357728481292725e-01 -5.772830918431282043e-02
8.605419099330902100e-02 -1.735597997903823853e-01
-1.600717008113861084e-01 2.969053685665130615e-01
-6.939950585365295410e-02 4.892039299011230469e-02
5.363152176141738892e-02 -7.057210057973861694e-02
3.925713896751403809e-02 -9.140162914991378784e-02
-1.053115352988243103e-01 -9.593554586172103882e-02
4.262232780456542969e-01 -4.084722399711608887e-01
-9.755212068557739258e-02 -3.151367232203483582e-02
1.242292523384094238e-01 -1.635360121726989746e-01
7.451924681663513184e-02 -1.960936337709426880e-01
1.536269634962081909e-01 -9.429385513067245483e-02
-9.215737134218215942e-02 -5.326247215270996094e-02
7.530491054058074951e-02 -3.473269939422607422e-02
1.683611124753952026e-01 8.139734715223312378e-02
-2.838274240493774414e-01 6.479571759700775146e-02
-6.323828548192977905e-02 7.293536514043807983e-02
-4.629133045673370361e-01 3.195775151252746582e-01
-2.184085398912429810e-01 2.632969319820404053e-01
2.956234216690063477e-01 -1.921215057373046875e-01
-2.783554196357727051e-01 1.825326532125473022e-01
1.226565986871719360e-01 -1.159075368195772171e-02
-9.136484563350677490e-02 -1.192208961583673954e-03
-1.756256818771362305e-01 3.342322111129760742e-01
4.058034718036651611e-02 1.659244531765580177e-03
2.991971373558044434e-02 1.000905707478523254e-01
5.638914704322814941e-01 -6.506422162055969238e-01
3.173275589942932129e-01 -2.344996780157089233e-01
-3.035390004515647888e-02 -1.042666509747505188e-01
-1.767990440130233765e-01 5.415627360343933105e-02
-1.879533380270004272e-01 1.813485622406005859e-01
-2.455060482025146484e-01 3.558303713798522949e-01
1.158507466316223145e-01 -5.478609353303909302e-02
-8.762850612401962280e-02 1.756994128227233887e-01
3.455657660961151123e-01 -3.295769095420837402e-01
3.585885465145111084e-01 -5.503591895103454590e-01
-1.500097662210464478e-01 -2.813581191003322601e-02
5.138843506574630737e-02 -2.490867376327514648e-01
-4.870774745941162109e-01 6.592063903808593750e-01
-2.708770632743835449e-01 2.262643724679946899e-01
-1.419467329978942871e-01 -5.021444335579872131e-02
5.849571824073791504e-01 -6.442499756813049316e-01
4.491996169090270996e-01 -4.509938359260559082e-01
-7.558021545410156250e-01 6.874391436576843262e-01
9.581333398818969727e-01 -7.963539361953735352e-01
-2.577285170555114746e-01 2.016548365354537964e-01
9.183661937713623047e-01 -9.750524163246154785e-01
-3.707868754863739014e-01 2.033250927925109863e-01
-5.266301035881042480e-01 5.031589865684509277e-01
-9.526947736740112305e-01 8.253337740898132324e-01
-5.705632269382476807e-02 1.243132278323173523e-01
1.963484287261962891e-01 -2.354192286729812622e-01
-8.333539962768554688e-01 8.880516886711120605e-01
-4.760779738426208496e-01 4.600239694118499756e-01
-1.606201566755771637e-02 6.672903150320053101e-02
-4.680853486061096191e-01 4.746632874011993408e-01
-6.314284205436706543e-01 4.818029999732971191e-01
2.791433632373809814e-01 -2.250682562589645386e-01
-1.007330864667892456e-01 1.132697239518165588e-01
9.134937822818756104e-02 -8.760701119899749756e-02
3.832138776779174805e-01 -3.812339603900909424e-01
7.394683957099914551e-01 -6.842072606086730957e-01
2.731968760490417480e-01 -3.467372059822082520e-01
4.689929187297821045e-01 -7.249301671981811523e-01
5.136375427246093750e-01 -6.306411623954772949e-01
4.765180945396423340e-01 -3.855075836181640625e-01
-6.685024499893188477e-01 4.723463952541351318e-01
1.868203431367874146e-01 -2.175798714160919189e-01
1.901233941316604614e-01 -1.713287383317947388e-01
2.512221634387969971e-01 -2.242874801158905029e-01
-1.190604269504547119e-01 1.064568981528282166e-01
3.467302322387695312e-01 -2.951806485652923584e-01
4.335423409938812256e-01 -3.193460106849670410e-01
4.516401514410972595e-02 -1.000945866107940674e-01
1.955057531595230103e-01 -1.371923983097076416e-01
-3.700929880142211914e-01 3.079582452774047852e-01
-2.938209474086761475e-01 2.479663938283920288e-01
3.474363386631011963e-01 -2.884522378444671631e-01
3.702019453048706055e-01 -4.619210064411163330e-01
-3.865352571010589600e-01 5.747188925743103027e-01
-2.803324759006500244e-01 3.200785219669342041e-01
-2.512520179152488708e-02 4.795563593506813049e-02
-7.738070189952850342e-02 7.181771099567413330e-02
2.305682301521301270e-01 4.326682537794113159e-02
-4.179637432098388672e-01 5.703323483467102051e-01
-2.575806677341461182e-01 1.727096587419509888e-01
-1.528259217739105225e-01 1.422558873891830444e-01
4.331798255443572998e-01 -3.709381818771362305e-01
-1.098534613847732544e-01 2.156995795667171478e-02
4.762513935565948486e-01 -3.198039531707763672e-01
8.095715045928955078e-01 -9.295853972434997559e-01
2.710984647274017334e-01 -3.257418572902679443e-01
6.848707795143127441e-02 -3.020942509174346924e-01
-2.940489947795867920e-01 4.007878303527832031e-01
-5.696375966072082520e-01 5.892134308815002441e-01
-5.081809163093566895e-01 4.312939047813415527e-01
7.103351950645446777e-01 -7.898129224777221680e-01
5.748143196105957031e-01 -6.346417665481567383e-01
6.775822639465332031e-01 -6.629635095596313477e-01
4.133631289005279541e-01 -2.296445369720458984e-01
1.818460673093795776e-01 -2.173692435026168823e-01
1.260392069816589355e-01 -2.390017956495285034e-01
-7.720249146223068237e-02 -1.032869741320610046e-01
5.579612851142883301e-01 -3.483143150806427002e-01
7.189087271690368652e-01 -6.641625761985778809e-01
-4.573677182197570801e-01 4.635599255561828613e-01
6.630054116249084473e-01 -6.095584034919738770e-01
-7.284708619117736816e-01 5.448491573333740234e-01
7.925747334957122803e-02 -8.288497477769851685e-02
-6.239235997200012207e-01 3.782967925071716309e-01
7.164503931999206543e-01 -5.850282907485961914e-01
-1.251594424247741699e-01 2.782467007637023926e-01
3.635589182376861572e-01 -2.839215099811553955e-01
-9.657453894615173340e-01 8.208602666854858398e-01
3.154914379119873047e-01 -2.537494599819183350e-01
-2.094728946685791016e-01 9.486430883407592773e-02
-6.189409494400024414e-01 3.719129860401153564e-01
1.307510957121849060e-02 2.675920724868774414e-01
1.305190622806549072e-01 -3.112062215805053711e-01
-3.753260895609855652e-02 -3.516659885644912720e-02
-3.680330216884613037e-01 2.090693414211273193e-01
3.858885169029235840e-01 -2.038433551788330078e-01
1.772665977478027344e-01 -2.468508481979370117e-01
-4.523247480392456055e-02 1.743355840444564819e-01
3.463650345802307129e-01 -1.884691715240478516e-01
1.314716339111328125e-01 -4.424824193120002747e-02
1.142709702253341675e-01 -1.067139655351638794e-01
-1.460461914539337158e-01 1.429183781147003174e-01
-1.244961842894554138e-01 1.747686415910720825e-01
-1.571921706199645996e-01 2.986728250980377197e-01
1.249006912112236023e-01 -1.268901303410530090e-02
-1.824174076318740845e-01 6.269372999668121338e-02
8.570166677236557007e-02 -1.248365864157676697e-01
-2.559395730495452881e-01 2.662380635738372803e-01
3.677024841308593750e-01 -5.478940010070800781e-01
-2.541335225105285645e-01 2.088318914175033569e-01
3.764854669570922852e-01 -2.856139242649078369e-01
3.613712787628173828e-01 -3.622873127460479736e-01
-2.215922623872756958e-01 2.215351909399032593e-01
-8.125250339508056641e-01 7.321352362632751465e-01
-1.720526218414306641e-01 1.035929750651121140e-02
-8.208120241761207581e-03 2.807568199932575226e-02
2.103713303804397583e-01 -2.499787360429763794e-01
-2.430671900510787964e-01 3.464030921459197998e-01
-1.476847529411315918e-01 1.368343383073806763e-01
6.079550832509994507e-02 -1.397043317556381226e-01
-3.659431040287017822e-01 4.137369692325592041e-01
3.934944868087768555e-01 -3.374184668064117432e-01
-2.503803372383117676e-01 2.262582480907440186e-01
-5.928403139114379883e-02 2.392596751451492310e-02
1.483632773160934448e-01 -2.468896061182022095e-01
-1.126165539026260376e-01 1.056656837463378906e-01
1.187394652515649796e-02 -1.075573936104774475e-01
1.302887350320816040e-01 -6.266752630472183228e-02
8.046984076499938965e-01 -8.592435717582702637e-01
3.772932589054107666e-01 -4.325352907180786133e-01
-3.091138899326324463e-01 3.409664630889892578e-01
-5.821257233619689941e-01 4.582228660583496094e-01
-4.364895522594451904e-01 6.639871597290039062e-01
8.218727074563503265e-03 9.160342067480087280e-02
-1.730035096406936646e-01 7.627855241298675537e-02
1.781181246042251587e-01 -1.053060684353113174e-02
5.900595784187316895e-01 -6.312851309776306152e-01
-8.660681545734405518e-02 4.040578380227088928e-03
5.413914322853088379e-01 -5.905002355575561523e-01
2.138920724391937256e-01 -8.868953585624694824e-02
1.466826498508453369e-01 -4.640244878828525543e-03
-3.358308076858520508e-01 1.649246960878372192e-01
1.369661837816238403e-01 1.277934908866882324e-01
-5.175858139991760254e-01 3.502242565155029297e-01
3.310811519622802734e-01 -2.013019025325775146e-01
-3.428867757320404053e-01 2.095728814601898193e-01
2.820782959461212158e-01 -3.511284887790679932e-01
-1.784639656543731689e-01 3.459926843643188477e-01
3.271482288837432861e-01 -2.859257459640502930e-01
-3.016145825386047363e-01 1.945225894451141357e-01
6.299764662981033325e-02 -2.620204389095306396e-01
6.181021034717559814e-02 1.002095416188240051e-01
8.577693253755569458e-02 -9.375347942113876343e-02
-2.163623124361038208e-01 2.041025906801223755e-01
-8.319360017776489258e-02 2.026943713426589966e-01
6.026404723525047302e-02 1.825092732906341553e-01
2.317951768636703491e-01 -3.477453440427780151e-02
-2.071911096572875977e-01 2.633332312107086182e-01
-1.451875716447830200e-01 6.005386263132095337e-02
2.985655069351196289e-01 -1.372995972633361816e-01
3.641796708106994629e-01 -4.257929623126983643e-01
-2.642698213458061218e-02 -1.950592398643493652e-01
2.604506909847259521e-01 -2.031667679548263550e-01
1.916539855301380157e-02 -1.708895862102508545e-01
3.585001826286315918e-02 2.217122763395309448e-01
-3.595507740974426270e-01 2.011842876672744751e-01
1.178005561232566833e-01 3.940825164318084717e-02
7.046082615852355957e-02 2.382378280162811279e-01
-4.176917672157287598e-02 2.670379355549812317e-02
5.294564366340637207e-02 -3.648132458329200745e-02
-1.296915560960769653e-01 9.725689888000488281e-02
-1.105572283267974854e-01 2.769367396831512451e-01
1.500574648380279541e-01 -1.091678738594055176e-01
-5.387222394347190857e-02 9.633913636207580566e-02
1.479452848434448242e-01 -2.106771916151046753e-01
4.407887756824493408e-01 -3.754186928272247314e-01
6.031290069222450256e-02 7.680351380258798599e-03
-3.201660513877868652e-01 1.158078610897064209e-01
7.739886641502380371e-02 -1.519005745649337769e-01
-8.420837670564651489e-02 2.991032898426055908e-01
1.057698857039213181e-02 -1.075226068496704102e-02
-1.103073060512542725e-01 -1.086833700537681580e-01
-2.520595788955688477e-01 1.070651337504386902e-01
7.282899320125579834e-02 -1.580417603254318237e-01
-1.174392029643058777e-01 1.020184624940156937e-02
1.497930735349655151e-01 -1.633205264806747437e-01
-1.409742236137390137e-01 5.589779838919639587e-02
2.842850387096405029e-01 -3.242486119270324707e-01
-3.517978638410568237e-02 6.424047797918319702e-02
1.915077418088912964e-01 -2.008771151304244995e-01
1.284123808145523071e-01 -2.005204856395721436e-01
-3.234646618366241455e-01 3.157111257314682007e-02
1.748121827840805054e-01 -1.849688738584518433e-01
1.341812014579772949e-01 -1.590021550655364990e-01
-2.499522715806961060e-01 1.380566358566284180e-01
-1.967843249440193176e-02 -5.121961701661348343e-03
-1.067611053586006165e-01 2.002687901258468628e-01
7.260271906852722168e-02 -1.399859087541699409e-03
-1.269387006759643555e-01 1.997210383415222168e-01
-2.029486931860446930e-02 1.366994082927703857e-01
4.059059172868728638e-02 -4.001599550247192383e-02
-2.327775657176971436e-01 2.021042853593826294e-01
-1.459098309278488159e-01 2.741027437150478363e-02
2.668348699808120728e-02 -1.120166108012199402e-01
