2.351045310497283936e-01 -2.272323668003082275e-01
-3.649831935763359070e-02 1.606064587831497192e-01
1.208235546946525574e-01 -2.217390090227127075e-01
-8.031169325113296509e-02 5.038509890437126160e-02
-7.033243030309677124e-02 5.425330623984336853e-02
3.055645227432250977e-01 -4.163507372140884399e-02
-2.033682912588119507e-01 4.894176870584487915e-02
-1.596911847591400146e-01 7.347024977207183838e-02
-1.554469764232635498e-01 -8.332882821559906006e-02
2.377726323902606964e-02 -6.802164763212203979e-02
-2.970994114875793457e-01 1.695617735385894775e-01
-1.450587958097457886e-01 2.610547244548797607e-01
1.677427738904953003e-01 -7.083158940076828003e-02
-2.861008346080780029e-01 1.567283272743225098e-01
3.415435552597045898e-01 -9.708369523286819458e-02
-1.713100261986255646e-02 3.916847053915262222e-03
2.572473697364330292e-02 -1.062946245074272156e-01
-3.315783804282546043e-03 -1.671973019838333130e-01
2.253305763006210327e-01 -1.936111748218536377e-01
1.668907888233661652e-02 -3.634054213762283325e-02
1.448149532079696655e-01 -6.099058315157890320e-02
3.733642697334289551e-01 -1.445554643869400024e-01
1.418636441230773926e-01 -2.712182998657226562e-01
-6.804341077804565430e-02 4.528341442346572876e-02
1.829615831375122070e-01 -1.658408939838409424e-01
-4.668936133384704590e-03 -2.286056242883205414e-02
9.236920624971389771e-02 6.419919431209564209e-02
-1.002874895930290222e-01 9.921300411224365234e-02
-1.043734699487686157e-01 1.963226646184921265e-01
-4.146577790379524231e-02 -5.379076115787029266e-03
3.762758076190948486e-01 -2.980523407459259033e-01
-8.796913921833038330e-02 2.409824281930923462e-01
-2.610700950026512146e-02 3.189205378293991089e-02
-2.684281580150127411e-02 -7.912255823612213135e-02
3.916558250784873962e-02 -3.321303129196166992e-01
1.245967149734497070e-01 -7.351709902286529541e-02
1.856351345777511597e-01 -2.300912737846374512e-01
-2.092885822057723999e-01 5.625437479466199875e-03
2.342804223299026489e-01 3.567646816372871399e-02
2.967682778835296631e-01 -2.519953250885009766e-01
-1.606224477291107178e-01 -5.993653088808059692e-02
-1.562901735305786133e-01 1.523738950490951538e-01
1.215847730636596680e-01 -6.273633986711502075e-02
7.387519627809524536e-02 -1.680595576763153076e-01
-1.746773719787597656e-01 2.907741256058216095e-02
-8.850543946027755737e-02 9.918501228094100952e-02
-1.916206032037734985e-01 3.088964521884918213e-02
-1.675393134355545044e-01 3.028477728366851807e-01
3.675331175327301025e-02 -4.842734336853027344e-02
-8.043661713600158691e-02 4.500074312090873718e-02
-5.428187921643257141e-02 1.483394354581832886e-01
8.422978222370147705e-02 -3.647322580218315125e-02
1.757562607526779175e-01 -1.929305940866470337e-01
-5.046476610004901886e-03 7.549007236957550049e-02
1.251513063907623291e-01 -1.257433593273162842e-01
1.600055545568466187e-01 -9.588155150413513184e-02
-1.054728701710700989e-01 -7.279621809720993042e-02
7.391467690467834473e-02 5.265273153781890869e-02
8.411575108766555786e-02 -8.917673677206039429e-02
2.780535258352756500e-02 5.477924272418022156e-02
-2.162313759326934814e-01 2.357376962900161743e-01
-1.621666103601455688e-01 2.052353918552398682e-01
-2.760348021984100342e-01 2.479853183031082153e-01
-2.029361128807067871e-01 -4.307075217366218567e-02
3.338148295879364014e-01 -3.356029689311981201e-01
-1.301512718200683594e-01 1.293212920427322388e-01
1.305863112211227417e-01 -8.117514103651046753e-02
-1.954241842031478882e-01 5.753203853964805603e-02
8.679939061403274536e-02 -1.058006361126899719e-01
-2.326713353395462036e-01 1.860724538564682007e-01
1.964107714593410492e-02 1.407525241374969482e-01
8.787169121205806732e-03 1.210307106375694275e-01
8.978643268346786499e-02 -1.002513542771339417e-01
2.207987159490585327e-01 2.544084563851356506e-02
-1.438431888818740845e-01 1.033693403005599976e-01
-7.685764878988265991e-02 4.157740250229835510e-02
-1.895626634359359741e-01 1.791813671588897705e-01
2.503225207328796387e-01 -4.198659211397171021e-02
-9.658716619014739990e-02 6.772028654813766479e-02
1.786421984434127808e-01 -1.126353815197944641e-01
5.850692465901374817e-02 -1.085612252354621887e-01
8.045507967472076416e-02 -2.607255578041076660e-01
-2.299071699380874634e-01 2.710299789905548096e-01
-1.487431973218917847e-01 2.458684891462326050e-01
-1.411105692386627197e-01 -5.534139648079872131e-02
9.450902044773101807e-02 4.982869699597358704e-02
-9.722725301980972290e-02 -7.498510926961898804e-02
1.387736946344375610e-01 -1.125190183520317078e-01
8.887141197919845581e-02 1.878364942967891693e-02
1.210412383079528809e-01 -2.052530944347381592e-01
1.330046057701110840e-01 -1.376661211252212524e-01
-5.987286102026700974e-03 -5.794526264071464539e-02
-2.665791213512420654e-01 8.806553483009338379e-02
8.800193667411804199e-02 6.091600283980369568e-02
5.136143043637275696e-02 -9.415210783481597900e-02
-1.244863644242286682e-01 1.129942089319229126e-01
-1.642400622367858887e-01 7.830680161714553833e-02
-2.082992717623710632e-02 2.493397444486618042e-01
2.017131447792053223e-01 -1.368403434753417969e-01
1.248182803392410278e-01 2.124299108982086182e-02
2.451325021684169769e-02 -2.216284275054931641e-01
-3.581178784370422363e-01 2.406407296657562256e-01
2.191494703292846680e-01 -1.391491740942001343e-01
-3.209780529141426086e-02 8.325946331024169922e-02
-1.618380993604660034e-01 4.296412691473960876e-02
7.368790358304977417e-02 3.341109259054064751e-03
-3.207835555076599121e-01 2.374888360500335693e-01
5.363414436578750610e-02 -3.340980708599090576e-01
1.461144089698791504e-01 -1.811335533857345581e-01
-9.067825227975845337e-02 1.469478607177734375e-01
-2.135662436485290527e-01 1.903929412364959717e-01
-2.287907302379608154e-01 9.588656574487686157e-02
-6.138489022850990295e-02 1.435311883687973022e-02
1.990238875150680542e-01 2.705046907067298889e-02
5.312312021851539612e-02 -3.405437618494033813e-02
1.066308990120887756e-01 -1.736856997013092041e-01
-1.955767124891281128e-01 -7.427440583705902100e-02
1.860270798206329346e-01 -1.172539889812469482e-01
-7.948664575815200806e-02 1.825073920190334320e-02
1.514843255281448364e-01 -1.813659965991973877e-01
1.837798207998275757e-01 -2.668269574642181396e-01
3.410492241382598877e-01 -2.484511137008666992e-01
1.650257259607315063e-01 -1.805927902460098267e-01
-2.526625990867614746e-01 5.761097371578216553e-02
-3.368968144059181213e-02 1.349688172340393066e-01
3.486030921339988708e-02 8.570323884487152100e-02
-6.373234838247299194e-02 8.884400874376296997e-02
8.126984536647796631e-02 -3.570301085710525513e-02
1.160247474908828735e-01 -9.647891670465469360e-02
1.904503405094146729e-01 -2.223598584532737732e-02
1.602845191955566406e-01 -6.280373781919479370e-02
-3.335411548614501953e-01 2.910795807838439941e-01
-1.706981062889099121e-01 7.808962464332580566e-02
2.343774288892745972e-01 -9.871248900890350342e-02
-2.202476710081100464e-01 7.159111648797988892e-02
-1.415271013975143433e-01 2.572065293788909912e-01
7.920347899198532104e-02 1.424942761659622192e-01
2.887084707617759705e-02 -1.422072350978851318e-01
-1.263408660888671875e-01 1.026021838188171387e-01
-6.656802445650100708e-02 2.872288525104522705e-01
1.846402287483215332e-01 -2.736381590366363525e-01
7.077386230230331421e-02 -1.858663372695446014e-02
2.335129827260971069e-01 -8.897984772920608521e-02
1.459219902753829956e-01 -1.829607188701629639e-01
1.570752635598182678e-02 6.114969402551651001e-02
4.238708317279815674e-02 -4.205093253403902054e-03
1.674185693264007568e-01 -3.714264929294586182e-01
1.215181499719619751e-01 2.482368983328342438e-02
2.024561166763305664e-02 -2.151057869195938110e-02
1.694541871547698975e-01 -1.167365014553070068e-01
2.253359258174896240e-01 -1.627823114395141602e-01
-2.492752224206924438e-01 1.006892845034599304e-01
1.364625394344329834e-01 -8.708045631647109985e-02
-1.798846013844013214e-02 -2.055441588163375854e-02
-2.651509046554565430e-01 5.430272221565246582e-02
-1.689431369304656982e-01 1.458558440208435059e-01
4.808306321501731873e-02 2.943096123635768890e-02
-7.276202738285064697e-02 1.052983701229095459e-01
2.482976466417312622e-01 -9.391812235116958618e-02
-1.673002988100051880e-01 1.722438782453536987e-01
-3.816409036517143250e-02 -3.898147866129875183e-02
-1.879628002643585205e-02 8.726359158754348755e-02
7.764312624931335449e-02 -6.053821742534637451e-02
1.147265434265136719e-01 -1.750474274158477783e-01
1.064030975103378296e-01 -1.499089449644088745e-01
-3.642659634351730347e-02 1.439902633428573608e-01
8.667931705713272095e-02 -1.114741787314414978e-01
1.586408913135528564e-01 -1.310402899980545044e-01
2.400643937289714813e-02 2.018257081508636475e-01
2.266414929181337357e-03 -3.757003322243690491e-02
6.274588406085968018e-02 -7.075822353363037109e-02
1.472765393555164337e-02 2.790671885013580322e-01
8.821879327297210693e-02 -1.134587749838829041e-01
-2.659763693809509277e-01 1.377010047435760498e-01
-2.172772958874702454e-02 1.830741763114929199e-01
1.788842678070068359e-01 -1.932315826416015625e-01
2.265639454126358032e-01 -1.342798918485641479e-01
1.262980848550796509e-01 -1.405526548624038696e-01
6.311824172735214233e-02 -1.423886567354202271e-01
-5.651846528053283691e-02 -2.799866348505020142e-02
7.651407271623611450e-03 8.295452594757080078e-02
-1.156863989308476448e-03 3.098949603736400604e-02
2.453981786966323853e-01 -5.786021426320075989e-02
1.289206445217132568e-01 -1.606970280408859253e-01
-1.579613387584686279e-01 2.570814788341522217e-01
-1.726291477680206299e-01 1.646051406860351562e-01
8.479146659374237061e-02 -1.046135872602462769e-01
5.644738301634788513e-02 -2.997406572103500366e-02
-3.627735376358032227e-02 -1.754938215017318726e-01
1.305008083581924438e-01 -2.140709161758422852e-01
-8.145917952060699463e-02 3.009452223777770996e-01
-9.278394281864166260e-02 4.031695425510406494e-02
1.723340302705764771e-01 2.650662325322628021e-02
1.805084347724914551e-01 -1.489266455173492432e-01
-9.664129465818405151e-03 2.946404740214347839e-02
-1.072021126747131348e-01 7.408734411001205444e-02
-3.299106061458587646e-01 1.563919335603713989e-01
-8.098568022251129150e-02 7.803066819906234741e-02
6.444618850946426392e-02 -4.321886599063873291e-02
-1.567493826150894165e-01 2.212530970573425293e-01
4.101056605577468872e-02 4.770597070455551147e-02
6.829676032066345215e-02 -4.605675488710403442e-02
-2.940184064209461212e-02 5.368901044130325317e-02
-3.097569644451141357e-01 1.596032977104187012e-01
1.920846989378333092e-05 -2.059615254402160645e-01
-7.321177981793880463e-04 -8.487609028816223145e-02
4.225398227572441101e-02 -8.452811092138290405e-02
9.377045184373855591e-02 -2.897168099880218506e-01
-1.041372492909431458e-01 -1.102738380432128906e-01
-1.806203424930572510e-01 -1.542542595416307449e-02
-1.245042532682418823e-01 3.016199767589569092e-01
-1.416467279195785522e-01 1.843850314617156982e-01
6.791172921657562256e-02 -1.429070085287094116e-01
8.205740153789520264e-02 -1.797693967819213867e-01
3.172389864921569824e-01 -1.980799436569213867e-01
-5.455019325017929077e-02 4.243940487504005432e-02
1.227683573961257935e-01 -1.822104007005691528e-01
1.457177102565765381e-02 1.086028385907411575e-02
-1.181382834911346436e-01 5.072056502103805542e-02
-8.466111123561859131e-02 1.205019429326057434e-01
-1.578328460454940796e-01 1.018149778246879578e-01
-6.968686729669570923e-02 1.662667393684387207e-01
9.207994490861892700e-02 -2.194297313690185547e-01
-7.301829755306243896e-02 -1.064087375998497009e-01
-1.124463006854057312e-01 1.156030148267745972e-01
8.255654945969581604e-03 1.217035949230194092e-01
1.903028637170791626e-01 9.817952662706375122e-02
1.187989711761474609e-01 -3.344171866774559021e-02
-5.117791518568992615e-02 -2.739134132862091064e-01
-5.156916007399559021e-02 -8.063540607690811157e-02
2.707659006118774414e-01 -1.470379680395126343e-01
1.712453216314315796e-01 -6.812743842601776123e-02
-7.944458723068237305e-02 6.511569023132324219e-02
3.977921605110168457e-02 1.613471806049346924e-01
2.306146360933780670e-02 1.782345212996006012e-02
-4.724643379449844360e-02 -4.408321157097816467e-02
4.007404670119285583e-03 -6.387456506490707397e-02
-2.000165730714797974e-01 -1.201668009161949158e-01
-4.505185037851333618e-02 1.052708625793457031e-01
3.946809098124504089e-02 9.929441846907138824e-03
1.308630108833312988e-01 -1.644813567399978638e-01
-1.779685914516448975e-01 1.726108491420745850e-01
-4.316225275397300720e-02 -1.735325902700424194e-01
2.598177790641784668e-01 -1.043964475393295288e-01
6.055289506912231445e-02 -2.558262050151824951e-01
1.663945466279983521e-01 -1.646551489830017090e-01
1.604840457439422607e-01 -1.787970811128616333e-01
2.388746291399002075e-01 -2.019141316413879395e-01
1.108169928193092346e-01 -3.749298676848411560e-02
-2.049922198057174683e-01 1.636766493320465088e-01
7.258410751819610596e-02 -1.129225865006446838e-01
6.718629598617553711e-02 -5.925858765840530396e-02
-3.010582327842712402e-01 1.577271670103073120e-01
4.325297847390174866e-02 -9.182495623826980591e-02
-1.432849764823913574e-01 -5.365725234150886536e-02
-6.452537328004837036e-02 -1.129215657711029053e-01
