-1.429963260889053345e-01 -7.828827016055583954e-03
1.007423028349876404e-01 -1.274655461311340332e-01
8.768233656883239746e-02 -2.075993828475475311e-02
9.181356430053710938e-02 -9.901793301105499268e-02
3.393796831369400024e-02 -1.563400030136108398e-01
-9.988921880722045898e-02 3.241894021630287170e-02
9.864564985036849976e-03 1.366241276264190674e-01
1.330931633710861206e-01 -3.781455159187316895e-01
-2.121629565954208374e-02 -4.564114287495613098e-02
1.436694860458374023e-01 1.358590573072433472e-01
3.464351296424865723e-01 -1.751061379909515381e-01
1.043707132339477539e-01 -1.866031438112258911e-01
-6.604681164026260376e-02 1.494957506656646729e-01
-1.566554307937622070e-01 -7.038445328362286091e-04
-2.067432701587677002e-01 1.767429858446121216e-01
-2.236658483743667603e-01 1.026588231325149536e-01
-2.452013045549392700e-01 8.079408854246139526e-02
-1.209081709384918213e-01 1.796770691871643066e-01
-9.694620966911315918e-02 2.039654403924942017e-01
1.738249510526657104e-01 -1.102889776229858398e-01
-1.488818079233169556e-01 -9.409184567630290985e-04
-1.047405321151018143e-02 1.634068936109542847e-01
2.937354743480682373e-01 -4.115874469280242920e-01
-6.600131094455718994e-02 -5.525467917323112488e-02
3.131282031536102295e-01 -3.446878194808959961e-01
3.340749740600585938e-01 -3.029254376888275146e-01
-7.386597990989685059e-02 -6.716662645339965820e-02
-1.052937135100364685e-01 -2.397049963474273682e-02
6.879238039255142212e-02 -1.784228682518005371e-01
-3.690030798316001892e-02 1.054729148745536804e-01
-3.419259488582611084e-01 3.950815796852111816e-01
2.449968159198760986e-01 -1.827616840600967407e-01
2.880698740482330322e-01 -1.500802040100097656e-01
3.456227108836174011e-02 -1.515737771987915039e-01
-2.002035230398178101e-01 5.632564425468444824e-02
-2.662410140037536621e-01 3.421730399131774902e-01
2.584275007247924805e-01 -2.993364036083221436e-01
-6.790404021739959717e-02 -2.122246101498603821e-02
-6.346584856510162354e-02 -2.997734211385250092e-02
5.405102968215942383e-01 -3.876824975013732910e-01
1.423001438379287720e-01 1.619177758693695068e-01
-1.324527561664581299e-01 1.407657563686370850e-01
-3.058413788676261902e-02 -1.103128679096698761e-02
-7.073864340782165527e-02 1.129602119326591492e-01
1.958885937929153442e-01 -7.499997317790985107e-02
1.399539411067962646e-01 -8.673256635665893555e-02
-2.383976429700851440e-01 1.046997979283332825e-01
2.356261610984802246e-01 -2.037058211863040924e-02
-7.618629187345504761e-02 4.870689660310745239e-02
1.609115512110292912e-03 -1.014849320054054260e-01
1.320134103298187256e-01 -5.093525722622871399e-02
-5.560919269919395447e-02 9.806422889232635498e-02
-1.132210567593574524e-01 1.605507880449295044e-01
-1.521632913500070572e-02 -1.130970194935798645e-01
-2.107980400323867798e-01 2.589010894298553467e-01
5.307682752609252930e-01 -5.360287427902221680e-01
-7.021166384220123291e-02 1.752752065658569336e-01
1.857411116361618042e-02 8.417961746454238892e-02
4.276599287986755371e-01 -3.454389274120330811e-01
-2.392550259828567505e-01 -2.430535480380058289e-02
-4.686824977397918701e-02 8.050706982612609863e-02
-7.872958481311798096e-02 9.513886272907257080e-02
1.499863862991333008e-01 -2.409813255071640015e-01
-7.240109890699386597e-02 -2.602257393300533295e-02
1.180023923516273499e-01 -3.243998885154724121e-01
-8.245356380939483643e-02 -5.456092581152915955e-02
2.275010049343109131e-01 -2.506118416786193848e-01
-1.577563881874084473e-01 2.467618435621261597e-01
5.475823283195495605e-01 -4.337816238403320312e-01
2.672289609909057617e-01 -2.466350235044956207e-02
-5.647281408309936523e-01 4.785187840461730957e-01
2.422780394554138184e-01 -1.877215057611465454e-01
-1.347772777080535889e-01 -1.480874605476856232e-02
-6.475796699523925781e-01 6.998599767684936523e-01
6.516956686973571777e-01 -6.966482400894165039e-01
5.709927678108215332e-01 -5.919449925422668457e-01
-2.172379754483699799e-02 -7.628396898508071899e-02
2.407959997653961182e-01 -1.900482028722763062e-01
-6.155262887477874756e-02 2.669373154640197754e-01
-3.898989036679267883e-02 -7.622866332530975342e-02
-1.411361694335937500e-01 1.236617192625999451e-01
2.006514817476272583e-01 -2.157032340764999390e-01
1.160362139344215393e-01 -1.759334094822406769e-02
-9.454451501369476318e-02 -3.754423931241035461e-02
-9.987362474203109741e-02 1.593207940459251404e-02
-9.234941005706787109e-02 9.764471650123596191e-02
5.560892224311828613e-01 -7.140869498252868652e-01
-1.587571650743484497e-01 2.709064781665802002e-01
3.313829898834228516e-01 -6.281262636184692383e-01
-2.413339316844940186e-01 4.690496623516082764e-01
3.444473072886466980e-02 7.241582125425338745e-02
-4.388948082923889160e-01 2.897145450115203857e-01
9.746468067169189453e-02 -6.334953475743532181e-03
-4.745933413505554199e-01 4.341449439525604248e-01
-6.685054302215576172e-01 6.969289779663085938e-01
2.018353641033172607e-01 -2.037031799554824829e-01
-4.936622828245162964e-02 3.293988108634948730e-01
-6.106725335121154785e-02 1.196074187755584717e-01
-8.953554183244705200e-02 1.764977723360061646e-01
-7.696776390075683594e-01 8.296079635620117188e-01
7.000550627708435059e-01 -8.202073574066162109e-01
-4.258612990379333496e-01 3.531094789505004883e-01
-6.282330751419067383e-01 4.840414524078369141e-01
2.899467349052429199e-01 -3.049985170364379883e-01
-9.715359658002853394e-02 -1.458774227648973465e-02
1.068963557481765747e-01 -1.774462908506393433e-01
2.593808993697166443e-02 -1.975587755441665649e-02
-1.208910420536994934e-01 2.706902027130126953e-01
-3.380536437034606934e-01 2.226369082927703857e-01
4.721486940979957581e-02 -1.164826750755310059e-02
-2.081833630800247192e-01 2.200857102870941162e-01
-3.092248141765594482e-01 9.366423636674880981e-02
-4.078983366489410400e-01 3.547013998031616211e-01
1.806914359331130981e-01 -1.265737116336822510e-01
-2.720225155353546143e-01 3.181298971176147461e-01
1.872700005769729614e-01 -8.735406398773193359e-02
3.476842865347862244e-02 -4.741388559341430664e-02
-1.140284612774848938e-01 4.479136690497398376e-02
-7.845139503479003906e-01 4.741271734237670898e-01
-2.913886606693267822e-01 9.984643012285232544e-02
-2.783629596233367920e-01 3.061193227767944336e-01
-3.995403349399566650e-01 3.283600807189941406e-01
3.272350728511810303e-01 -5.233523845672607422e-01
1.794790923595428467e-01 -1.168268918991088867e-01
-4.010240137577056885e-01 2.546772360801696777e-01
-4.034528732299804688e-01 3.658409416675567627e-01
-4.740346372127532959e-01 3.733381330966949463e-01
7.131637632846832275e-02 -8.079565316438674927e-02
2.697156071662902832e-01 -3.546151816844940186e-01
-5.640832185745239258e-01 5.417032837867736816e-01
6.038997769355773926e-01 -5.980669856071472168e-01
-1.924340575933456421e-01 1.931533366441726685e-01
-5.404842495918273926e-01 6.894482374191284180e-01
-3.500164747238159180e-01 3.781386017799377441e-01
-3.457950353622436523e-01 9.621553122997283936e-02
-1.834616065025329590e-01 3.748266026377677917e-02
1.832009851932525635e-01 -2.831487059593200684e-01
-2.540703117847442627e-01 2.608663439750671387e-01
6.899239122867584229e-02 -1.658342480659484863e-01
5.277594551444053650e-02 -1.125515066087245941e-02
1.042725086212158203e+00 -9.569989442825317383e-01
-3.807995915412902832e-01 4.956508278846740723e-01
6.427568197250366211e-01 -6.910714507102966309e-01
-2.858205437660217285e-01 3.758815228939056396e-01
-1.742935925722122192e-01 1.839760243892669678e-01
-3.325520455837249756e-01 6.457178294658660889e-02
-2.985615134239196777e-01 2.499660104513168335e-01
-1.018655076622962952e-01 5.984416604042053223e-02
3.660452067852020264e-01 -5.481800436973571777e-01
-5.972355008125305176e-01 6.995194554328918457e-01
-2.431580871343612671e-01 2.775107324123382568e-01
-2.329678982496261597e-01 1.993725299835205078e-01
-3.204317986965179443e-01 2.744427919387817383e-01
5.872573256492614746e-01 -6.831257343292236328e-01
-1.630011200904846191e-01 2.889049947261810303e-01
-1.826966255903244019e-01 1.198475956916809082e-01
-3.316629827022552490e-01 6.715185642242431641e-01
-1.829814612865447998e-01 1.146381571888923645e-01
3.978655040264129639e-01 -1.916533410549163818e-01
-3.460836708545684814e-01 3.602647185325622559e-01
-1.300931572914123535e+00 1.433065176010131836e+00
8.872787356376647949e-01 -7.848934531211853027e-01
-5.963283777236938477e-02 -2.393950968980789185e-01
2.495484650135040283e-01 -3.755581080913543701e-01
6.178858876228332520e-01 -4.989275336265563965e-01
-1.988664716482162476e-01 -2.456078305840492249e-02
-2.851283848285675049e-01 3.955632746219635010e-01
-7.519270777702331543e-01 6.061815023422241211e-01
-9.197784066200256348e-01 8.916152119636535645e-01
1.327553153038024902e+00 -1.261272072792053223e+00
4.718431532382965088e-01 -5.128982067108154297e-01
-2.487298995256423950e-01 4.063861668109893799e-01
-5.397537350654602051e-01 3.644573986530303955e-01
1.050156876444816589e-01 -1.416168957948684692e-01
-1.270319521427154541e-01 5.528522655367851257e-03
3.587462306022644043e-01 -2.950088977813720703e-01
-8.765501528978347778e-02 3.875569254159927368e-02
2.408049106597900391e-01 -3.974386453628540039e-01
-3.303531706333160400e-01 2.484620809555053711e-01
5.449730753898620605e-01 -4.430145621299743652e-01
9.268994927406311035e-01 -9.765895009040832520e-01
5.353375077247619629e-01 -3.573473691940307617e-01
7.184219360351562500e-02 -2.244896627962589264e-02
-7.945234775543212891e-01 8.384052515029907227e-01
3.239473998546600342e-01 -1.370866000652313232e-01
7.762879878282546997e-02 3.872552886605262756e-02
2.627356946468353271e-01 -1.066310107707977295e-01
-7.603595405817031860e-02 1.718795597553253174e-01
-3.265515565872192383e-01 2.953732907772064209e-01
-4.611777067184448242e-01 2.599271237850189209e-01
-6.239941343665122986e-02 6.210878491401672363e-02
-6.844145655632019043e-01 3.823567926883697510e-01
2.336213290691375732e-01 -4.946745634078979492e-01
1.295151263475418091e-01 -1.532446146011352539e-01
-4.076723754405975342e-02 1.449387371540069580e-01
1.138835772871971130e-01 -5.899148434400558472e-02
-1.766275800764560699e-02 -1.991533637046813965e-01
1.926435679197311401e-01 -3.406495153903961182e-01
2.346107959747314453e-01 -3.268254399299621582e-01
-8.409542590379714966e-02 -1.042797416448593140e-02
-1.290988326072692871e-01 -7.161537557840347290e-02
2.010693587362766266e-02 2.314018271863460541e-02
8.170039951801300049e-02 -1.000189781188964844e-01
2.677949368953704834e-01 -3.089399933815002441e-01
-4.932455420494079590e-01 2.378677427768707275e-01
-2.256899327039718628e-02 5.101024359464645386e-02
1.012094318866729736e-01 -3.342231214046478271e-01
-1.182015910744667053e-01 1.126830279827117920e-01
3.838022472336888313e-03 -2.729013562202453613e-02
6.032905727624893188e-02 3.041803464293479919e-02
-2.846671640872955322e-01 2.158483564853668213e-01
1.293476819992065430e-01 -5.830055847764015198e-02
-3.336116373538970947e-01 4.199713468551635742e-01
-4.180203974246978760e-01 3.158255815505981445e-01
3.732531666755676270e-01 -3.340293094515800476e-02
-8.515020459890365601e-02 1.332561969757080078e-01
1.336224824190139771e-01 -1.029939278960227966e-01
1.435903906822204590e-01 -1.376004666090011597e-01
-5.020210742950439453e-01 6.487022638320922852e-01
-1.531510055065155029e-01 1.084549427032470703e-01
1.922515034675598145e-01 -1.390336602926254272e-01
6.720344536006450653e-03 1.255515217781066895e-01
-4.064978659152984619e-02 1.364440172910690308e-01
3.583230376243591309e-01 -5.329789519309997559e-01
-2.257315367460250854e-01 1.595306247472763062e-01
8.075085282325744629e-02 -1.833595335483551025e-01
-6.679031997919082642e-02 1.685640513896942139e-01
2.972962558269500732e-01 -7.921199500560760498e-02
1.736704409122467041e-01 -2.830511033535003662e-01
-5.467906594276428223e-01 6.924005150794982910e-01
-2.870313525199890137e-01 2.239598482847213745e-01
2.795551717281341553e-01 -1.338296681642532349e-01
-4.221376776695251465e-02 2.798338420689105988e-02
1.178785338997840881e-01 -2.911846041679382324e-01
3.887941539287567139e-01 -4.086491167545318604e-01
3.046751320362091064e-01 -4.161497354507446289e-01
2.942210435867309570e-02 5.448491871356964111e-02
-3.082816004753112793e-01 3.427334427833557129e-01
-6.062965095043182373e-02 8.270114660263061523e-02
4.588845744729042053e-02 -9.552573412656784058e-02
-1.184720769524574280e-01 -2.627577483654022217e-01
3.782557249069213867e-01 -1.994953155517578125e-01
2.656613290309906006e-01 -1.252994835376739502e-01
-7.958120852708816528e-02 -1.947450265288352966e-02
-3.349807262420654297e-01 2.867162227630615234e-01
-1.762377172708511353e-01 7.058323919773101807e-02
2.676711082458496094e-01 2.310045994818210602e-02
-3.951084334403276443e-03 -5.419995286501944065e-04
-1.582376956939697266e-01 8.046528697013854980e-02
8.075442910194396973e-02 -2.474307566881179810e-01
-4.154221713542938232e-01 2.419132441282272339e-01
2.686268091201782227e-01 -3.023911416530609131e-01
-2.049730718135833740e-01 3.355305492877960205e-01
7.203094661235809326e-02 -1.353545784950256348e-01
1.477810293436050415e-01 -8.635736256837844849e-02
4.943728819489479065e-02 1.450123339891433716e-01
