-1.892284452915191650e-01 2.188192456960678101e-01
-1.088889837265014648e-01 1.014025732874870300e-01
1.048831045627593994e-01 -1.414322555065155029e-01
1.617300063371658325e-01 -3.140233159065246582e-01
-3.477249667048454285e-02 2.054073661565780640e-02
2.954338677227497101e-02 6.299804151058197021e-02
1.849647015333175659e-01 -2.499437145888805389e-02
1.831502467393875122e-01 -1.199985370039939880e-01
8.276093751192092896e-03 -1.044776737689971924e-01
1.463836580514907837e-01 -8.720585703849792480e-02
-2.180138230323791504e-01 1.030860990285873413e-01
7.983470708131790161e-02 -8.317747712135314941e-02
1.506847739219665527e-01 -1.052036210894584656e-01
4.614569991827011108e-02 -1.047215014696121216e-01
3.442700207233428955e-02 1.348093450069427490e-01
-3.139498531818389893e-01 1.827073991298675537e-01
1.861429363489151001e-01 -2.872944250702857971e-02
8.069270849227905273e-02 -2.872617244720458984e-01
1.026773899793624878e-01 -4.917723685503005981e-02
1.961825191974639893e-01 -3.250926733016967773e-01
1.008802950382232666e-01 -2.116777598857879639e-01
3.556030988693237305e-02 3.147023916244506836e-02
-1.224634647369384766e-01 1.249969452619552612e-01
-3.419396653771400452e-02 1.394379585981369019e-01
1.472785472869873047e-01 -2.000357806682586670e-01
2.283986061811447144e-01 -2.283219099044799805e-01
1.053008511662483215e-01 -1.132524088025093079e-01
-1.926379054784774780e-01 -9.876394271850585938e-02
7.499258499592542648e-03 -3.066088259220123291e-01
1.447888314723968506e-01 -3.061839044094085693e-01
-2.116085961461067200e-02 1.966938972473144531e-01
-6.835991144180297852e-02 2.806849591434001923e-02
6.318455934524536133e-02 -6.806220114231109619e-02
8.155884593725204468e-02 -8.918499946594238281e-02
-1.544473916292190552e-01 -1.572874002158641815e-02
-9.345832280814647675e-03 -6.957476586103439331e-02
5.305719748139381409e-02 -1.176354512572288513e-01
1.524360328912734985e-01 -7.416639477014541626e-02
1.196948662400245667e-01 -1.422771066427230835e-01
-2.061987854540348053e-02 -7.591864466667175293e-02
1.856415998190641403e-03 -2.084982395172119141e-01
-6.142720580101013184e-02 1.607499867677688599e-01
-2.310345135629177094e-02 -3.065537214279174805e-01
1.254221946001052856e-01 -9.070827811956405640e-02
1.320515573024749756e-01 1.133924201130867004e-01
1.103710532188415527e-01 -1.212513595819473267e-01
-2.851422131061553955e-01 7.844850420951843262e-02
-1.474897414445877075e-01 -4.103729501366615295e-02
7.180887460708618164e-02 1.971313357353210449e-02
4.480784013867378235e-02 -3.669983893632888794e-02
5.586605519056320190e-02 -2.411913871765136719e-01
8.610932528972625732e-02 -8.413705974817276001e-02
-3.644944354891777039e-02 -2.284650951623916626e-01
3.295849263668060303e-02 -4.404468461871147156e-02
-5.427256599068641663e-02 3.059578239917755127e-01
-8.644427359104156494e-02 -1.519660744816064835e-02
-1.491015404462814331e-01 1.631719805300235748e-02
3.046709895133972168e-01 -1.240594834089279175e-01
3.949379026889801025e-01 -1.356275677680969238e-01
6.853136420249938965e-02 -4.005986824631690979e-02
1.552454680204391479e-01 -1.804379075765609741e-01
-1.859134808182716370e-02 -3.207600489258766174e-02
7.820674031972885132e-02 -2.485627979040145874e-01
5.180326849222183228e-02 -1.041870713233947754e-01
-2.563793659210205078e-01 2.035299986600875854e-01
-2.895598411560058594e-01 1.046835184097290039e-01
1.671526134014129639e-01 -1.515772491693496704e-01
2.726743817329406738e-01 -2.833119928836822510e-01
-2.120798230171203613e-01 3.260927498340606689e-01
-5.663178116083145142e-02 -5.326607823371887207e-02
2.709873616695404053e-01 -9.349389374256134033e-02
2.526103258132934570e-01 -2.068046927452087402e-01
-2.013880461454391479e-01 3.709658607840538025e-02
-2.572508752346038818e-01 1.555294692516326904e-01
-2.970244288444519043e-01 2.241429984569549561e-01
5.534918233752250671e-02 -1.342448294162750244e-01
2.790183722972869873e-01 -1.573571860790252686e-01
2.192165851593017578e-01 -2.147465497255325317e-01
2.703768610954284668e-01 -3.512931615114212036e-02
-9.610611200332641602e-02 7.506974786520004272e-02
-1.462793648242950439e-01 -3.062923811376094818e-02
2.087679505348205566e-01 -3.146387934684753418e-01
8.758185803890228271e-02 -2.058563679456710815e-01
1.859931200742721558e-01 -1.983511820435523987e-02
3.126232922077178955e-01 -2.110388875007629395e-01
-5.586986895650625229e-03 1.267446577548980713e-01
-2.296582311391830444e-01 3.859591111540794373e-02
5.346135422587394714e-02 4.694486409425735474e-02
1.862038224935531616e-01 -3.630113005638122559e-01
1.957013159990310669e-01 -3.517722710967063904e-02
3.784973174333572388e-02 -3.325488865375518799e-01
-1.855405606329441071e-02 9.941713511943817139e-02
2.173611521720886230e-01 -3.333167433738708496e-01
-8.691239356994628906e-02 9.891369193792343140e-02
-2.682227492332458496e-01 3.288657665252685547e-01
-1.407034248113632202e-01 1.090538576245307922e-01
6.103601679205894470e-02 1.071083992719650269e-01
1.255021244287490845e-01 -3.056421577930450439e-01
2.022722363471984863e-01 -1.793729662895202637e-01
1.550240367650985718e-01 -1.646953821182250977e-01
-9.119302034378051758e-02 3.250099346041679382e-02
-6.043705344200134277e-02 -1.273429989814758301e-01
1.424337476491928101e-01 -1.605631262063980103e-01
-2.804249227046966553e-01 1.663696467876434326e-01
-5.693234130740165710e-02 1.415721029043197632e-01
-2.492022067308425903e-01 1.210000365972518921e-01
-2.044466137886047363e-01 -1.187835708260536194e-01
1.670317351818084717e-01 -1.470986306667327881e-01
-1.101293936371803284e-01 2.107889354228973389e-01
-3.218761086463928223e-02 1.636740416288375854e-01
-3.235648274421691895e-01 6.865250319242477417e-02
1.019820868968963623e-01 -1.976505070924758911e-01
-1.854058951139450073e-01 1.342272311449050903e-01
1.275065690279006958e-01 -7.422889024019241333e-02
2.244992703199386597e-01 -1.607223972678184509e-02
2.242618650197982788e-01 -8.528025448322296143e-02
5.269233952276408672e-04 -4.789172857999801636e-02
-2.321026176214218140e-01 2.117511183023452759e-01
-3.378707766532897949e-01 2.065978050231933594e-01
-2.876379787921905518e-01 5.542893707752227783e-02
1.629473417997360229e-01 -2.707797288894653320e-01
9.472680091857910156e-02 -9.683822095394134521e-02
7.283079624176025391e-02 -2.017138153314590454e-01
-7.314428687095642090e-02 1.168333664536476135e-01
2.429722994565963745e-01 -1.307677924633026123e-01
-1.049854010343551636e-01 1.506370753049850464e-01
2.415995150804519653e-01 -2.484456151723861694e-01
-2.486097998917102814e-02 -7.592583075165748596e-03
3.461916744709014893e-01 -1.163336411118507385e-01
-1.777276098728179932e-01 1.675557792186737061e-01
1.455027759075164795e-01 7.341532409191131592e-02
-1.375236064195632935e-01 1.523642092943191528e-01
-2.246454507112503052e-01 2.502713501453399658e-01
-1.760311126708984375e-01 1.160961464047431946e-01
-2.405531853437423706e-01 1.698247194290161133e-01
-1.558160185813903809e-01 1.412761956453323364e-01
-1.723080277442932129e-01 2.101201564073562622e-01
2.501191794872283936e-01 -1.635614633560180664e-01
2.797075733542442322e-02 3.109191358089447021e-02
3.111896514892578125e-01 -7.282171398401260376e-02
-1.595094799995422363e-01 8.134294184856116772e-04
1.090062707662582397e-01 1.633635838516056538e-04
-1.244204789400100708e-01 1.265459209680557251e-01
-7.233219593763351440e-02 4.332399740815162659e-02
-1.851741597056388855e-02 8.328208327293395996e-02
-7.805790752172470093e-02 -1.613855659961700439e-01
1.161380186676979065e-01 -2.900167107582092285e-01
-2.188646197319030762e-01 3.034912049770355225e-01
1.891126781702041626e-01 -2.715949416160583496e-01
-1.452192217111587524e-01 7.823524065315723419e-03
-2.038731127977371216e-01 -1.128934323787689209e-02
-1.486737560480833054e-02 2.511924207210540771e-01
2.793126404285430908e-01 5.922126397490501404e-02
3.174440935254096985e-02 1.262038201093673706e-02
1.404176503419876099e-01 6.994920223951339722e-02
2.741316258907318115e-01 -3.264518827199935913e-02
7.519011385738849640e-03 -3.055704012513160706e-02
2.571032941341400146e-01 -4.122200980782508850e-02
-7.564329355955123901e-02 -1.127735991030931473e-02
2.564355032518506050e-03 2.627695165574550629e-02
-3.095092773437500000e-01 2.150988131761550903e-01
1.664070188999176025e-01 -1.057219579815864563e-01
-1.906193643808364868e-01 2.829817533493041992e-01
1.448712199926376343e-01 -2.165457010269165039e-01
6.129889935255050659e-02 -1.803669482469558716e-01
-1.913529187440872192e-01 1.152585539966821671e-02
-2.981415949761867523e-03 -1.282819062471389771e-01
6.723530590534210205e-02 -8.304480463266372681e-02
-5.344121716916561127e-03 9.795918315649032593e-02
-3.074466586112976074e-01 -3.974812850356101990e-02
2.474420517683029175e-01 -3.023824691772460938e-01
-5.027717724442481995e-02 1.783792972564697266e-01
-6.609623134136199951e-02 4.764375835657119751e-02
7.132377475500106812e-02 -9.986813366413116455e-02
6.144877523183822632e-02 -6.935422774404287338e-03
2.342493385076522827e-01 -7.844481617212295532e-02
1.010757908225059509e-01 1.083268132060766220e-02
-1.951949298381805420e-01 5.854928493499755859e-02
1.486932635307312012e-01 -1.314527392387390137e-01
2.738896012306213379e-01 -2.343888282775878906e-01
-7.038728147745132446e-02 5.979216843843460083e-02
-2.334324456751346588e-02 1.294847577810287476e-02
1.566312015056610107e-01 -2.180011272430419922e-01
-2.462937384843826294e-01 4.859376326203346252e-02
1.533634215593338013e-02 -6.780521571636199951e-02
9.412608295679092407e-02 -1.329562962055206299e-01
-1.301305294036865234e-01 2.472089603543281555e-02
4.803387820720672607e-02 1.394643336534500122e-01
-7.515260577201843262e-02 -5.007078126072883606e-02
1.328624337911605835e-01 -8.679435402154922485e-02
1.107449978590011597e-01 -1.767387539148330688e-01
3.176880255341529846e-02 -1.245701387524604797e-01
8.854261785745620728e-02 2.072391957044601440e-01
3.944655507802963257e-02 1.049312800168991089e-01
-1.476848572492599487e-01 -2.186212688684463501e-02
-6.190128624439239502e-02 -2.417467534542083740e-02
-2.488715648651123047e-01 1.105866283178329468e-01
-1.397542059421539307e-01 6.292305141687393188e-02
1.852227598428726196e-01 2.897545509040355682e-02
-8.281192183494567871e-02 9.857870638370513916e-03
-5.167007073760032654e-02 1.141462549567222595e-01
3.612810373306274414e-02 9.891087561845779419e-02
1.643251068890094757e-02 -6.233948096632957458e-02
-9.841430932283401489e-03 5.083919689059257507e-02
2.698437310755252838e-02 -2.354799397289752960e-02
-4.296325892210006714e-02 1.726830452680587769e-01
-7.026817649602890015e-02 1.427254527807235718e-01
-2.456461042165756226e-01 2.308859974145889282e-01
-1.066756322979927063e-01 -5.978949740529060364e-02
-7.309321314096450806e-02 2.002056986093521118e-01
-8.433512412011623383e-03 9.660960733890533447e-02
2.344153821468353271e-02 -1.781600713729858398e-02
-1.752150356769561768e-01 1.019775569438934326e-01
-3.943217452615499496e-03 6.477760523557662964e-02
-5.874732509255409241e-02 1.497746258974075317e-01
2.351150475442409515e-02 1.360555738210678101e-02
1.983919888734817505e-01 -2.426533102989196777e-01
-8.584681898355484009e-02 -7.895214110612869263e-02
-2.572312578558921814e-02 1.762863844633102417e-01
5.740806460380554199e-02 5.077706649899482727e-02
1.550848037004470825e-01 -2.599571645259857178e-01
2.064293771982192993e-01 -1.826316677033901215e-02
-1.158150434494018555e-01 7.999704778194427490e-02
-1.271058470010757446e-01 4.082875326275825500e-02
6.863488256931304932e-02 -1.428687125444412231e-01
1.702087223529815674e-01 3.938345983624458313e-02
-1.955657899379730225e-01 2.356082797050476074e-01
-5.639099702239036560e-02 2.307280525565147400e-02
1.096166148781776428e-01 -1.833583563566207886e-01
5.572868138551712036e-02 8.806689642369747162e-03
-1.554912626743316650e-01 1.826202273368835449e-01
5.108246952295303345e-02 -1.116881221532821655e-01
2.552179247140884399e-02 1.108345910906791687e-01
-2.467572838068008423e-01 1.128167584538459778e-01
1.542895883321762085e-01 -8.162534236907958984e-02
8.963632583618164062e-02 -8.110569417476654053e-02
-7.541480660438537598e-02 -4.412548243999481201e-02
5.861306190490722656e-02 9.192220866680145264e-03
1.374879777431488037e-01 -1.251076012849807739e-01
-1.158027201890945435e-01 6.614603102207183838e-02
-4.537161812186241150e-02 1.564609110355377197e-01
-8.306352794170379639e-02 -1.947903037071228027e-01
3.051790036261081696e-02 -6.674098968505859375e-02
-8.721064776182174683e-02 -4.537951573729515076e-02
-1.162798777222633362e-01 2.675623595714569092e-01
1.974129974842071533e-01 -1.464822292327880859e-01
7.651971280574798584e-02 8.182230405509471893e-03
-9.997707605361938477e-02 2.306650765240192413e-02
-1.639845781028270721e-02 -2.245035767555236816e-01
2.044716775417327881e-01 -1.291295886039733887e-01
5.423584207892417908e-02 3.221254330128431320e-03
4.944414249621331692e-04 -1.551975458860397339e-01
1.202371418476104736e-01 -1.379311382770538330e-01
1.425616536289453506e-02 -4.805216193199157715e-02
2.175427824258804321e-01 -1.158547326922416687e-01
9.440976381301879883e-02 -4.214576259255409241e-02
