-3.006468117237091064e-01 1.775580495595932007e-01
-3.336065709590911865e-01 2.863485217094421387e-01
-3.994414806365966797e-01 2.511582672595977783e-01
-1.759715564548969269e-02 1.418172121047973633e-01
5.832738243043422699e-03 -1.190651021897792816e-02
-3.937255218625068665e-02 5.442175269126892090e-02
2.683622241020202637e-01 -3.982839360833168030e-02
-3.093984127044677734e-01 9.995649009943008423e-02
-1.117278188467025757e-01 -1.142943557351827621e-02
1.337415128946304321e-01 -2.498009055852890015e-01
3.650354444980621338e-01 -2.173956632614135742e-01
-2.336487360298633575e-02 3.612337633967399597e-02
1.291975080966949463e-01 9.636618196964263916e-02
1.382258981466293335e-01 1.841954290866851807e-01
9.902476519346237183e-02 -8.652824163436889648e-02
1.719351410865783691e-01 -1.955018043518066406e-01
-3.554416894912719727e-01 3.927204310894012451e-01
1.493069380521774292e-01 -2.667485475540161133e-01
-2.844849824905395508e-01 1.865085363388061523e-01
-4.145785570144653320e-01 4.213328659534454346e-01
1.069561243057250977e-01 -1.202557235956192017e-01
-2.147195637226104736e-01 1.960786134004592896e-01
-2.251330763101577759e-01 3.054356575012207031e-01
-1.154917329549789429e-01 -1.631994382478296757e-03
2.461789995431900024e-01 -6.419938057661056519e-02
-3.409380018711090088e-01 1.970388740301132202e-01
-8.219176530838012695e-02 1.154860034584999084e-01
-3.257273882627487183e-02 9.749586880207061768e-02
2.328536212444305420e-01 -2.716908752918243408e-01
-2.547762691974639893e-01 1.765418648719787598e-01
1.737071871757507324e-01 -7.857402414083480835e-02
3.465579152107238770e-01 -6.037261486053466797e-01
-4.796367511153221130e-02 -4.180245101451873779e-02
2.338027954101562500e-01 -3.493843972682952881e-02
2.217621952295303345e-01 -9.475722163915634155e-02
1.660620719194412231e-01 -1.725703030824661255e-01
-1.119645684957504272e-01 -5.695455893874168396e-02
1.230615004897117615e-01 -8.868391066789627075e-02
-1.474767178297042847e-01 2.241390347480773926e-01
2.058499306440353394e-01 -3.092069923877716064e-01
-6.949368864297866821e-02 1.309529691934585571e-01
-2.402428239583969116e-01 -2.736037597060203552e-02
-5.157662630081176758e-01 4.948994517326354980e-01
-3.504787012934684753e-02 -5.300197750329971313e-02
2.775342762470245361e-01 -1.612428128719329834e-01
-2.080884128808975220e-01 1.277429759502410889e-01
1.339686810970306396e-01 2.025378309190273285e-02
-2.748105302453041077e-02 -5.017442628741264343e-02
9.458100795745849609e-02 1.738626509904861450e-02
1.352874934673309326e-01 -1.793076545000076294e-01
1.887139230966567993e-01 -1.227781698107719421e-01
-4.649999439716339111e-01 1.647236943244934082e-01
-2.597899734973907471e-02 4.360724985599517822e-02
2.718246281147003174e-01 -2.347041070461273193e-01
-1.870264112949371338e-01 1.081837564706802368e-01
-1.619240827858448029e-02 -2.577316947281360626e-02
-3.456307649612426758e-01 1.948599517345428467e-01
1.296090185642242432e-01 6.906764209270477295e-02
6.560231745243072510e-02 4.701905325055122375e-02
-4.806917607784271240e-01 4.303152561187744141e-01
-1.329628080129623413e-01 -4.358683526515960693e-02
1.053158789873123169e-01 1.430134288966655731e-02
3.237180411815643311e-02 -2.410220801830291748e-01
4.535862505435943604e-01 -3.271058201789855957e-01
2.252383679151535034e-01 -1.002053022384643555e-01
-5.457869172096252441e-01 6.295260190963745117e-01
-6.813110709190368652e-01 6.853725910186767578e-01
4.067152440547943115e-01 -5.033170580863952637e-01
-8.015979528427124023e-01 6.880684494972229004e-01
-2.229415327310562134e-01 1.358731836080551147e-01
3.765836358070373535e-01 -5.467253327369689941e-01
1.018235906958580017e-01 -2.383562028408050537e-01
-2.615389823913574219e-01 1.720677465200424194e-01
6.377893090248107910e-01 -4.777202904224395752e-01
4.317421317100524902e-01 -3.510523140430450439e-01
-1.065328598022460938e+00 1.032782793045043945e+00
1.297629237174987793e+00 -1.228699445724487305e+00
-2.263607084751129150e-01 3.077158927917480469e-01
1.805133819580078125e-01 -1.185991168022155762e-01
-6.276499480009078979e-02 1.467200070619583130e-01
-2.834252417087554932e-01 4.312875866889953613e-01
2.931304872035980225e-01 -3.745233416557312012e-01
-5.734638571739196777e-01 6.334476470947265625e-01
-4.840651452541351318e-01 4.710100889205932617e-01
-2.868564724922180176e-01 2.449930161237716675e-01
-6.210466623306274414e-01 8.166381120681762695e-01
4.835309982299804688e-01 -4.416248798370361328e-01
-1.763296276330947876e-01 -3.907829523086547852e-02
9.492228180170059204e-02 -1.668515652418136597e-01
1.347980648279190063e-01 -1.897705346345901489e-01
-2.602023780345916748e-01 4.487060308456420898e-01
-4.603812471032142639e-02 2.212256640195846558e-01
2.263889461755752563e-01 -2.130189985036849976e-01
-2.898419201374053955e-01 1.732773929834365845e-01
7.015610933303833008e-01 -7.914845943450927734e-01
-3.340099751949310303e-01 2.072824239730834961e-01
-2.220770157873630524e-02 1.359557062387466431e-01
6.645631045103073120e-02 -1.384303569793701172e-01
-4.106158912181854248e-01 5.591953992843627930e-01
9.812367558479309082e-01 -8.280780911445617676e-01
2.265029549598693848e-01 -6.205459684133529663e-02
3.411359488964080811e-01 -1.420836448669433594e-01
-3.775789737701416016e-01 3.742071092128753662e-01
-3.817563951015472412e-01 3.123736381530761719e-01
-3.219675272703170776e-02 1.031386926770210266e-01
-1.618921160697937012e-01 2.396043688058853149e-01
-1.984692513942718506e-01 4.066811501979827881e-01
-3.251325190067291260e-01 3.282212316989898682e-01
-4.313444197177886963e-01 5.518495440483093262e-01
1.138444319367408752e-01 -5.315538123250007629e-02
3.762981593608856201e-01 -2.541619837284088135e-01
2.502023577690124512e-01 -1.558347791433334351e-01
-4.550627171993255615e-01 3.812080323696136475e-01
-2.950055599212646484e-01 8.321241289377212524e-02
-1.167830973863601685e-01 2.399445921182632446e-01
-4.652545452117919922e-01 3.958080410957336426e-01
6.857036352157592773e-01 -6.330165266990661621e-01
3.730449378490447998e-01 -3.481142818927764893e-01
-2.734149992465972900e-01 3.336379230022430420e-01
-1.866979151964187622e-01 1.714850962162017822e-01
-2.726306915283203125e-01 2.161824405193328857e-01
-1.456487774848937988e-01 9.556768834590911865e-02
-1.366920173168182373e-01 2.182641327381134033e-01
-2.526431977748870850e-01 1.249500662088394165e-01
5.479564666748046875e-01 -3.556843996047973633e-01
-3.062352538108825684e-01 3.601760268211364746e-01
-5.805249810218811035e-01 4.547715187072753906e-01
6.854519248008728027e-02 -1.475005596876144409e-01
8.857961297035217285e-01 -1.087910652160644531e+00
-1.674252897500991821e-01 1.570164412260055542e-01
-2.683836519718170166e-01 3.099548518657684326e-01
-4.363822340965270996e-01 4.808140993118286133e-01
1.201153993606567383e+00 -9.669182896614074707e-01
-2.480180114507675171e-01 3.584631979465484619e-01
2.643719613552093506e-01 -4.499409794807434082e-01
2.378718554973602295e-02 1.415395438671112061e-01
4.880165308713912964e-02 -4.111200198531150818e-02
2.939565107226371765e-03 -8.562336117029190063e-02
8.389536738395690918e-01 -7.422627806663513184e-01
7.284076809883117676e-01 -7.428500652313232422e-01
3.852222561836242676e-01 -2.854069769382476807e-01
-4.848755300045013428e-01 3.494521379470825195e-01
-3.534114062786102295e-01 3.340214192867279053e-01
-4.947627186775207520e-01 4.619847834110260010e-01
2.094431817531585693e-01 -9.233838319778442383e-02
3.055094182491302490e-01 -1.137250810861587524e-01
-1.044707968831062317e-01 -1.029091626405715942e-01
-1.032083511352539062e+00 8.047232627868652344e-01
-5.040023922920227051e-01 6.936437487602233887e-01
-6.874064803123474121e-01 5.093274712562561035e-01
-1.879645735025405884e-01 8.650866895914077759e-02
-8.945755362510681152e-01 1.050188660621643066e+00
5.013064146041870117e-01 -7.840687036514282227e-01
3.909042775630950928e-01 -3.736909627914428711e-01
-6.145302653312683105e-01 4.954683482646942139e-01
-2.210323214530944824e-01 2.910245060920715332e-01
5.186565518379211426e-01 -4.556133449077606201e-01
-5.808567404747009277e-01 5.747578144073486328e-01
5.637050271034240723e-01 -4.995515644550323486e-01
4.526361525058746338e-01 -4.774365723133087158e-01
6.699325442314147949e-01 -5.891537070274353027e-01
-3.300994038581848145e-01 3.180338740348815918e-01
6.835350990295410156e-01 -6.529975533485412598e-01
-2.043995261192321777e-01 1.955554336309432983e-01
5.841396450996398926e-01 -6.838547587394714355e-01
-3.342773020267486572e-01 3.342500925064086914e-01
-4.073403403162956238e-02 1.187549754977226257e-01
6.129711866378784180e-01 -4.535761475563049316e-01
7.683952152729034424e-02 -1.146093457937240601e-01
-2.344818264245986938e-01 2.155044674873352051e-01
3.675004094839096069e-02 -2.175870537757873535e-02
6.509207487106323242e-01 -5.999978184700012207e-01
1.075439006090164185e-01 -4.207459092140197754e-02
5.302827954292297363e-01 -3.485299646854400635e-01
4.164074063301086426e-01 -3.470154404640197754e-01
-3.184847533702850342e-01 3.690854609012603760e-01
7.725026011466979980e-01 -7.161939740180969238e-01
1.041702553629875183e-01 -2.980431020259857178e-01
1.696270108222961426e-01 -1.726607829332351685e-01
2.300703972578048706e-01 -2.774431407451629639e-01
3.173917233943939209e-01 -3.512878715991973877e-01
-8.373727202415466309e-01 8.253895640373229980e-01
-6.367536783218383789e-01 6.203685402870178223e-01
2.300852686166763306e-01 -3.579203188419342041e-01
1.093153059482574463e-01 -2.485576868057250977e-01
3.528451621532440186e-01 -4.318777322769165039e-01
-4.055424034595489502e-01 3.417389690876007080e-01
3.640979528427124023e-01 -2.176259309053421021e-01
4.284675717353820801e-01 -3.206379711627960205e-01
2.171081863343715668e-02 -2.234795689582824707e-02
1.430384367704391479e-01 -8.366420120000839233e-02
3.394016027450561523e-01 -4.441584944725036621e-01
1.143344342708587646e-01 1.145233064889907837e-01
-7.348576188087463379e-02 -9.148368984460830688e-02
-1.120835319161415100e-01 3.074867129325866699e-01
-2.661650180816650391e-01 -1.046870369464159012e-02
1.019211485981941223e-02 8.929819799959659576e-03
-3.613074542954564095e-03 -4.248659312725067139e-02
5.566680431365966797e-01 -6.422303915023803711e-01
-2.632614076137542725e-01 3.965063691139221191e-01
2.624018490314483643e-02 1.648600585758686066e-02
-9.797846525907516479e-02 -1.266600340604782104e-01
-2.452189922332763672e-01 1.864873319864273071e-01
1.269391626119613647e-01 -5.690899677574634552e-03
1.058990135788917542e-02 -1.624613851308822632e-01
-3.787429332733154297e-01 2.614711225032806396e-01
1.559257954359054565e-01 -7.588155567646026611e-02
-9.237040579319000244e-02 4.132647439837455750e-02
-5.087257176637649536e-02 1.325072050094604492e-01
1.100518554449081421e-01 -1.259829401969909668e-01
-6.045098900794982910e-01 7.831306457519531250e-01
6.816608458757400513e-02 -4.770658537745475769e-02
-3.764561116695404053e-01 2.301093190908432007e-01
-1.797792017459869385e-01 1.564786285161972046e-01
5.219447612762451172e-02 4.714839532971382141e-02
-4.955897107720375061e-02 -5.201692134141921997e-02
-4.493306949734687805e-02 9.186346083879470825e-02
2.896341383457183838e-01 -3.415302932262420654e-01
-4.118346273899078369e-01 2.122757583856582642e-01
2.160116434097290039e-01 -1.361904889345169067e-01
2.835275046527385712e-02 -1.048359051346778870e-01
2.143889963626861572e-01 -5.867644399404525757e-02
2.444649487733840942e-01 -4.661667346954345703e-01
2.120631374418735504e-02 -5.530358850955963135e-02
-3.218225538730621338e-01 2.559221684932708740e-01
1.602400392293930054e-01 5.222056061029434204e-02
-1.381876617670059204e-01 -4.953479394316673279e-02
1.501434892416000366e-01 -1.100795194506645203e-01
2.461069971323013306e-01 -1.372267603874206543e-01
1.207614615559577942e-01 1.394475251436233521e-01
-4.899106174707412720e-02 -1.493834108114242554e-01
2.254730015993118286e-01 -7.299456745386123657e-02
5.584299191832542419e-02 -9.712416678667068481e-02
-2.524486482143402100e-01 3.075835704803466797e-01
2.479591965675354004e-01 -4.449330866336822510e-01
6.009430810809135437e-02 2.595839649438858032e-02
-1.057255566120147705e-01 8.326911367475986481e-03
-1.318011879920959473e-01 2.328724563121795654e-01
3.180729150772094727e-01 -1.998726427555084229e-01
-1.759014576673507690e-01 2.021619826555252075e-01
3.694532215595245361e-01 -5.074689984321594238e-01
4.642119705677032471e-01 -3.754361271858215332e-01
-2.029528021812438965e-01 4.424599409103393555e-01
2.281131148338317871e-01 -4.056208953261375427e-02
1.629114151000976562e-01 -1.456000655889511108e-01
-1.616906374692916870e-01 2.179880589246749878e-01
-1.429254263639450073e-01 3.314545452594757080e-01
-2.128923088312149048e-01 2.258144468069076538e-01
-1.189830452203750610e-01 1.039607673883438110e-01
-9.200440347194671631e-02 1.546457707881927490e-01
1.631683260202407837e-01 1.139383763074874878e-01
2.105921655893325806e-01 -1.468385607004165649e-01
2.039959877729415894e-01 -3.869573026895523071e-02
-4.708598256111145020e-01 4.151109755039215088e-01
-1.450597345829010010e-01 1.377408504486083984e-01
6.411339044570922852e-01 -7.171635627746582031e-01
