1.407394260168075562e-01 3.367099165916442871e-02
1.389483660459518433e-01 -1.589838862419128418e-01
8.559524267911911011e-02 5.521287396550178528e-02
-6.849828362464904785e-02 1.552159190177917480e-01
-2.045601978898048401e-02 -3.415282815694808960e-02
2.526155412197113037e-01 -1.455935090780258179e-01
1.357585191726684570e-01 -2.212518602609634399e-01
9.722906351089477539e-02 -1.850964426994323730e-01
7.415334880352020264e-02 -8.218105137348175049e-02
-1.027831137180328369e-01 -3.685136884450912476e-02
-6.502054631710052490e-02 -1.195812504738569260e-02
9.212564677000045776e-02 -1.697547286748886108e-01
-7.251759525388479233e-03 -8.095443248748779297e-02
1.666438430547714233e-01 -9.563561528921127319e-02
5.883608385920524597e-02 -1.746544986963272095e-01
-2.720189392566680908e-01 9.432698786258697510e-02
4.969030618667602539e-03 -2.709015831351280212e-02
4.058244079351425171e-02 -1.767800301313400269e-01
4.137174785137176514e-02 2.368817664682865143e-02
1.784373968839645386e-01 -1.175960451364517212e-01
8.128879708237946033e-04 -8.084964752197265625e-02
-1.637692451477050781e-01 -6.274918466806411743e-02
-7.761398702859878540e-02 -1.986138373613357544e-01
-1.449486315250396729e-01 2.085503786802291870e-01
2.600498795509338379e-01 1.653506420552730560e-02
1.760589033365249634e-01 -3.942153602838516235e-02
-3.809323161840438843e-02 -2.244541794061660767e-01
-4.160815104842185974e-02 -2.009009011089801788e-02
-3.643375262618064880e-02 -1.840898394584655762e-01
-2.212065160274505615e-01 8.140257745981216431e-02
-3.570063784718513489e-02 -1.073894202709197998e-01
-1.517579983919858932e-02 1.742321997880935669e-01
9.349507093429565430e-02 1.435624808073043823e-01
2.374855615198612213e-02 -3.666101768612861633e-02
-4.040443524718284607e-02 1.049942076206207275e-01
-1.000989079475402832e-01 1.007339265197515488e-02
2.827981114387512207e-02 -8.858430385589599609e-02
-1.752113848924636841e-01 2.159374952316284180e-02
2.349449880421161652e-02 3.320167772471904755e-03
2.107295244932174683e-01 -3.607057407498359680e-02
4.553897678852081299e-02 8.932588249444961548e-02
8.996205031871795654e-02 -8.690569549798965454e-02
3.932773321866989136e-02 -1.442749351263046265e-01
2.477500215172767639e-02 3.526074066758155823e-02
-1.283685415983200073e-01 1.708152443170547485e-01
-2.398073524236679077e-01 2.234402447938919067e-01
-9.618462622165679932e-02 7.324026082642376423e-04
-1.233058199286460876e-01 -6.277708709239959717e-02
-2.686161696910858154e-01 1.199093163013458252e-01
7.168376445770263672e-02 -3.479423001408576965e-02
7.819310994818806648e-04 -2.030333504080772400e-02
6.636768579483032227e-02 -3.048393316566944122e-02
-4.658509977161884308e-03 -7.611972838640213013e-02
-3.196970745921134949e-02 4.402092192322015762e-03
1.407637894153594971e-01 -7.430166006088256836e-02
5.000620707869529724e-02 7.247714698314666748e-02
-2.173889875411987305e-01 5.654305685311555862e-03
-1.314637064933776855e-01 1.588293612003326416e-01
-1.561886165291070938e-02 -1.312903314828872681e-01
9.282429516315460205e-02 6.542695313692092896e-02
-5.524602532386779785e-02 9.699350595474243164e-02
-7.728453725576400757e-02 -1.332188583910465240e-02
-4.372606426477432251e-02 -1.326200962066650391e-01
8.117139339447021484e-02 1.101397722959518433e-01
2.018289119005203247e-01 -3.242880403995513916e-01
-2.169395051896572113e-02 -4.796203225851058960e-02
-2.373575568199157715e-01 7.750023901462554932e-02
3.476676046848297119e-01 -3.244461119174957275e-01
-4.284643381834030151e-02 1.401083171367645264e-01
-8.373056352138519287e-02 1.901324465870857239e-02
1.949273645877838135e-01 -1.284589916467666626e-01
2.439029365777969360e-01 -2.434163838624954224e-01
9.594649076461791992e-02 -1.398198455572128296e-01
-7.281767670065164566e-03 8.637186139822006226e-02
5.301008000969886780e-02 -9.237112849950790405e-02
-3.929534181952476501e-02 -5.349245667457580566e-02
8.907578885555267334e-02 -1.479263156652450562e-01
8.186713792383670807e-03 -1.132955774664878845e-01
1.368708163499832153e-01 -1.528816968202590942e-01
-5.559598281979560852e-02 6.590296328067779541e-02
4.415814951062202454e-02 5.501776561141014099e-02
1.243176013231277466e-01 -2.838892638683319092e-01
-1.165420711040496826e-01 -7.155854254961013794e-03
2.260493934154510498e-01 -2.925166487693786621e-01
-3.186865895986557007e-02 3.511745855212211609e-02
-1.527641266584396362e-01 2.802222073078155518e-01
2.607899904251098633e-01 -2.329493314027786255e-01
-1.293330937623977661e-01 -3.935557976365089417e-02
6.482721865177154541e-02 -7.270856760442256927e-03
8.294971287250518799e-02 -2.897365093231201172e-01
1.721975505352020264e-01 -6.718535721302032471e-02
1.049764677882194519e-01 5.466071516275405884e-02
-1.245039105415344238e-01 2.811434864997863770e-02
2.209694534540176392e-01 -1.558899730443954468e-01
1.030367836356163025e-01 -1.955510377883911133e-01
-1.137327104806900024e-01 3.391185998916625977e-01
-1.308840215206146240e-01 1.192868500947952271e-01
4.937401786446571350e-02 -7.127971947193145752e-02
2.528197467327117920e-01 -1.840388625860214233e-01
-1.005062535405158997e-01 1.203866451978683472e-01
-3.267410025000572205e-02 2.533881925046443939e-02
-9.827210009098052979e-02 -3.425713162869215012e-03
-2.065672576427459717e-01 8.628806471824645996e-02
1.880554109811782837e-01 -2.083694785833358765e-01
-8.762446045875549316e-02 1.841474771499633789e-01
-1.430373638868331909e-01 3.268300890922546387e-01
-1.675161421298980713e-01 9.100744128227233887e-02
5.715891718864440918e-02 -5.868344567716121674e-03
-1.353217661380767822e-01 6.120354309678077698e-02
-1.774452775716781616e-01 1.042884290218353271e-01
-1.272164434194564819e-01 1.346051543951034546e-01
-9.841101244091987610e-03 6.239859014749526978e-02
-7.688762992620468140e-02 1.895115077495574951e-01
1.528612375259399414e-01 -1.827805638313293457e-01
-6.725393235683441162e-03 1.117976903915405273e-01
-1.306371241807937622e-01 2.893388830125331879e-02
1.575927436351776123e-01 -1.529400348663330078e-01
-2.499347776174545288e-01 8.663115650415420532e-02
3.159197280183434486e-03 -6.117720901966094971e-02
-4.242027178406715393e-02 2.215033955872058868e-02
-2.167446762323379517e-01 9.379727393388748169e-02
-1.567767411470413208e-01 2.856253683567047119e-01
1.558679640293121338e-01 -4.998381063342094421e-02
2.261417806148529053e-01 -1.740769594907760620e-01
2.069187909364700317e-01 -1.065440475940704346e-01
-6.538733094930648804e-02 1.922563463449478149e-01
1.650916188955307007e-01 -9.894974529743194580e-02
1.895546317100524902e-01 8.261477947235107422e-02
7.080464065074920654e-02 -1.104175373911857605e-01
-1.850430220365524292e-01 1.950215548276901245e-02
2.153113633394241333e-01 -1.195801072753965855e-03
-1.386634074151515961e-02 2.566108703613281250e-01
2.029627710580825806e-01 -1.500102132558822632e-01
-5.504603683948516846e-02 -6.769283860921859741e-02
-2.353728264570236206e-01 1.525687277317047119e-01
-2.348667979240417480e-01 1.452223956584930420e-01
-3.175849467515945435e-02 2.264557480812072754e-01
-6.747110933065414429e-02 -1.156432703137397766e-01
-4.966766759753227234e-02 6.731465458869934082e-02
-3.751488402485847473e-02 -1.417439728975296021e-01
-3.254047632217407227e-01 3.019243776798248291e-01
-1.006461232900619507e-01 -7.932684570550918579e-02
-2.022058069705963135e-01 1.013443768024444580e-01
-1.337003260850906372e-01 1.143771409988403320e-01
2.190373241901397705e-01 -7.940156757831573486e-02
-2.900629043579101562e-01 1.836619228124618530e-01
1.907409727573394775e-01 -2.832323610782623291e-01
2.805835306644439697e-01 -1.783009022474288940e-01
2.059548646211624146e-01 -1.086696162819862366e-01
-2.134334854781627655e-02 -2.725456953048706055e-01
8.754067122936248779e-02 2.290618233382701874e-02
1.980953812599182129e-01 -1.382876485586166382e-01
-5.169880017638206482e-02 -8.181247115135192871e-02
-2.813490331172943115e-01 2.500863075256347656e-01
1.252789199352264404e-01 2.066212147474288940e-02
-1.871001869440078735e-01 6.011639535427093506e-02
8.439652621746063232e-02 1.690798252820968628e-01
1.716226935386657715e-01 -8.684168756008148193e-02
8.808363229036331177e-02 -2.822289168834686279e-01
-1.805529445409774780e-01 8.633514493703842163e-02
1.343349367380142212e-01 -4.814981296658515930e-02
-7.163482718169689178e-03 -3.513820841908454895e-02
6.859366595745086670e-02 -1.895794868469238281e-01
-4.820746835321187973e-03 3.439700603485107422e-01
1.612875908613204956e-01 -1.376202851533889771e-01
1.405596137046813965e-01 -4.435906186699867249e-02
4.153809323906898499e-02 -1.102858409285545349e-01
-2.764996290206909180e-01 1.538903862237930298e-01
-1.994313672184944153e-03 1.277946215122938156e-02
-1.949772089719772339e-01 9.514339268207550049e-02
1.441885828971862793e-01 -4.927783831954002380e-02
-1.509578078985214233e-01 1.593498885631561279e-02
3.582321107387542725e-03 1.560472846031188965e-01
-3.276420757174491882e-02 1.673579066991806030e-01
-5.546112731099128723e-02 1.077742353081703186e-01
1.165730878710746765e-02 1.474849320948123932e-02
6.045569106936454773e-02 -8.924183249473571777e-02
-1.640480309724807739e-01 1.613707989454269409e-01
-1.186377480626106262e-01 2.804427742958068848e-01
9.782117605209350586e-02 -1.624112427234649658e-01
1.264730542898178101e-01 -1.689262688159942627e-01
-3.731958195567131042e-02 7.942175120115280151e-02
1.940031200647354126e-01 -1.780550926923751831e-01
-8.760076016187667847e-02 1.847084760665893555e-01
5.280743166804313660e-02 -3.224267810583114624e-02
2.975264377892017365e-02 2.828838825225830078e-01
-8.447831124067306519e-02 1.626929640769958496e-01
1.458294242620468140e-01 1.865811087191104889e-02
-1.759730577468872070e-01 2.156948447227478027e-01
4.909319058060646057e-02 -1.293466538190841675e-01
-1.680361777544021606e-01 2.953945994377136230e-01
-8.900102972984313965e-02 1.187668070197105408e-01
-3.650010749697685242e-02 3.385479375720024109e-02
1.053362935781478882e-01 2.385980449616909027e-02
2.257851809263229370e-01 -2.207781821489334106e-01
-1.514489203691482544e-01 6.528528779745101929e-02
1.536746174097061157e-01 -3.164773285388946533e-01
-1.586967110633850098e-01 8.589208871126174927e-02
5.068192258477210999e-02 2.554413378238677979e-01
1.200994253158569336e-01 -1.166208088397979736e-01
2.280609160661697388e-01 -1.864085346460342407e-02
1.331311315298080444e-01 -4.435754939913749695e-02
-3.438039682805538177e-03 -2.200013697147369385e-01
8.013299666345119476e-03 8.944846689701080322e-03
-1.497620046138763428e-01 6.087764725089073181e-02
2.194762825965881348e-01 -1.159673035144805908e-01
-1.615703552961349487e-01 7.433865219354629517e-02
-5.879223719239234924e-02 1.730530112981796265e-01
-8.072078227996826172e-02 1.397310048341751099e-01
-6.327668577432632446e-02 -3.826748952269554138e-02
3.144065141677856445e-01 -2.028651833534240723e-01
1.492347717285156250e-01 -2.629475295543670654e-01
5.841223150491714478e-02 4.532177001237869263e-03
-1.890450529754161835e-02 -1.474230587482452393e-01
-2.376895248889923096e-01 1.133889704942703247e-02
2.586476877331733704e-02 -1.751964092254638672e-01
7.741520553827285767e-02 -1.237632036209106445e-01
-2.550364099442958832e-02 6.580978631973266602e-02
2.426743507385253906e-01 -1.248113512992858887e-01
-2.167855948209762573e-01 1.368665546178817749e-01
-1.152006164193153381e-01 1.972056627273559570e-01
-1.192190125584602356e-01 4.498919472098350525e-02
9.626144170761108398e-02 -6.720671802759170532e-02
-8.519316464662551880e-02 2.688380181789398193e-01
-1.175733432173728943e-01 7.233250886201858521e-02
1.868313699960708618e-01 -1.667108833789825439e-01
2.573905885219573975e-01 -2.125020176172256470e-01
-2.749048173427581787e-01 2.967771328985691071e-02
5.065207183361053467e-02 -1.814297586679458618e-01
-3.734169527888298035e-02 6.230881065130233765e-02
-1.651637814939022064e-02 5.904814600944519043e-02
-2.127994745969772339e-01 1.787510812282562256e-01
-5.575964227318763733e-02 7.411168515682220459e-02
-9.603229165077209473e-02 1.072748899459838867e-01
1.171045675873756409e-01 -4.054536297917366028e-02
-9.588137269020080566e-02 4.452715814113616943e-02
7.658050209283828735e-02 9.138114401139318943e-04
2.731922268867492676e-01 -7.569684833288192749e-02
-8.136827498674392700e-02 1.486570388078689575e-01
-4.583257436752319336e-02 -1.084682419896125793e-01
9.816745296120643616e-04 7.147338241338729858e-02
-4.758631810545921326e-02 -2.320449948310852051e-01
-1.082233339548110962e-01 1.672293804585933685e-02
2.337400615215301514e-01 -9.763102233409881592e-02
1.917251348495483398e-01 -1.073594763875007629e-01
-2.242334187030792236e-02 -4.518524929881095886e-02
1.301163434982299805e-01 -1.063424274325370789e-01
-2.222796827554702759e-01 1.500916033983230591e-01
2.330519407987594604e-01 7.209431380033493042e-02
2.186206914484500885e-02 8.449119329452514648e-02
-7.880957424640655518e-02 3.318575769662857056e-02
8.996186405420303345e-02 1.238136440515518188e-01
-7.592919468879699707e-02 7.774695008993148804e-02
2.219016104936599731e-01 -2.310732752084732056e-01
-3.989789262413978577e-02 -2.274630963802337646e-02
-2.328874468803405762e-01 1.052759587764739990e-01
