2.834662199020385742e-01 -2.429568916559219360e-01
8.818135410547256470e-02 1.688224449753761292e-02
-1.294889003038406372e-01 -1.145503893494606018e-01
2.196298986673355103e-01 -1.317894607782363892e-01
2.479328960180282593e-01 -2.844229042530059814e-01
-1.962367445230484009e-02 1.298096626996994019e-01
-3.734901845455169678e-01 3.775531947612762451e-01
8.215566724538803101e-02 -1.426511406898498535e-01
-3.265984058380126953e-01 4.281154572963714600e-01
4.738610684871673584e-01 -4.658580124378204346e-01
6.319363415241241455e-02 -9.057658165693283081e-02
-1.560813486576080322e-01 2.989231348037719727e-01
-3.332121074199676514e-01 2.493941783905029297e-01
-2.873296737670898438e-01 9.600809961557388306e-02
3.196821734309196472e-02 -2.329149693250656128e-01
-1.100277230143547058e-01 9.844280779361724854e-02
3.871625959873199463e-01 -4.279509782791137695e-01
-2.309957444667816162e-01 4.943306148052215576e-01
-1.055849343538284302e-01 7.436632364988327026e-02
-2.347511351108551025e-01 4.752060398459434509e-02
1.487848758697509766e-01 -2.785465717315673828e-01
3.105190955102443695e-02 -2.487986832857131958e-01
-1.734567247331142426e-02 1.428791880607604980e-01
1.773375123739242554e-01 -3.116275370121002197e-01
5.832226574420928955e-02 -2.151858657598495483e-01
-5.944719910621643066e-02 2.604047060012817383e-01
5.764562487602233887e-01 -2.832754552364349365e-01
-6.440360099077224731e-02 7.057123631238937378e-02
3.395197913050651550e-02 -2.300552874803543091e-01
2.881091833114624023e-01 -2.395583689212799072e-01
1.047162115573883057e-01 -2.593201994895935059e-01
4.991743713617324829e-02 8.771726489067077637e-02
-7.950726151466369629e-02 6.309334188699722290e-02
1.332286596298217773e-01 -1.995523646473884583e-02
-2.927381694316864014e-01 4.557854235172271729e-01
-8.000571280717849731e-02 9.573496878147125244e-02
-1.030431985855102539e-01 2.839604020118713379e-01
6.668703556060791016e-01 -5.874978303909301758e-01
1.063501611351966858e-01 -1.264052689075469971e-01
-8.841233700513839722e-02 -1.147592626512050629e-02
6.440915465354919434e-01 -7.186158895492553711e-01
2.445741742849349976e-01 -3.759102523326873779e-01
9.104989469051361084e-02 -9.983845055103302002e-03
-1.086960956454277039e-01 1.875243186950683594e-01
-3.165908530354499817e-02 -1.679534316062927246e-01
7.727400213479995728e-02 -1.748939156532287598e-01
-4.778426513075828552e-02 -1.455742120742797852e-01
-3.252591192722320557e-01 2.822931706905364990e-01
3.356646597385406494e-01 -2.093963474035263062e-01
-3.076848685741424561e-01 2.648078799247741699e-01
-4.297370314598083496e-01 3.581648170948028564e-01
5.306975841522216797e-01 -4.164105355739593506e-01
4.444989562034606934e-01 -6.287900805473327637e-01
1.239723786711692810e-01 -9.387717582285404205e-03
-1.149133965373039246e-02 -5.225801840424537659e-02
2.630843818187713623e-01 -2.810814082622528076e-01
5.779683589935302734e-02 1.809367723762989044e-02
-3.441787064075469971e-01 3.534862995147705078e-01
-1.064597666263580322e-01 9.574283659458160400e-02
-1.175117865204811096e-01 2.926499769091606140e-02
6.486721336841583252e-02 6.014360114932060242e-02
-3.741747140884399414e-01 1.351526379585266113e-01
-7.502920031547546387e-01 7.428357601165771484e-01
-4.120538830757141113e-01 1.713875383138656616e-01
1.030378267168998718e-01 3.275193274021148682e-02
3.101319372653961182e-01 -2.148343250155448914e-02
-9.008099883794784546e-02 1.788381859660148621e-02
2.361920028924942017e-01 -1.717913299798965454e-01
6.267908215522766113e-01 -6.306419968605041504e-01
3.095255196094512939e-01 -2.792677283287048340e-01
-3.648141026496887207e-01 3.700328469276428223e-01
-2.925123572349548340e-01 4.485530257225036621e-01
1.653399914503097534e-01 -6.343181431293487549e-02
6.836715340614318848e-01 -7.856416702270507812e-01
8.531905710697174072e-02 -1.705432236194610596e-01
4.560458958148956299e-01 -2.659391164779663086e-01
-8.756669163703918457e-01 1.062591314315795898e+00
2.610374242067337036e-02 2.949854359030723572e-03
-1.183539032936096191e-01 1.481874436140060425e-01
-2.074358612298965454e-02 1.522824540734291077e-02
5.360237956047058105e-01 -5.744996666908264160e-01
-3.361488580703735352e-01 3.208060562610626221e-01
-3.993329107761383057e-01 7.042458057403564453e-01
-5.570933818817138672e-01 5.949311256408691406e-01
-2.047648578882217407e-01 6.559703615494072437e-04
4.418765902519226074e-01 -4.378206729888916016e-01
2.323354035615921021e-01 -2.020545452833175659e-01
-1.351413726806640625e-01 2.196211814880371094e-01
4.534752294421195984e-02 -8.444624394178390503e-02
-3.767346739768981934e-01 4.763979315757751465e-01
2.104591578245162964e-01 -2.168291658163070679e-01
2.864577770233154297e-01 -2.908987998962402344e-01
-2.224757075309753418e-01 1.665857285261154175e-01
7.441877573728561401e-02 3.368981927633285522e-02
3.095666170120239258e-01 -3.322667777538299561e-01
1.081167981028556824e-01 6.300564110279083252e-02
-3.243964016437530518e-01 1.307849436998367310e-01
-1.503738015890121460e-01 -6.428558379411697388e-02
-2.701217532157897949e-01 1.358439326286315918e-01
1.448213607072830200e-01 1.382874511182308197e-02
-1.090414598584175110e-01 5.192948132753372192e-02
6.400239467620849609e-01 -6.528629064559936523e-01
5.375263690948486328e-01 -5.571050643920898438e-01
-1.980955451726913452e-01 2.888267338275909424e-01
5.083901286125183105e-01 -5.162219405174255371e-01
2.601343579590320587e-02 7.213999330997467041e-02
-3.024443686008453369e-01 3.997446298599243164e-01
-6.294601410627365112e-02 2.003286629915237427e-01
5.171990394592285156e-01 -3.375330269336700439e-01
2.190599292516708374e-01 -2.921558022499084473e-01
2.013532221317291260e-01 -1.328233480453491211e-01
-2.729409039020538330e-01 2.913635373115539551e-01
1.266221255064010620e-01 -4.485332369804382324e-01
-7.909559011459350586e-01 4.667617380619049072e-01
-1.830036342144012451e-01 1.356378942728042603e-01
2.825887203216552734e-01 -1.938880234956741333e-01
-1.009550541639328003e-01 9.359596669673919678e-02
-1.349720656871795654e-01 9.973493963479995728e-02
9.817215055227279663e-02 -2.697648406028747559e-01
-4.756852984428405762e-01 4.221422076225280762e-01
-3.143723905086517334e-01 4.364827871322631836e-01
-3.388675153255462646e-01 4.667230546474456787e-01
-3.406170904636383057e-01 3.107067346572875977e-01
-1.143813505768775940e-01 2.821459770202636719e-01
-3.481549024581909180e-01 1.321703046560287476e-01
-1.542392969131469727e-01 5.063853412866592407e-02
-4.897769987583160400e-01 7.047081589698791504e-01
-4.315873384475708008e-01 2.695250511169433594e-01
4.326607286930084229e-02 -1.568496040999889374e-02
9.191998094320297241e-02 -1.344581544399261475e-01
-3.070872277021408081e-02 -1.073652729392051697e-01
5.114864706993103027e-01 -4.920226037502288818e-01
2.445593774318695068e-01 -1.445898413658142090e-01
1.505161970853805542e-01 -3.151011839509010315e-02
-1.208142414689064026e-01 1.194756180047988892e-01
1.351432204246520996e-01 -7.907111942768096924e-02
-8.688578754663467407e-02 4.247757047414779663e-02
-5.092157423496246338e-02 1.049875281751155853e-02
1.882534176111221313e-01 -2.534104883670806885e-01
4.873169958591461182e-02 -1.231927275657653809e-01
-3.034757673740386963e-01 1.836363673210144043e-01
-4.514516294002532959e-01 2.887582778930664062e-01
-1.348701268434524536e-01 2.165458053350448608e-01
1.622946262359619141e-01 1.273196488618850708e-01
2.134010046720504761e-01 -4.210710059851408005e-03
1.443165540695190430e-01 -2.477706521749496460e-01
3.549088537693023682e-01 -2.371326386928558350e-01
2.861440777778625488e-01 3.014260903000831604e-03
1.007454171776771545e-01 -9.141407161951065063e-02
1.775687187910079956e-01 -3.090385198593139648e-01
2.163543105125427246e-01 1.338475849479436874e-02
2.539389431476593018e-01 -3.588321208953857422e-01
6.597302109003067017e-02 -1.872314959764480591e-01
-4.252729192376136780e-02 9.221619367599487305e-02
3.474053740501403809e-01 -4.209881424903869629e-01
2.833521924912929535e-02 -2.675066292285919189e-01
-7.847879081964492798e-02 1.465743333101272583e-01
1.086247488856315613e-01 4.690833389759063721e-02
9.545792639255523682e-02 -1.517054140567779541e-01
-4.640349373221397400e-02 8.663660846650600433e-03
-6.469793617725372314e-02 -7.657688111066818237e-02
7.447479665279388428e-02 9.776049107313156128e-02
-1.321516633033752441e-01 2.261237800121307373e-01
9.141559153795242310e-02 -2.137926816940307617e-01
1.749016344547271729e-01 -2.791691720485687256e-01
5.067547783255577087e-02 -1.289195567369461060e-01
-1.087452843785285950e-01 1.040730532258749008e-02
-3.767634183168411255e-02 -2.384858578443527222e-02
1.723406314849853516e-01 -4.520661011338233948e-02
6.694673746824264526e-02 -2.722508013248443604e-01
9.203331917524337769e-02 7.734020054340362549e-02
-1.063602417707443237e-01 -1.389873921871185303e-01
1.853706389665603638e-01 -1.460639983415603638e-01
1.484702378511428833e-01 -1.124315038323402405e-01
3.681705147027969360e-02 3.162229061126708984e-01
-9.343934059143066406e-02 2.942425012588500977e-01
-1.370014697313308716e-01 2.828069627285003662e-01
1.118266060948371887e-01 -1.552694141864776611e-01
-1.794288903474807739e-01 2.634609043598175049e-01
-8.484244346618652344e-02 5.492018070071935654e-03
5.906662717461585999e-02 -5.118917301297187805e-02
7.676716893911361694e-02 -1.484602838754653931e-01
4.377926886081695557e-01 -2.173340171575546265e-01
-5.078675970435142517e-02 9.914211928844451904e-02
1.563535332679748535e-01 1.121059283614158630e-01
-2.481916844844818115e-01 2.510645240545272827e-02
-1.357945427298545837e-02 -2.394418865442276001e-01
-1.464320998638868332e-02 -3.335472941398620605e-02
-2.712720036506652832e-01 8.391849696636199951e-02
-4.447041451930999756e-01 4.319908320903778076e-01
-2.063464559614658356e-02 1.870424896478652954e-01
1.300999969244003296e-01 3.104753233492374420e-02
7.393435388803482056e-02 1.002453938126564026e-01
2.233394235372543335e-01 -1.469174027442932129e-01
8.738311007618904114e-03 2.923195809125900269e-02
1.208231821656227112e-01 -1.299616098403930664e-01
-2.625283785164356232e-02 5.329643562436103821e-02
3.257497772574424744e-02 -6.288231816142797470e-03
1.096423864364624023e-01 -2.973567321896553040e-02
2.353402078151702881e-01 -2.488794326782226562e-01
-7.747836410999298096e-02 2.501148879528045654e-01
-6.458368897438049316e-02 -6.056240759789943695e-03
2.719766832888126373e-02 4.941513389348983765e-02
2.468406558036804199e-01 -1.422928124666213989e-01
-1.844753921031951904e-01 6.284846365451812744e-02
-4.624522477388381958e-02 3.715258091688156128e-02
1.464611291885375977e-02 -1.351624876260757446e-01
-1.306566745042800903e-01 -8.330997079610824585e-03
6.096331775188446045e-02 4.960908368229866028e-02
8.483403921127319336e-02 2.426186343654990196e-03
1.732880473136901855e-01 -9.384386241436004639e-02
2.831762731075286865e-01 -1.356729865074157715e-01
1.463403850793838501e-01 -1.713722646236419678e-01
3.206404149532318115e-01 -5.267110094428062439e-02
1.133633106946945190e-01 -3.247273862361907959e-01
1.276347786188125610e-01 -1.615242958068847656e-01
-6.877493858337402344e-02 1.575030088424682617e-01
-1.679777055978775024e-01 3.508321642875671387e-01
2.097566574811935425e-01 -2.490716874599456787e-01
2.827689647674560547e-01 -1.834541857242584229e-01
3.676006942987442017e-02 -2.168931216001510620e-01
1.287701167166233063e-02 -1.601110249757766724e-01
2.730222344398498535e-01 -7.267467677593231201e-02
1.605706512928009033e-01 -2.101763933897018433e-01
-6.445832550525665283e-02 1.082246080040931702e-01
-1.023008394986391068e-02 -2.929337881505489349e-02
-1.316023766994476318e-01 1.950232544913887978e-03
1.983019113540649414e-01 -1.303181797266006470e-01
-9.855622798204421997e-02 9.806447476148605347e-02
-1.004932522773742676e-01 -7.573585212230682373e-02
7.517950236797332764e-02 4.514389112591743469e-02
-1.047604437917470932e-02 1.749308556318283081e-01
2.927244305610656738e-01 -1.616219431161880493e-01
4.905596375465393066e-02 -5.686512589454650879e-02
-1.307888776063919067e-01 8.988463878631591797e-02
-1.055379211902618408e-01 -3.926978446543216705e-03
1.352908313274383545e-01 -2.560859322547912598e-01
3.114028871059417725e-01 -2.770349979400634766e-01
1.476690620183944702e-01 -6.594627350568771362e-02
-4.122744798660278320e-01 3.129577338695526123e-01
-1.767951399087905884e-01 1.774133592844009399e-01
-2.833836339414119720e-02 7.692144066095352173e-02
-3.366777598857879639e-01 2.051601409912109375e-01
9.059165418148040771e-02 -5.020473524928092957e-02
-2.580302208662033081e-02 1.585767269134521484e-01
-5.517397820949554443e-02 1.683779954910278320e-01
7.729084789752960205e-02 -4.296763986349105835e-02
-1.046128198504447937e-01 -6.063383072614669800e-02
1.474148780107498169e-01 -2.763787806034088135e-01
-3.947275131940841675e-02 -1.740497797727584839e-01
2.649015374481678009e-02 1.250318437814712524e-01
8.918834477663040161e-02 -1.983761638402938843e-01
-1.150731891393661499e-01 2.070106863975524902e-01
-9.516958892345428467e-02 1.944904029369354248e-01
1.485963910818099976e-01 -2.031586915254592896e-01
-6.994846463203430176e-02 -1.479038000106811523e-01
