-1.201849877834320068e-01 1.501872241497039795e-01
-3.704180568456649780e-02 1.130889803171157837e-01
4.922747984528541565e-02 -3.364220261573791504e-01
3.477316815406084061e-03 -7.630408555269241333e-02
-2.495479397475719452e-02 -1.801502406597137451e-01
-2.695546858012676239e-02 -1.354379057884216309e-01
2.702631428837776184e-02 3.686328232288360596e-02
7.509613782167434692e-02 -5.192695558071136475e-02
-2.581724151968955994e-02 4.049553349614143372e-02
-9.524299204349517822e-02 2.748908102512359619e-01
1.925396770238876343e-01 -6.695798039436340332e-02
-1.624927818775177002e-01 2.233959883451461792e-01
1.872515231370925903e-01 -1.462346166372299194e-01
1.128351222723722458e-02 -4.943986982107162476e-02
-8.066676557064056396e-02 1.361044198274612427e-01
-1.054549813270568848e-01 2.278952598571777344e-01
-1.577752679586410522e-01 -5.551098380237817764e-03
4.714586958289146423e-02 -3.063433170318603516e-01
6.448847241699695587e-03 -6.368348747491836548e-02
2.201559543609619141e-01 -2.041933536529541016e-01
1.825151741504669189e-01 -1.889513880014419556e-01
-2.771481573581695557e-01 6.350159645080566406e-02
3.950037807226181030e-02 -2.347815409302711487e-02
-9.014552831649780273e-02 -3.370502218604087830e-02
-2.033020853996276855e-01 1.164864152669906616e-01
1.452928222715854645e-02 1.803732365369796753e-01
1.330245286226272583e-01 -9.418499469757080078e-02
2.771475818008184433e-03 2.762271091341972351e-02
1.788555383682250977e-01 -2.868620306253433228e-02
2.472093701362609863e-02 -4.780236259102821350e-02
-9.232041239738464355e-02 8.321332186460494995e-02
-1.738204061985015869e-01 2.021425068378448486e-01
3.736573457717895508e-02 7.380502671003341675e-02
3.185561001300811768e-01 -1.516484320163726807e-01
1.907151043415069580e-01 -9.783627465367317200e-03
2.734849750995635986e-01 -7.228305190801620483e-02
-2.815738553181290627e-03 -2.317978441715240479e-01
-1.225349754095077515e-01 6.904104351997375488e-02
-1.653348952531814575e-01 5.908973515033721924e-02
1.838428340852260590e-02 -2.914809621870517731e-02
6.693538278341293335e-02 -3.856125101447105408e-02
-2.988589704036712646e-01 8.434088528156280518e-02
2.240825444459915161e-02 3.026312589645385742e-02
8.238964527845382690e-02 -9.098993986845016479e-02
-2.997302636504173279e-02 -7.654693722724914551e-02
9.007270634174346924e-02 -5.961913242936134338e-02
-1.230032965540885925e-01 -2.899517677724361420e-02
3.871383890509605408e-02 4.197487235069274902e-02
-3.443885445594787598e-01 1.716669499874114990e-01
1.883037239313125610e-01 -2.077092230319976807e-01
2.015643864870071411e-01 -2.564553916454315186e-01
-5.984616652131080627e-02 1.767522692680358887e-01
-2.270541042089462280e-01 9.247545152902603149e-02
-2.335014045238494873e-01 9.871868044137954712e-02
3.240747153759002686e-01 -1.564103066921234131e-01
8.188279718160629272e-02 -7.995880395174026489e-02
7.237191498279571533e-02 -1.002130135893821716e-01
2.280094176530838013e-01 -3.292802274227142334e-01
1.792958974838256836e-01 -4.453490674495697021e-02
-7.222267799079418182e-03 6.193352863192558289e-02
-2.879710122942924500e-02 -2.583860754966735840e-01
2.529909908771514893e-01 -1.461626142263412476e-01
2.074661701917648315e-01 -1.104108523577451706e-02
-1.089976429939270020e-01 7.561715692281723022e-02
1.644038558006286621e-01 -1.423149108886718750e-01
-1.630009859800338745e-01 1.458661556243896484e-01
3.066199123859405518e-01 -5.154778435826301575e-02
-5.493817478418350220e-02 2.119351327419281006e-01
-6.197775155305862427e-02 7.335275411605834961e-02
8.861527591943740845e-02 5.246555432677268982e-02
-1.060176640748977661e-01 3.361013159155845642e-02
-2.240336239337921143e-01 -2.238830551505088806e-03
-9.153308719396591187e-02 4.127187188714742661e-03
1.736727505922317505e-01 1.157580502331256866e-02
-2.303420901298522949e-01 -4.927898570895195007e-02
-2.183763980865478516e-01 3.320545554161071777e-01
-8.144866675138473511e-03 1.045102775096893311e-01
-3.194548655301332474e-03 -1.454121768474578857e-01
-3.398039191961288452e-02 8.685836941003799438e-02
-2.828290164470672607e-01 9.587115794420242310e-02
-1.928476095199584961e-01 2.159374654293060303e-01
1.177562773227691650e-01 -7.852274924516677856e-02
5.591227859258651733e-02 -1.954503357410430908e-01
2.297654151916503906e-01 -1.170948669314384460e-01
-4.382474720478057861e-02 1.460924595594406128e-01
-8.134943991899490356e-02 -3.399071469902992249e-02
-7.543677091598510742e-02 -3.796182200312614441e-02
-1.308287829160690308e-01 1.069122999906539917e-01
-1.360376458615064621e-02 -1.203484758734703064e-01
1.762166470289230347e-01 -1.322568953037261963e-01
7.880095392465591431e-02 -2.686815895140171051e-02
-3.076903335750102997e-02 5.113908275961875916e-02
2.633461058139801025e-01 -1.177124902606010437e-01
7.851436734199523926e-02 -1.341490298509597778e-01
-1.605199575424194336e-01 1.278896629810333252e-01
-1.444206386804580688e-01 3.487872425466775894e-03
-1.114048063755035400e-01 8.724317699670791626e-02
3.518810570240020752e-01 -1.428016740828752518e-02
-1.631257832050323486e-01 3.651698306202888489e-02
1.593813151121139526e-01 -2.457477897405624390e-01
-1.965621411800384521e-01 3.004156649112701416e-01
2.112921625375747681e-01 -4.548523202538490295e-02
-2.177968621253967285e-01 2.851596474647521973e-01
-2.567310929298400879e-01 1.979052573442459106e-01
-4.614891484379768372e-02 1.058336570858955383e-01
-1.769410669803619385e-01 3.101708590984344482e-01
2.751972759142518044e-03 -1.454331576824188232e-01
-8.224588632583618164e-02 -5.829592794179916382e-02
-1.039047986268997192e-01 1.819084435701370239e-01
7.286705076694488525e-02 -1.519100815057754517e-01
6.616158038377761841e-02 1.459014415740966797e-02
-2.301371693611145020e-01 2.355402559041976929e-01
1.271204203367233276e-01 5.522717535495758057e-02
1.069509685039520264e-01 -9.512412548065185547e-02
1.150217652320861816e-01 3.099450841546058655e-02
-7.066100835800170898e-02 -8.289933204650878906e-02
-5.619134008884429932e-02 5.562775954604148865e-02
1.601711213588714600e-01 -5.645287409424781799e-02
1.235902830958366394e-01 -1.369320005178451538e-01
-5.201352387666702271e-02 -1.129315122961997986e-01
-1.563425511121749878e-01 -9.784387657418847084e-04
4.400995746254920959e-02 -6.504955142736434937e-02
1.398537904024124146e-01 -1.185389980673789978e-01
1.305344700813293457e-01 -1.991782337427139282e-01
3.962171450257301331e-02 -2.275415658950805664e-01
1.462799161672592163e-01 -1.173272505402565002e-01
-1.728507131338119507e-01 1.991167515516281128e-01
2.034148946404457092e-02 -1.046366989612579346e-01
5.727843940258026123e-02 -1.198876798152923584e-01
-1.356358081102371216e-01 1.373751759529113770e-01
2.168048471212387085e-01 -1.370955109596252441e-01
-1.548445820808410645e-01 2.337169647216796875e-02
-1.942382007837295532e-01 1.376782953739166260e-01
2.910319566726684570e-01 -1.791783273220062256e-01
-6.115139275789260864e-02 2.118960320949554443e-01
-2.878403365612030029e-01 1.239839717745780945e-01
-1.530127525329589844e-01 -1.851686649024486542e-02
3.001696765422821045e-01 -2.433045357465744019e-01
-3.101162379607558250e-03 -1.979484856128692627e-01
-2.015845328569412231e-01 -2.418980933725833893e-02
-5.616453289985656738e-02 5.041114613413810730e-02
9.409257769584655762e-02 -2.374364882707595825e-01
-7.973974943161010742e-02 1.446226537227630615e-01
1.712944060564041138e-01 -1.627835333347320557e-01
-1.731906980276107788e-01 2.228627949953079224e-01
1.231331303715705872e-01 -1.202207207679748535e-01
2.822451107203960419e-02 -2.131931781768798828e-01
-1.102657392621040344e-01 6.467249710112810135e-03
6.159112975001335144e-02 -2.274806611239910126e-02
1.599794179201126099e-01 -1.148682832717895508e-01
1.578042507171630859e-01 -6.880641728639602661e-02
-4.721131175756454468e-02 -3.552930057048797607e-02
-1.373704671859741211e-01 1.104829758405685425e-01
-2.562747299671173096e-01 8.426906913518905640e-02
9.823045879602432251e-02 -4.561450704932212830e-02
1.771377176046371460e-01 -1.264245714992284775e-02
2.573598027229309082e-01 -1.945077627897262573e-01
2.783370018005371094e-02 -1.836359351873397827e-01
-1.636987477540969849e-01 1.359820365905761719e-01
-2.386446297168731689e-01 1.719655543565750122e-01
1.317636817693710327e-01 6.367588788270950317e-02
2.021960020065307617e-01 -2.735599577426910400e-01
3.487550094723701477e-02 -1.554132103919982910e-01
2.538761496543884277e-01 -2.661100775003433228e-02
-1.517816483974456787e-01 1.657143384218215942e-01
2.289757728576660156e-01 -9.745095670223236084e-02
-2.776202857494354248e-01 1.043254807591438293e-01
-7.185214757919311523e-02 1.761926114559173584e-01
1.185511127114295959e-01 -1.403862684965133667e-01
-3.315220773220062256e-01 2.119931876659393311e-01
3.010372072458267212e-02 1.574170291423797607e-01
1.299163550138473511e-01 3.986559063196182251e-02
-1.490671336650848389e-01 1.067622154951095581e-01
1.098995283246040344e-01 -1.446790099143981934e-01
4.581150040030479431e-02 -1.873180828988552094e-02
1.361347287893295288e-01 -6.796798110008239746e-02
-1.715271025896072388e-01 1.513748764991760254e-01
1.974644362926483154e-01 -8.217561990022659302e-02
-1.589371263980865479e-02 1.767336428165435791e-01
1.848440170288085938e-01 -1.496242582798004150e-01
-1.243009865283966064e-01 -4.807372763752937317e-02
1.183052584528923035e-01 -2.974864561110734940e-03
-5.509836971759796143e-02 -1.057300642132759094e-01
2.109052091836929321e-01 -5.547106266021728516e-02
-2.100640237331390381e-01 2.551083862781524658e-01
1.198166012763977051e-01 -1.168427318334579468e-01
-1.150397285819053650e-01 1.684441864490509033e-01
-3.626140952110290527e-02 4.775534570217132568e-02
9.241545200347900391e-02 -1.257231533527374268e-01
-1.249051373451948166e-02 -2.159075625240802765e-02
6.383439898490905762e-02 -4.667809233069419861e-02
-2.021815776824951172e-01 2.172360718250274658e-01
8.476490527391433716e-02 -5.535211414098739624e-02
-1.996178179979324341e-02 -7.983234524726867676e-02
2.273720651865005493e-01 -1.490207463502883911e-01
4.485575109720230103e-02 -1.527863293886184692e-01
-3.157848119735717773e-01 1.435935646295547485e-01
2.074380367994308472e-01 -5.546404421329498291e-02
8.327925205230712891e-02 -3.407959640026092529e-02
-1.539862155914306641e-01 8.352677524089813232e-02
2.390615642070770264e-01 -1.777109354734420776e-01
1.925558447837829590e-01 2.542097680270671844e-02
3.095349669456481934e-02 -2.361497431993484497e-01
5.272154510021209717e-02 1.965051591396331787e-01
5.109689012169837952e-02 -6.283193826675415039e-02
-1.208760291337966919e-01 3.860667720437049866e-02
-8.131364732980728149e-02 1.649338603019714355e-01
-2.921372652053833008e-03 -4.034058004617691040e-02
-1.589776948094367981e-02 2.182780951261520386e-01
2.129051685333251953e-01 9.721731394529342651e-02
5.864826962351799011e-02 -1.086556911468505859e-01
1.509417779743671417e-02 -1.381993386894464493e-02
-2.831238880753517151e-02 -8.829595171846449375e-04
-1.511593461036682129e-01 1.837414503097534180e-01
-1.197979971766471863e-01 2.498434856534004211e-02
-1.098708659410476685e-01 9.469291567802429199e-02
7.646550238132476807e-02 -1.460708677768707275e-01
-4.262539371848106384e-02 8.771321922540664673e-02
-2.220053225755691528e-02 -6.592840701341629028e-02
6.742328405380249023e-02 -1.055088639259338379e-01
1.779634505510330200e-01 -5.835295468568801880e-02
-4.148044809699058533e-02 -1.111814528703689575e-01
-3.903635218739509583e-02 -3.017427865415811539e-03
-3.055199682712554932e-01 1.411503553390502930e-01
3.081624023616313934e-02 -2.309071645140647888e-02
1.466939449310302734e-01 -1.034368127584457397e-01
-2.591023407876491547e-02 2.301940619945526123e-01
3.298749506939202547e-04 -1.271510422229766846e-01
3.507680818438529968e-02 1.829655319452285767e-01
-1.832184791564941406e-01 1.836741901934146881e-02
5.230388790369033813e-02 1.092239171266555786e-01
-1.046305894851684570e-01 2.172639518976211548e-01
4.041299968957901001e-02 -2.121472358703613281e-01
-8.398208767175674438e-02 4.521887376904487610e-02
-2.190047129988670349e-02 8.139852434396743774e-02
1.943950057029724121e-01 -1.281344294548034668e-01
3.792845085263252258e-02 3.170631080865859985e-02
2.693867385387420654e-01 -1.399888098239898682e-01
-1.020743250846862793e-01 -9.995274245738983154e-02
-7.791063934564590454e-02 5.067561566829681396e-02
-1.855092197656631470e-01 1.782358065247535706e-02
1.403036620467901230e-02 -1.562796235084533691e-01
-1.631166785955429077e-01 7.679764181375503540e-02
6.382405757904052734e-02 -1.358179003000259399e-01
-5.279358103871345520e-02 -6.443741172552108765e-02
-6.394001841545104980e-02 -4.037839546799659729e-02
1.779769659042358398e-01 -1.991432160139083862e-01
-9.237673878669738770e-02 -1.439453363418579102e-01
1.448555737733840942e-01 -2.884647622704505920e-02
2.582637667655944824e-01 -2.109681665897369385e-01
-3.605397418141365051e-02 1.547020301222801208e-02
1.279719173908233643e-01 2.689236961305141449e-02
-2.068754844367504120e-02 1.253835856914520264e-01
1.326340734958648682e-01 2.416681265458464622e-03
-3.728915750980377197e-02 1.388519108295440674e-01
-7.013169676065444946e-02 -5.144456867128610611e-03
