-4.476498067378997803e-01 3.550085127353668213e-01
-2.055318504571914673e-01 4.175173938274383545e-01
-3.200653195381164551e-01 4.340557456016540527e-01
2.364905327558517456e-01 -1.732071936130523682e-01
2.410384416580200195e-01 -6.667578220367431641e-02
-1.492912769317626953e-01 1.271401643753051758e-01
-1.051349341869354248e-01 1.601483970880508423e-01
-1.987787485122680664e-01 3.383596837520599365e-01
-3.715668320655822754e-01 1.802227646112442017e-01
3.811518251895904541e-01 -3.255120813846588135e-01
-1.514170169830322266e-01 2.335866689682006836e-01
3.487916663289070129e-02 -6.750781089067459106e-02
3.816647529602050781e-01 -1.851549148559570312e-01
-3.405913114547729492e-01 5.387966036796569824e-01
3.332802653312683105e-01 -4.287667274475097656e-01
3.933022916316986084e-01 -2.571586668491363525e-01
2.936687469482421875e-01 -3.167107999324798584e-01
-5.723757743835449219e-01 5.518565177917480469e-01
2.013185173273086548e-01 5.736707895994186401e-02
4.524180293083190918e-02 -1.501659955829381943e-02
5.826707556843757629e-02 2.088335901498794556e-02
4.346372783184051514e-01 -4.279437959194183350e-01
-4.382924363017082214e-02 1.363635659217834473e-01
-3.854200243949890137e-01 4.242581427097320557e-01
-2.342669218778610229e-01 2.735418081283569336e-01
-1.611373424530029297e-01 1.227194219827651978e-01
1.763031780719757080e-01 -7.268821448087692261e-02
3.639491796493530273e-01 -5.896549224853515625e-01
3.054609894752502441e-01 -5.473338812589645386e-02
-8.941467106342315674e-02 1.774595677852630615e-02
1.266294717788696289e-01 -1.623256504535675049e-01
-5.228065252304077148e-01 5.672605633735656738e-01
1.565293371677398682e-01 -3.249497413635253906e-01
9.292022138833999634e-02 -1.827842891216278076e-01
1.773943006992340088e-01 -2.970156967639923096e-01
5.578156188130378723e-02 -1.429369300603866577e-01
3.967357277870178223e-01 -3.335155546665191650e-01
-9.994375705718994141e-02 -2.780176885426044464e-02
-2.960388362407684326e-01 8.626797050237655640e-02
-1.603922545909881592e-01 2.524067163467407227e-01
1.299501508474349976e-01 -3.238642960786819458e-02
5.737612247467041016e-01 -7.449175715446472168e-01
-2.449548244476318359e-01 2.588915266096591949e-02
3.198090791702270508e-01 -1.095187142491340637e-01
-7.541597634553909302e-02 4.005152732133865356e-02
-3.964504301548004150e-01 3.330493569374084473e-01
1.434712260961532593e-01 -2.420993000268936157e-01
5.303221940994262695e-01 -4.973056614398956299e-01
9.196181595325469971e-02 -2.496242672204971313e-01
1.717111170291900635e-01 -1.185945421457290649e-01
3.249450922012329102e-01 -1.515200138092041016e-01
2.327908873558044434e-01 -3.682200908660888672e-01
-4.527899324893951416e-01 4.854920506477355957e-01
-5.470824241638183594e-01 3.140434622764587402e-01
2.614797651767730713e-01 -2.775383591651916504e-01
-9.220995754003524780e-02 1.477518975734710693e-01
-3.796344622969627380e-02 6.719756871461868286e-02
2.202768176794052124e-01 -1.053281873464584351e-01
-1.189554780721664429e-01 1.433562859892845154e-02
-1.051176618784666061e-02 -2.611150406301021576e-02
3.578650355339050293e-01 -2.727875113487243652e-01
1.574052423238754272e-01 7.942869514226913452e-02
-2.156657725572586060e-01 2.044465839862823486e-01
2.412250041961669922e-01 -2.119431495666503906e-01
-2.477354258298873901e-01 1.529701203107833862e-01
-5.901833772659301758e-01 5.799352526664733887e-01
-8.169546723365783691e-01 7.554891705513000488e-01
-2.930741906166076660e-01 1.455940306186676025e-01
5.385028123855590820e-01 -3.648661971092224121e-01
-5.382976531982421875e-01 7.737016081809997559e-01
-1.178116351366043091e-02 -5.938830599188804626e-02
-7.342104911804199219e-01 6.199804544448852539e-01
-6.410916447639465332e-01 7.521523237228393555e-01
1.023500800132751465e+00 -8.712117671966552734e-01
-6.198059916496276855e-01 8.312655091285705566e-01
-4.757516086101531982e-02 3.026695176959037781e-02
-1.397919952869415283e-01 1.108179017901420593e-01
-1.324382424354553223e-01 1.989352554082870483e-01
-3.083634376525878906e-01 2.753704190254211426e-01
1.039404511451721191e+00 -1.077927112579345703e+00
-4.185021519660949707e-01 3.204178512096405029e-01
-5.489314794540405273e-01 4.767479896545410156e-01
2.619766592979431152e-01 -3.669640421867370605e-01
2.075698971748352051e-01 -1.256474554538726807e-01
-6.273308992385864258e-01 8.548713922500610352e-01
2.609470784664154053e-01 -2.135108709335327148e-01
1.842153668403625488e-01 1.336306780576705933e-01
7.377437502145767212e-02 -1.012075021862983704e-01
-4.167836904525756836e-01 5.839894413948059082e-01
-1.112306237220764160e+00 1.026792883872985840e+00
8.016136288642883301e-01 -7.701677083969116211e-01
3.438592553138732910e-01 -1.144225671887397766e-01
1.880948245525360107e-02 4.500957205891609192e-02
-5.587617754936218262e-01 6.558079123497009277e-01
-8.462627232074737549e-02 -1.237559691071510315e-01
6.224536299705505371e-01 -5.783284902572631836e-01
-2.871683537960052490e-01 4.091569483280181885e-01
-5.649030208587646484e-01 5.320865511894226074e-01
1.160144060850143433e-01 -5.406546592712402344e-02
-1.342806816101074219e-01 1.704545021057128906e-01
-8.081085085868835449e-01 8.058238029479980469e-01
4.422394633293151855e-01 -7.082569003105163574e-01
-4.640385881066322327e-02 5.513042211532592773e-02
-4.713902175426483154e-01 5.374380350112915039e-01
6.272180378437042236e-02 -1.883793771266937256e-01
6.592543721199035645e-01 -6.103195548057556152e-01
5.960404872894287109e-01 -6.082399487495422363e-01
2.298571765422821045e-01 -1.968165636062622070e-01
7.728295922279357910e-01 -7.571116685867309570e-01
3.612786829471588135e-01 -4.167188405990600586e-01
4.053930044174194336e-01 -2.649144828319549561e-01
8.586346358060836792e-02 7.660377025604248047e-02
6.516953110694885254e-01 -6.967341303825378418e-01
-2.481476217508316040e-01 4.319444298744201660e-01
2.298128455877304077e-01 -1.588062494993209839e-01
1.007473826408386230e+00 -8.756557106971740723e-01
-5.946245193481445312e-01 4.242850542068481445e-01
3.016604781150817871e-01 -1.960398256778717041e-02
1.817542016506195068e-01 -1.924691349267959595e-01
-3.934949040412902832e-01 1.741249412298202515e-01
1.529142856597900391e-01 -3.373329341411590576e-01
4.792894423007965088e-01 -3.999497592449188232e-01
7.501443624496459961e-01 -8.153822422027587891e-01
-1.369695961475372314e-01 1.182824447751045227e-01
-8.177686929702758789e-01 5.217459201812744141e-01
-4.270530045032501221e-01 2.476175278425216675e-01
-2.969023287296295166e-01 3.368653655052185059e-01
7.627921104431152344e-01 -5.990976095199584961e-01
-3.500249609351158142e-02 1.140048801898956299e-01
3.110866844654083252e-01 -1.255429834127426147e-01
1.245018690824508667e-01 -2.250279113650321960e-02
-3.498576208949089050e-02 -1.078400090336799622e-01
-4.672633111476898193e-01 3.788580000400543213e-01
-3.729977607727050781e-01 2.930534183979034424e-01
-3.102311491966247559e-01 1.702677905559539795e-01
6.879020333290100098e-01 -5.666266679763793945e-01
2.957759201526641846e-01 -9.240240603685379028e-02
-3.901303708553314209e-01 3.370673656463623047e-01
2.142476737499237061e-01 2.148800529539585114e-03
-3.470592796802520752e-01 3.315576910972595215e-01
1.147940941154956818e-02 -4.583896324038505554e-02
-2.343271523714065552e-01 3.268465697765350342e-01
-1.840983144938945770e-02 -1.725463010370731354e-02
-3.199194073677062988e-01 2.553909420967102051e-01
6.068542227149009705e-02 -8.303087949752807617e-02
3.171874284744262695e-01 -4.338217973709106445e-01
1.023692786693572998e-01 1.301132738590240479e-01
-4.506708979606628418e-01 2.313797026872634888e-01
-4.769074320793151855e-01 4.734378159046173096e-01
-2.851765751838684082e-01 1.834655702114105225e-01
-1.074873190373182297e-02 2.271062694489955902e-02
-7.024383544921875000e-02 1.692351549863815308e-01
1.602223515510559082e-01 -8.528091758489608765e-02
-4.591455757617950439e-01 4.941177666187286377e-01
2.880272865295410156e-01 -4.464741349220275879e-01
-8.170734643936157227e-01 5.702031254768371582e-01
2.706619799137115479e-01 -3.573794960975646973e-01
-6.485896110534667969e-01 5.376353263854980469e-01
-2.825805246829986572e-01 1.581799089908599854e-01
4.549688100814819336e-02 1.435746103525161743e-01
-1.869351565837860107e-01 9.634130448102951050e-02
7.950244545936584473e-01 -6.514006257057189941e-01
-4.078443050384521484e-01 3.781377673149108887e-01
4.431551992893218994e-01 -3.059737980365753174e-01
-3.039883673191070557e-01 4.609766006469726562e-01
5.246463418006896973e-02 -3.091674447059631348e-01
3.144177049398422241e-02 -1.399212330579757690e-01
6.254741549491882324e-02 -1.256462782621383667e-01
-2.540869712829589844e-01 1.777461618185043335e-01
-3.883380815386772156e-02 6.203741952776908875e-02
-3.169703185558319092e-01 1.449914127588272095e-01
2.656882107257843018e-01 -2.856402099132537842e-01
2.714195549488067627e-01 -3.038187623023986816e-01
-1.854540109634399414e-01 3.071381747722625732e-01
1.323490142822265625e-01 -9.816227108240127563e-02
-5.268659591674804688e-01 5.228354930877685547e-01
-1.058424562215805054e-01 1.478371918201446533e-01
-3.722485601902008057e-01 2.789402902126312256e-01
9.128133952617645264e-02 -8.404660969972610474e-02
-3.296514153480529785e-01 1.731025427579879761e-01
-1.035497635602951050e-01 2.037966549396514893e-01
-2.646331489086151123e-01 1.925020962953567505e-01
-2.164683043956756592e-01 3.749112188816070557e-01
-1.070983186364173889e-01 1.262283176183700562e-01
-5.191642045974731445e-01 5.912556648254394531e-01
4.677193239331245422e-02 -2.203235626220703125e-01
-2.302533388137817383e-01 2.701923251152038574e-01
4.296140074729919434e-01 -3.393282294273376465e-01
2.374553084373474121e-01 -3.196072578430175781e-01
-1.570982635021209717e-01 1.436965614557266235e-01
1.646802723407745361e-01 -2.487388402223587036e-01
-1.756992340087890625e-01 3.694903850555419922e-01
-2.489948719739913940e-01 8.006773144006729126e-02
1.258889138698577881e-01 -3.024760186672210693e-01
7.874569296836853027e-02 7.535497844219207764e-02
-2.860880792140960693e-01 3.102582991123199463e-01
-1.458480358123779297e-01 1.929318346083164215e-02
3.535862863063812256e-01 -2.753720581531524658e-01
3.389514386653900146e-01 -2.408092617988586426e-01
5.754804983735084534e-02 -2.145769000053405762e-01
-1.980902440845966339e-02 3.903688117861747742e-02
-4.969318211078643799e-02 6.180772185325622559e-02
5.389929562807083130e-02 -1.506910473108291626e-01
-1.710899621248245239e-01 2.047224789857864380e-01
1.222653314471244812e-01 -2.170924991369247437e-01
-1.743094027042388916e-01 1.913390457630157471e-01
1.151536777615547180e-01 -1.711192131042480469e-01
-9.319709986448287964e-02 2.329162880778312683e-02
-3.767773741856217384e-03 -1.539822220802307129e-01
-1.572094261646270752e-01 -1.262267678976058960e-01
1.059126183390617371e-01 -3.007049560546875000e-01
-9.421829134225845337e-02 1.028360053896903992e-01
2.985041439533233643e-01 -4.262783527374267578e-01
2.596932649612426758e-01 -2.121361047029495239e-01
2.215045094490051270e-01 -4.261238276958465576e-01
2.545848786830902100e-01 -1.717164963483810425e-01
8.524722605943679810e-02 -1.598025672137737274e-02
3.193654716014862061e-01 -2.360665649175643921e-01
4.248331785202026367e-01 -1.521478891372680664e-01
2.337935566902160645e-02 -5.631812661886215210e-02
5.104526132345199585e-02 2.953028306365013123e-02
9.858468919992446899e-02 -6.314950436353683472e-02
-2.483460754156112671e-01 3.704277276992797852e-01
2.734736800193786621e-01 -2.917204499244689941e-01
-1.583041250705718994e-01 1.001242548227310181e-01
5.408784002065658569e-02 -2.365029305219650269e-01
2.638466060161590576e-01 -2.164997458457946777e-01
-2.556504681706428528e-02 -1.273381710052490234e-01
-1.244761943817138672e-01 2.236344069242477417e-01
-8.014354109764099121e-01 5.192319154739379883e-01
-1.511110663414001465e-01 1.054774299263954163e-01
2.623025476932525635e-01 -4.187510311603546143e-01
3.246133327484130859e-01 -3.776710629463195801e-01
-1.862603873014450073e-01 2.599537372589111328e-01
-2.699612081050872803e-01 2.831656336784362793e-01
-5.585047230124473572e-02 2.268233448266983032e-01
-5.856719799339771271e-03 -2.381578274071216583e-02
-1.444360613822937012e-01 2.284365445375442505e-01
4.777963086962699890e-02 -1.839472949504852295e-01
-3.421448469161987305e-01 1.227269619703292847e-01
-1.498964726924896240e-01 2.603353857994079590e-01
3.659160137176513672e-01 -4.676336050033569336e-01
-8.119750767946243286e-02 5.592541024088859558e-02
2.713734507560729980e-01 -1.911185681819915771e-01
-8.177997171878814697e-02 -1.100945100188255310e-01
-3.535402119159698486e-01 3.480149209499359131e-01
-1.122032478451728821e-01 1.535920947790145874e-01
-3.971232473850250244e-01 1.863572299480438232e-01
-1.773385107517242432e-01 1.831478476524353027e-01
-1.064525842666625977e-01 8.471702039241790771e-02
-1.822843998670578003e-01 1.070269346237182617e-01
-2.718833386898040771e-01 2.016011476516723633e-01
-1.490164846181869507e-01 2.606616616249084473e-01
-9.142597764730453491e-02 1.660179942846298218e-01
5.188772827386856079e-02 8.616650104522705078e-02
3.463191688060760498e-01 -1.195648014545440674e-01
