-3.931675553321838379e-01 4.199702739715576172e-01
-3.644586727023124695e-02 8.465699851512908936e-02
2.456291764974594116e-01 -1.807168126106262207e-01
1.698868721723556519e-01 -1.693115532398223877e-01
-2.503014802932739258e-01 1.660133004188537598e-01
5.143359899520874023e-01 -4.085740447044372559e-01
-1.543229818344116211e-01 1.330395787954330444e-01
2.088843733072280884e-01 -1.485381275415420532e-01
9.953652322292327881e-02 1.562745124101638794e-01
-5.595026910305023193e-02 1.585104018449783325e-01
1.617292761802673340e-01 -2.001209110021591187e-01
-1.849378347396850586e-01 2.719969749450683594e-01
2.931484580039978027e-01 -2.727651596069335938e-01
8.089157636277377605e-04 -3.599705174565315247e-02
2.715607285499572754e-01 -4.599388316273689270e-02
9.425727277994155884e-02 -2.271798104047775269e-01
-2.611211538314819336e-01 2.636415958404541016e-01
-4.907668232917785645e-01 3.521347939968109131e-01
2.720169723033905029e-01 -2.310725450515747070e-01
-2.403773963451385498e-01 3.532894849777221680e-01
5.805459246039390564e-02 2.222085297107696533e-01
2.615100443363189697e-01 -2.478884607553482056e-01
-4.362048208713531494e-01 6.113177537918090820e-01
1.021795812994241714e-02 -1.664782762527465820e-01
-3.078938126564025879e-01 1.205160319805145264e-01
1.657800190150737762e-02 -1.786033995449542999e-02
1.536483615636825562e-01 -4.530847072601318359e-02
-6.164778606034815311e-04 8.437056839466094971e-02
-3.693941831588745117e-01 4.762906432151794434e-01
-1.463405191898345947e-01 2.098248004913330078e-01
7.044945657253265381e-02 7.840333878993988037e-02
2.593817412853240967e-01 -1.809392422437667847e-01
3.545805811882019043e-01 -4.302734434604644775e-01
9.536939859390258789e-02 -2.442612797021865845e-01
3.899903595447540283e-01 -4.116849601268768311e-01
6.972054392099380493e-02 -1.735755652189254761e-01
4.015314877033233643e-01 -2.792005836963653564e-01
1.659187488257884979e-02 -2.376689314842224121e-01
-3.360146284103393555e-02 1.298460830003023148e-02
-1.760566234588623047e-01 3.389388322830200195e-01
-1.447663307189941406e-01 5.282972753047943115e-02
1.957415640354156494e-01 -1.814973205327987671e-01
1.670622229576110840e-01 3.140040859580039978e-02
-2.060447037220001221e-01 9.622219949960708618e-02
7.959979772567749023e-02 -1.296861916780471802e-01
-4.776815474033355713e-01 5.369800329208374023e-01
-6.517083942890167236e-02 3.045271337032318115e-01
-3.058723174035549164e-03 5.467371642589569092e-02
1.489517986774444580e-01 -1.158112660050392151e-01
-3.744287788867950439e-01 2.561271488666534424e-01
6.209314987063407898e-02 1.664794385433197021e-01
-6.798664331436157227e-01 5.240368247032165527e-01
1.755406856536865234e-01 -2.163670659065246582e-01
3.821350634098052979e-02 -1.781595498323440552e-01
-9.042067080736160278e-02 8.815747499465942383e-02
1.040221750736236572e-01 -1.161872744560241699e-01
1.425785422325134277e-01 -2.066882699728012085e-01
-4.241889342665672302e-02 8.478426933288574219e-02
-2.527190744876861572e-01 2.255012542009353638e-01
2.153853327035903931e-01 -1.564437150955200195e-01
6.967534869909286499e-02 1.312249340116977692e-02
-2.976513803005218506e-01 3.006253838539123535e-01
-2.202195078134536743e-01 1.418381333351135254e-01
-5.899252295494079590e-01 6.574067473411560059e-01
-5.234839627519249916e-04 -1.343132555484771729e-01
1.828005760908126831e-01 -1.341123133897781372e-01
6.730616688728332520e-01 -6.485830545425415039e-01
-6.686293482780456543e-01 6.139656901359558105e-01
8.972356319427490234e-01 -8.397554159164428711e-01
4.180173277854919434e-01 -3.736363053321838379e-01
-5.970698595046997070e-01 6.053265333175659180e-01
-4.265203177928924561e-01 6.135588884353637695e-01
-6.907399296760559082e-01 6.654738187789916992e-01
2.036894410848617554e-01 -2.787535786628723145e-01
-2.554124593734741211e-01 1.403374969959259033e-01
-2.656962275505065918e-01 4.649796187877655029e-01
1.950506865978240967e-01 -2.504573166370391846e-01
4.153347108513116837e-03 2.721984172239899635e-03
1.621616631746292114e-01 -2.640395760536193848e-01
1.138707473874092102e-01 -1.411029249429702759e-01
-5.616096854209899902e-01 7.031072974205017090e-01
-3.481256067752838135e-01 4.273738563060760498e-01
4.439785182476043701e-01 -6.175847053527832031e-01
-9.436488747596740723e-01 8.740947842597961426e-01
-1.754966676235198975e-01 2.424538880586624146e-02
3.098292350769042969e-01 -2.648265659809112549e-01
2.322943061590194702e-01 -3.758029937744140625e-01
-8.834913969039916992e-01 8.455671072006225586e-01
-7.865511626005172729e-02 6.137290969491004944e-02
-2.187958955764770508e-01 1.824499219655990601e-01
-4.570326209068298340e-01 5.276131033897399902e-01
9.737202525138854980e-02 -7.780865579843521118e-02
5.279610753059387207e-01 -6.643844246864318848e-01
-6.183624267578125000e-01 5.023438334465026855e-01
-2.421973049640655518e-01 2.796353995800018311e-01
2.697218954563140869e-01 -2.170456051826477051e-01
4.116475880146026611e-01 -3.067010045051574707e-01
-1.160669445991516113e+00 1.034133076667785645e+00
5.797965526580810547e-01 -6.899049878120422363e-01
-4.147711694240570068e-01 4.716704487800598145e-01
-5.100135207176208496e-01 5.038096308708190918e-01
3.349964022636413574e-01 -2.293778061866760254e-01
6.544906497001647949e-01 -4.702690541744232178e-01
-9.368894696235656738e-01 1.035613059997558594e+00
4.049053490161895752e-01 -3.294265866279602051e-01
1.189388990402221680e+00 -1.384094715118408203e+00
-2.107311189174652100e-01 4.493553563952445984e-02
5.024963021278381348e-01 -5.403239130973815918e-01
4.384291768074035645e-01 -4.067970216274261475e-01
3.105496764183044434e-01 -2.327527850866317749e-01
3.134800791740417480e-01 -2.486867904663085938e-01
3.298395127058029175e-02 -2.140313759446144104e-02
9.021662473678588867e-01 -9.671773910522460938e-01
-2.168543636798858643e-01 1.729385703802108765e-01
-1.488271653652191162e-01 1.375957131385803223e-01
-1.255610942840576172e+00 1.356995224952697754e+00
-1.307569742202758789e+00 1.218922019004821777e+00
-7.361346483230590820e-02 9.057787805795669556e-02
-1.854539662599563599e-01 4.125694930553436279e-02
1.513733863830566406e-01 1.030694320797920227e-01
1.198499560356140137e+00 -1.189509868621826172e+00
-2.396559566259384155e-01 4.151308238506317139e-01
-6.207749843597412109e-01 6.869022250175476074e-01
-1.719123572111129761e-01 1.257042139768600464e-01
-4.319260418415069580e-01 2.635415196418762207e-01
-1.066306605935096741e-01 1.529787480831146240e-01
-3.950998187065124512e-01 3.769598305225372314e-01
-5.732268095016479492e-01 6.486657261848449707e-01
-5.768697708845138550e-02 5.510538443922996521e-02
-7.272246479988098145e-01 4.595283567905426025e-01
2.314408123493194580e-01 -3.381783068180084229e-01
1.941635906696319580e-01 -4.902940094470977783e-01
3.525129258632659912e-01 -4.115086197853088379e-01
-2.252105474472045898e-01 3.223934769630432129e-01
8.019843101501464844e-01 -5.816700458526611328e-01
7.405250072479248047e-01 -8.557725548744201660e-01
-1.366737037897109985e-01 3.272077143192291260e-01
-6.248880028724670410e-01 7.423561811447143555e-01
6.517590880393981934e-01 -5.583303570747375488e-01
-4.651147723197937012e-01 4.478827416896820068e-01
2.009165585041046143e-01 -1.237779930233955383e-01
3.108512759208679199e-01 -7.489853352308273315e-02
-3.757757544517517090e-01 2.548377811908721924e-01
-1.575601100921630859e-01 2.101064287126064301e-02
-3.196642920374870300e-02 1.749455183744430542e-01
2.201220542192459106e-01 -3.918891549110412598e-01
1.033094599843025208e-01 -1.318365484476089478e-01
-1.444447934627532959e-01 3.430607020854949951e-01
-2.339183390140533447e-01 8.163253962993621826e-02
3.934875130653381348e-01 -6.214960813522338867e-01
5.166808962821960449e-01 -5.829087495803833008e-01
-7.318107485771179199e-01 8.159466385841369629e-01
-4.230594038963317871e-01 4.048178195953369141e-01
2.068592160940170288e-01 -2.107497900724411011e-01
-5.493015646934509277e-01 7.305032014846801758e-01
-4.228622913360595703e-01 4.714643061161041260e-01
7.494211196899414062e-02 -1.374449431896209717e-01
-7.311884164810180664e-01 4.937535524368286133e-01
-6.923186182975769043e-01 8.145281076431274414e-01
8.473226428031921387e-01 -8.034387826919555664e-01
1.349529474973678589e-01 -3.710463047027587891e-01
1.526106745004653931e-01 -5.078266933560371399e-02
-3.847968876361846924e-01 3.851052820682525635e-01
3.284754753112792969e-01 -3.913129270076751709e-01
-2.350670844316482544e-02 6.898076087236404419e-02
-8.240101337432861328e-01 9.622904658317565918e-01
-7.384591698646545410e-01 6.430143117904663086e-01
9.698939323425292969e-02 -4.050618410110473633e-01
-5.876904726028442383e-01 5.370600223541259766e-01
4.905592203140258789e-01 -5.572201013565063477e-01
-1.337943375110626221e-01 2.652968466281890869e-01
3.659410029649734497e-02 -1.378798764199018478e-02
1.552047133445739746e-01 -3.362824320793151855e-01
2.293329685926437378e-01 -3.545711040496826172e-01
3.798110187053680420e-01 -3.876334726810455322e-01
-3.162701427936553955e-01 2.986202836036682129e-01
7.981845736503601074e-02 5.490189418196678162e-02
1.169807985424995422e-01 -1.919604986906051636e-01
-1.311187595129013062e-01 1.206700280308723450e-01
-1.064874887466430664e+00 1.076451659202575684e+00
-8.157267421483993530e-02 -2.203111723065376282e-02
3.259688019752502441e-01 -4.590381979942321777e-01
4.067194461822509766e-01 -5.399292111396789551e-01
4.862101674079895020e-01 -5.070842504501342773e-01
1.603347510099411011e-01 -1.918884813785552979e-01
-2.071613520383834839e-01 -7.657973468303680420e-02
6.569863855838775635e-02 3.989109396934509277e-02
-1.073860451579093933e-01 3.953710570931434631e-02
4.450820088386535645e-01 -6.377126574516296387e-01
-5.998693108558654785e-01 6.810050010681152344e-01
4.045761525630950928e-01 -3.252228796482086182e-01
2.299113273620605469e-01 -2.230933308601379395e-01
-3.269904255867004395e-01 2.170470058917999268e-01
-5.971702933311462402e-01 4.981553554534912109e-01
6.664695590734481812e-02 -6.991890817880630493e-02
2.857474386692047119e-01 -4.194545447826385498e-01
-1.154905855655670166e-01 1.614126116037368774e-01
-4.644230753183364868e-02 1.997363753616809845e-02
4.012497961521148682e-01 -3.711528778076171875e-01
5.709789991378784180e-01 -6.321398615837097168e-01
-4.062116742134094238e-01 5.269498825073242188e-01
-2.879404127597808838e-01 1.662692278623580933e-01
5.181199312210083008e-01 -2.989172637462615967e-01
7.176182698458433151e-03 8.685707300901412964e-02
-3.932296931743621826e-01 6.013579368591308594e-01
4.074763059616088867e-01 -3.708342909812927246e-01
2.052626013755798340e-01 -3.123770952224731445e-01
2.117987722158432007e-01 -2.216964066028594971e-01
-4.599745273590087891e-01 3.234208524227142334e-01
4.171131849288940430e-01 -3.660541176795959473e-01
-3.943126797676086426e-01 3.939390778541564941e-01
1.337803006172180176e-01 -3.453035354614257812e-01
-4.478050172328948975e-01 3.427865505218505859e-01
6.588618755340576172e-01 -7.867197394371032715e-01
-8.288376033306121826e-02 7.645062357187271118e-02
-4.210638403892517090e-01 3.776191771030426025e-01
5.188320949673652649e-02 1.453141272068023682e-01
2.259652912616729736e-01 -2.922971248626708984e-01
-4.259908795356750488e-01 4.131702780723571777e-01
4.865094274282455444e-02 4.349462687969207764e-02
-3.221417069435119629e-01 3.158100843429565430e-01
-4.159304499626159668e-01 4.127916097640991211e-01
6.604707241058349609e-02 -3.051760606467723846e-03
1.651575118303298950e-01 -2.476511299610137939e-01
5.283706784248352051e-01 -6.212432980537414551e-01
-6.824649870395660400e-02 4.553405195474624634e-02
-3.985786139965057373e-01 4.459211230278015137e-01
-4.400798585265874863e-03 -1.339342147111892700e-01
8.850671350955963135e-02 -1.932138763368129730e-02
-5.183148011565208435e-02 2.865478396415710449e-01
-4.407137632369995117e-01 3.252591192722320557e-01
2.797861099243164062e-01 -1.834254860877990723e-01
-2.708125710487365723e-01 3.310828804969787598e-01
5.599722862243652344e-01 -5.360085368156433105e-01
2.869345545768737793e-01 -2.270998656749725342e-01
2.254665791988372803e-01 -3.396370708942413330e-01
-1.008971631526947021e-01 -2.318509295582771301e-02
2.442580461502075195e-01 -3.264326155185699463e-01
4.610731303691864014e-01 -4.502732753753662109e-01
-5.444331765174865723e-01 4.251615703105926514e-01
2.629110589623451233e-02 -3.460110351443290710e-02
-2.360236495733261108e-01 2.764637768268585205e-01
-2.587873041629791260e-01 2.466059029102325439e-01
-2.558272182941436768e-01 3.503041863441467285e-01
-1.088372841477394104e-01 -3.563344851136207581e-02
3.907375037670135498e-01 -3.249373137950897217e-01
1.558112055063247681e-01 -2.868710458278656006e-01
1.501205116510391235e-01 -2.016853541135787964e-01
2.268415689468383789e-01 -4.926129281520843506e-01
1.242703199386596680e-01 -4.455136358737945557e-01
-3.795083761215209961e-01 1.119384169578552246e-01
2.752597332000732422e-01 -4.836128354072570801e-01
-4.779413938522338867e-01 3.231483399868011475e-01
-3.375208675861358643e-01 4.274667501449584961e-01
5.479054898023605347e-02 -3.508804738521575928e-01
-1.362193226814270020e-01 2.132589071989059448e-01
