-8.569669723510742188e-02 -6.980127841234207153e-02
4.112068414688110352e-01 -3.424644172191619873e-01
6.343036144971847534e-02 1.480054259300231934e-01
1.889999657869338989e-01 6.605753442272543907e-04
-2.171266078948974609e-01 -3.842137381434440613e-02
3.026101589202880859e-01 -1.365950405597686768e-01
-4.535439014434814453e-01 5.169109106063842773e-01
3.406732082366943359e-01 -3.268800377845764160e-01
-5.295625329017639160e-01 3.694099485874176025e-01
-9.649154543876647949e-02 -8.875557780265808105e-02
-1.959784924983978271e-01 1.728113591670989990e-01
2.789367735385894775e-01 -2.766509652137756348e-01
3.184410035610198975e-01 -3.746117949485778809e-01
-2.714556455612182617e-01 3.812139332294464111e-01
2.253635376691818237e-01 -1.437589079141616821e-01
5.126042291522026062e-02 -7.646194100379943848e-02
1.195368319749832153e-01 -1.122671440243721008e-01
-1.531362067908048630e-02 6.278167665004730225e-02
4.939496051520109177e-03 -4.630662500858306885e-03
-2.412264198064804077e-01 7.242819666862487793e-02
-3.157286345958709717e-01 2.975398898124694824e-01
2.924293577671051025e-01 -2.865886688232421875e-01
-2.594476044178009033e-01 1.725268661975860596e-01
-3.475576937198638916e-01 5.193756222724914551e-01
-3.085087239742279053e-01 5.255445837974548340e-01
-3.915772140026092529e-01 4.128325879573822021e-01
3.020006418228149414e-01 -3.016846477985382080e-01
2.021865844726562500e-01 5.837277323007583618e-02
1.222771033644676208e-01 -2.555391788482666016e-01
5.441933404654264450e-03 -1.915206015110015869e-01
-4.553314149379730225e-01 3.549209535121917725e-01
-1.378112584352493286e-01 2.201129645109176636e-01
1.358408182859420776e-01 8.071037381887435913e-02
8.062157779932022095e-02 3.665660694241523743e-02
1.165999025106430054e-01 1.091269031167030334e-01
4.147647619247436523e-01 -1.185281723737716675e-01
4.877043887972831726e-02 -2.835691571235656738e-01
-2.853619158267974854e-01 2.991867065429687500e-01
3.900823891162872314e-01 -3.696021139621734619e-01
-1.137310415506362915e-01 -3.030600771307945251e-02
-4.284608364105224609e-01 4.684361219406127930e-01
-2.263078540563583374e-01 1.967409551143646240e-01
-3.714033067226409912e-01 2.697015106678009033e-01
3.379907459020614624e-02 -5.979567021131515503e-02
3.094298243522644043e-01 -4.193507730960845947e-01
-2.192150801420211792e-01 3.161661922931671143e-01
2.573180496692657471e-01 -2.161411345005035400e-01
1.273178011178970337e-01 -1.161636859178543091e-01
1.385617256164550781e-01 -7.199294865131378174e-02
-3.483310714364051819e-02 1.897502504289150238e-02
4.221497774124145508e-01 -6.391035318374633789e-01
1.754936017096042633e-02 -3.563593327999114990e-02
8.860930800437927246e-02 -1.528878509998321533e-01
-3.963449969887733459e-02 1.451150029897689819e-01
-3.433708250522613525e-01 2.971551716327667236e-01
2.092621102929115295e-02 -1.039130315184593201e-01
4.569521546363830566e-01 -4.327110350131988525e-01
-1.599733158946037292e-02 -1.521118581295013428e-01
1.353031992912292480e-01 -1.728887297213077545e-02
1.071665361523628235e-01 -2.126248031854629517e-01
-6.685853004455566406e-02 3.021196126937866211e-01
-3.280774354934692383e-01 2.524966001510620117e-01
2.184846103191375732e-01 -1.237723901867866516e-01
-3.430823981761932373e-01 8.297868072986602783e-02
5.178785920143127441e-01 -4.634039103984832764e-01
1.357460975646972656e+00 -1.335892081260681152e+00
1.954874843358993530e-01 -3.059967458248138428e-01
-1.601998209953308105e-01 1.213879063725471497e-01
-7.341619729995727539e-01 4.923186302185058594e-01
-2.706402242183685303e-01 9.723241627216339111e-02
-7.894000411033630371e-01 7.285324931144714355e-01
3.545295000076293945e-01 -6.173529624938964844e-01
-1.168375611305236816e-01 6.997101008892059326e-02
-2.479002326726913452e-01 2.827745378017425537e-01
4.277526140213012695e-01 -5.269697308540344238e-01
1.357567071914672852e+00 -1.240357756614685059e+00
1.793942302465438843e-01 -8.388398587703704834e-02
-5.050869584083557129e-01 7.094715833663940430e-01
1.168142080307006836e+00 -1.093616604804992676e+00
1.765501201152801514e-01 -1.688310056924819946e-01
5.131635665893554688e-01 -3.184664249420166016e-01
6.946437358856201172e-01 -6.805396080017089844e-01
2.329751700162887573e-01 -3.227360844612121582e-01
-1.114832639694213867e+00 1.248500108718872070e+00
1.859907954931259155e-01 -1.574077159166336060e-01
6.111108064651489258e-01 -3.550237417221069336e-01
-3.756377398967742920e-01 9.807199239730834961e-02
-2.193938791751861572e-01 1.804487556219100952e-01
-1.057604178786277771e-01 9.617698937654495239e-02
-1.579261720180511475e-01 4.325177893042564392e-02
-8.980879560112953186e-03 1.331787277013063431e-02
-5.400786995887756348e-01 6.152944564819335938e-01
-3.267165720462799072e-01 1.714729070663452148e-01
8.731424808502197266e-01 -6.725239157676696777e-01
-4.964986443519592285e-01 6.223931908607482910e-01
2.943925559520721436e-01 -4.867098927497863770e-01
-1.811446845531463623e-01 1.448216438293457031e-01
-1.066450309008359909e-02 6.243762373924255371e-02
-1.796362251043319702e-01 2.106200307607650757e-01
3.802004158496856689e-01 -2.856633961200714111e-01
6.218330189585685730e-02 1.305817253887653351e-02
-6.523150801658630371e-01 3.894581496715545654e-01
-7.543981075286865234e-02 -1.900449991226196289e-01
1.220089495182037354e-01 -3.471487760543823242e-01
-1.396821975708007812e+00 1.214426040649414062e+00
-3.790681958198547363e-01 3.195393979549407959e-01
6.149519681930541992e-01 -4.945102334022521973e-01
-6.667704582214355469e-01 6.374804973602294922e-01
3.277305066585540771e-01 -3.509703576564788818e-01
3.658728003501892090e-01 -2.385676801204681396e-01
1.095848754048347473e-01 -1.864162683486938477e-01
3.375568985939025879e-01 -3.171052932739257812e-01
-2.977053225040435791e-01 2.022078335285186768e-01
-6.385539770126342773e-01 6.391236782073974609e-01
6.454955339431762695e-01 -8.003901839256286621e-01
-3.176974654197692871e-01 2.040883898735046387e-01
-3.030651509761810303e-01 2.976262569427490234e-01
2.434855997562408447e-01 -3.478089869022369385e-01
-3.351961076259613037e-01 5.632983446121215820e-01
4.684804752469062805e-02 4.070222750306129456e-02
-8.384273946285247803e-02 1.279233954846858978e-02
2.063042521476745605e-01 -2.050381898880004883e-01
1.178552359342575073e-01 -1.496839988976716995e-02
-1.931967586278915405e-01 2.150648087263107300e-01
-2.716819345951080322e-01 2.770530283451080322e-01
-4.802410304546356201e-01 7.173266410827636719e-01
4.371009767055511475e-01 -4.906817376613616943e-01
-6.117897629737854004e-01 5.364034771919250488e-01
2.146848440170288086e-01 -1.107070073485374451e-01
2.265597134828567505e-01 -2.641725838184356689e-01
-2.400584220886230469e-01 1.656526625156402588e-01
-7.263462990522384644e-02 -4.733688756823539734e-02
-6.316714733839035034e-02 -2.475383132696151733e-02
6.253315806388854980e-01 -5.954883694648742676e-01
6.205469369888305664e-01 -6.047720909118652344e-01
-1.723247915506362915e-01 1.851288974285125732e-01
-8.475248813629150391e-01 6.597276926040649414e-01
3.590807020664215088e-01 -4.068191051483154297e-01
-3.578950464725494385e-01 2.560541033744812012e-01
6.537593007087707520e-01 -7.498956322669982910e-01
6.640282869338989258e-01 -7.634784579277038574e-01
-1.054051637649536133e+00 8.832549452781677246e-01
6.564104557037353516e-01 -6.477524638175964355e-01
8.641381561756134033e-02 -1.132276952266693115e-01
1.533067086711525917e-03 -4.720418155193328857e-02
3.180957138538360596e-01 -3.923508524894714355e-01
5.208871364593505859e-01 -5.326074361801147461e-01
-4.966872334480285645e-01 4.134531915187835693e-01
5.105394124984741211e-01 -4.787983596324920654e-01
-9.582222253084182739e-02 1.088190451264381409e-01
-2.544411644339561462e-02 -4.011459648609161377e-02
-3.057424724102020264e-01 8.138113468885421753e-02
-5.483117699623107910e-01 5.744699239730834961e-01
7.021848559379577637e-01 -6.094303727149963379e-01
1.978924870491027832e-02 -1.935431547462940216e-02
-2.781930565834045410e-01 5.006992816925048828e-01
1.178716719150543213e-01 -1.156938150525093079e-01
7.831105589866638184e-01 -7.513200640678405762e-01
1.411250140517950058e-02 -4.725396167486906052e-03
2.660911381244659424e-01 -2.133224755525588989e-01
1.004414930939674377e-01 -1.813900172710418701e-01
-1.083078861236572266e+00 9.706349372863769531e-01
-3.365914821624755859e-01 3.417376577854156494e-01
-4.697420001029968262e-01 3.594856560230255127e-01
-3.758602738380432129e-01 2.336134016513824463e-01
6.652094125747680664e-01 -8.093304634094238281e-01
8.617053925991058350e-02 -2.048293501138687134e-01
5.740054845809936523e-01 -8.030521869659423828e-01
-4.560358449816703796e-02 9.746762365102767944e-02
-1.385520771145820618e-02 2.046759873628616333e-01
-2.414999753236770630e-01 4.532641172409057617e-01
-3.772011399269104004e-01 2.145053297281265259e-01
-2.158220261335372925e-01 1.844189465045928955e-01
-5.651372075080871582e-01 4.600620269775390625e-01
-3.237161934375762939e-01 2.031692713499069214e-01
8.312613517045974731e-02 1.123420521616935730e-01
-7.901791483163833618e-02 5.702887848019599915e-02
-4.906226992607116699e-01 3.441487252712249756e-01
-2.408030629158020020e-01 1.672016233205795288e-01
4.310157597064971924e-01 -3.810997307300567627e-01
-3.256396651268005371e-01 2.464939057826995850e-01
-1.964959800243377686e-01 3.653186857700347900e-01
1.806491762399673462e-01 -1.053579151630401611e-01
-3.896375894546508789e-01 5.819076299667358398e-01
2.851803004741668701e-01 -2.061371952295303345e-01
3.007914721965789795e-01 -1.431285589933395386e-01
-3.973852396011352539e-01 2.160813659429550171e-01
-3.566420078277587891e-01 2.799897193908691406e-01
-7.615439295768737793e-01 8.935376405715942383e-01
-1.245542913675308228e-01 -8.968708664178848267e-02
-4.280305504798889160e-01 3.025054633617401123e-01
-2.073376178741455078e-01 1.168008148670196533e-01
1.638625115156173706e-01 -2.805672287940979004e-01
-1.130284816026687622e-01 7.079428434371948242e-02
1.027626637369394302e-02 -3.194099292159080505e-02
6.277554482221603394e-02 -4.887596890330314636e-02
3.192097246646881104e-01 -1.374103873968124390e-01
-1.288959477096796036e-02 2.050273716449737549e-01
5.827187746763229370e-02 -4.144199192523956299e-02
-5.970203503966331482e-02 1.976853758096694946e-01
-2.294481694698333740e-01 2.198010683059692383e-02
1.462343633174896240e-01 -4.007818549871444702e-02
-6.660550832748413086e-02 1.656328886747360229e-02
-6.017295271158218384e-02 3.213043510913848877e-02
1.946260482072830200e-01 4.073805734515190125e-02
-3.253991007804870605e-01 4.735586643218994141e-01
-2.469194866716861725e-02 1.499323546886444092e-01
-3.190017938613891602e-01 2.645309269428253174e-02
-4.068555831909179688e-01 2.217698097229003906e-01
-1.254835166037082672e-02 -1.313131898641586304e-01
-1.367435753345489502e-01 1.142478138208389282e-01
-7.383948564529418945e-02 1.697113364934921265e-01
9.894851595163345337e-02 -2.315484732389450073e-01
-2.566110789775848389e-01 1.262800488620996475e-02
-2.097490429878234863e-01 1.018447652459144592e-01
-3.075985312461853027e-01 4.851383864879608154e-01
-2.787522599101066589e-02 -5.573930963873863220e-02
4.353793337941169739e-02 -8.315684646368026733e-02
-8.492215722799301147e-02 5.112171545624732971e-02
-2.382811754941940308e-01 2.365867048501968384e-01
-1.981998793780803680e-03 -1.384260058403015137e-01
-5.885707959532737732e-02 8.666852861642837524e-02
-3.213153406977653503e-02 1.494742035865783691e-01
-1.028934419155120850e-01 2.293588221073150635e-01
3.658705353736877441e-01 -3.851869106292724609e-01
6.323610246181488037e-02 -5.681180208921432495e-02
-3.306140601634979248e-01 1.865180432796478271e-01
-2.481257468461990356e-01 1.418527811765670776e-01
1.324556469917297363e-01 5.822269245982170105e-02
1.821069791913032532e-02 1.026023458689451218e-02
1.180377826094627380e-01 -3.362356498837471008e-02
1.184615418314933777e-01 9.530179947614669800e-02
-5.301608145236968994e-02 1.152490731328725815e-02
-1.479659825563430786e-01 -6.756189465522766113e-02
-1.630158275365829468e-01 3.003505468368530273e-01
-3.209647163748741150e-02 1.235655099153518677e-01
-3.139626234769821167e-03 -4.747424647212028503e-02
-1.269334405660629272e-01 1.094032377004623413e-01
-1.022653952240943909e-01 3.216164186596870422e-02
-3.410298610106110573e-03 1.719157844781875610e-01
2.699727416038513184e-01 -3.560659885406494141e-01
-4.041079878807067871e-01 3.626305162906646729e-01
-2.267547994852066040e-01 2.027985602617263794e-01
3.134110271930694580e-01 -1.992923766374588013e-01
-7.424470037221908569e-02 1.841306388378143311e-01
6.243200227618217468e-02 1.652732640504837036e-01
-3.713109195232391357e-01 5.597152113914489746e-01
-5.223589539527893066e-01 3.870647549629211426e-01
-1.097732111811637878e-01 1.091049984097480774e-01
1.502686440944671631e-01 -1.812938451766967773e-01
-4.980684220790863037e-01 3.274758458137512207e-01
-1.128598079085350037e-01 4.122300818562507629e-02
-1.469875127077102661e-01 1.954718381166458130e-01
4.686791300773620605e-01 -3.818764686584472656e-01
-1.053367741405963898e-03 1.157745942473411560e-01
-4.012911021709442139e-02 -1.078061982989311218e-01
