1.486286222934722900e-01 -1.280384063720703125e-01
2.239009886980056763e-01 -2.080626338720321655e-01
1.821589171886444092e-01 -1.255847960710525513e-01
-2.684600055217742920e-01 1.589683741331100464e-01
-3.344845399260520935e-02 -4.985192418098449707e-02
6.648609787225723267e-02 -3.932186402380466461e-03
-5.429072305560112000e-02 1.149396039545536041e-02
-4.675699472427368164e-01 3.963532149791717529e-01
-1.524488627910614014e-02 -2.561266347765922546e-02
2.976278364658355713e-01 -3.120389878749847412e-01
2.667603790760040283e-01 -3.262405470013618469e-02
-6.868195533752441406e-02 9.188275039196014404e-02
-3.375088423490524292e-02 2.549271583557128906e-01
7.435524603351950645e-04 1.774726808071136475e-01
3.845064667984843254e-03 2.971977740526199341e-02
-4.414571076631546021e-02 6.472294032573699951e-02
8.149421215057373047e-02 6.272090226411819458e-02
9.135516732931137085e-02 9.884109348058700562e-02
7.626113295555114746e-02 -1.160529926419258118e-01
-1.386293321847915649e-01 -1.764331758022308350e-02
-3.178752064704895020e-01 4.264386892318725586e-01
-2.141436338424682617e-01 -1.151391714811325073e-01
-4.254486858844757080e-01 4.581514596939086914e-01
3.192508816719055176e-01 -3.084477484226226807e-01
1.513151526451110840e-01 -1.669232100248336792e-01
-5.564795061945915222e-02 -5.499593913555145264e-02
-4.682352244853973389e-01 2.804854512214660645e-01
-1.551233083009719849e-01 1.557314209640026093e-02
1.334663480520248413e-02 -4.742662981152534485e-02
-6.788510829210281372e-02 -2.228958159685134888e-01
-6.685154139995574951e-02 4.995349422097206116e-02
8.440672419965267181e-03 6.212330982089042664e-02
1.937544941902160645e-01 -2.432471662759780884e-01
7.575088646262884140e-03 -2.508782967925071716e-02
-1.099199503660202026e-01 2.572305500507354736e-01
-2.537299692630767822e-02 9.123284369707107544e-02
-1.686695367097854614e-01 2.839463949203491211e-01
4.873073697090148926e-01 -5.083407759666442871e-01
-2.211330533027648926e-01 1.890837699174880981e-01
-3.180775046348571777e-01 1.662555336952209473e-01
1.674647442996501923e-02 9.491673111915588379e-02
1.693844199180603027e-01 -3.505123853683471680e-01
4.634813591837882996e-02 -1.467590779066085815e-02
1.372871734201908112e-02 -1.832024157047271729e-01
-2.170799225568771362e-01 1.798873692750930786e-01
3.025073111057281494e-01 -1.126622334122657776e-01
1.693304479122161865e-01 -8.591885864734649658e-02
3.122282214462757111e-03 1.275851130485534668e-01
1.330891847610473633e-01 -1.692046076059341431e-01
-2.533545792102813721e-01 2.482949793338775635e-01
-3.907315433025360107e-02 1.061699818819761276e-02
5.117324739694595337e-02 -1.558794230222702026e-01
-1.165687143802642822e-01 1.709919124841690063e-01
-1.125799771398305893e-02 7.690768223255872726e-03
-1.793102920055389404e-02 -9.571362286806106567e-02
-1.220267787575721741e-01 1.223049685359001160e-01
3.706645220518112183e-02 1.441149786114692688e-02
-2.053350210189819336e-01 -4.127599671483039856e-02
-2.974443733692169189e-01 3.363521695137023926e-01
-2.237304300069808960e-01 2.618124186992645264e-01
6.274276226758956909e-02 -1.014927104115486145e-01
-6.823018193244934082e-02 9.226254373788833618e-02
-7.438004612922668457e-01 5.378291010856628418e-01
3.330723941326141357e-01 -1.048478856682777405e-01
3.114031851291656494e-01 -4.433856010437011719e-01
3.581855595111846924e-01 -3.612799346446990967e-01
1.483848839998245239e-01 -2.958401143550872803e-01
-1.005212813615798950e-01 -1.030429378151893616e-01
1.751453578472137451e-01 -7.012496143579483032e-02
6.850248575210571289e-02 -7.659191638231277466e-02
-4.530586898326873779e-01 4.644289016723632812e-01
-5.664441585540771484e-01 6.036562323570251465e-01
2.308921515941619873e-01 -1.557850241661071777e-01
1.492413412779569626e-02 1.023718118667602539e-01
3.591729700565338135e-01 -5.013246536254882812e-01
1.318399161100387573e-01 -2.840892076492309570e-01
-3.750292360782623291e-01 1.575417667627334595e-01
-4.108056426048278809e-02 2.123229503631591797e-01
-1.396620869636535645e-01 7.476335763931274414e-02
-2.944260537624359131e-01 3.432233929634094238e-01
4.956068992614746094e-01 -4.384115040302276611e-01
-3.125082552433013916e-01 4.062058925628662109e-01
5.012059807777404785e-01 -5.725672841072082520e-01
-5.696566402912139893e-02 8.262169361114501953e-02
-4.871230423450469971e-01 5.154129862785339355e-01
-3.505712449550628662e-01 2.466626465320587158e-01
-2.894864082336425781e-01 2.643178999423980713e-01
3.827171623706817627e-01 -4.448662698268890381e-01
5.109418034553527832e-01 -3.624461591243743896e-01
7.530368119478225708e-02 -1.406880617141723633e-01
-1.232618451118469238e+00 1.372578740119934082e+00
-2.455658465623855591e-01 1.654093861579895020e-01
-3.014838099479675293e-01 4.389816522598266602e-01
5.672132372856140137e-01 -5.210260152816772461e-01
2.741281688213348389e-01 -2.721515297889709473e-01
-2.736767530441284180e-01 2.947489619255065918e-01
7.381474971771240234e-01 -9.394924640655517578e-01
-3.462348580360412598e-01 2.324912101030349731e-01
-7.737147063016891479e-02 1.625259965658187866e-01
1.231547072529792786e-01 1.052270159125328064e-01
4.547812938690185547e-01 -2.045496553182601929e-01
9.992317557334899902e-01 -1.086789727210998535e+00
-9.743896126747131348e-02 1.059640571475028992e-01
3.909793198108673096e-01 -1.495353430509567261e-01
-2.975781857967376709e-01 4.578077495098114014e-01
4.223906397819519043e-01 -3.628109097480773926e-01
-2.222739756107330322e-01 3.136002719402313232e-01
-9.496532082557678223e-01 9.489567279815673828e-01
-2.776830792427062988e-01 2.248726487159729004e-01
7.257269024848937988e-01 -6.345747113227844238e-01
5.395579338073730469e-02 -1.377754658460617065e-01
-1.790063977241516113e-01 3.315636813640594482e-01
2.338686734437942505e-01 -7.898506522178649902e-02
-5.480552315711975098e-01 3.808509409427642822e-01
6.103391200304031372e-02 -2.929979860782623291e-01
1.549569815397262573e-01 -3.223702907562255859e-01
1.411265134811401367e-02 -3.028578869998455048e-02
-4.250619411468505859e-01 2.408834695816040039e-01
-4.019348621368408203e-01 3.563050031661987305e-01
-5.626975893974304199e-01 4.408195614814758301e-01
-4.709577560424804688e-01 5.840710401535034180e-01
-1.471824795007705688e-01 2.581007182598114014e-01
-3.061480820178985596e-01 2.373540997505187988e-01
-4.353087842464447021e-01 4.305986166000366211e-01
2.750425636768341064e-01 -1.334335803985595703e-01
-2.172235213220119476e-02 -2.289771102368831635e-02
-2.228153795003890991e-01 2.915414273738861084e-01
9.416735172271728516e-01 -9.954282045364379883e-01
1.588856577873229980e-01 -7.066069543361663818e-02
2.987935543060302734e-01 -6.211459264159202576e-02
-3.693804740905761719e-01 4.961045384407043457e-01
-3.681735992431640625e-01 3.502647876739501953e-01
-3.337241709232330322e-01 4.053735435009002686e-01
4.884338378906250000e-01 -4.802905917167663574e-01
-3.040201365947723389e-01 1.342870593070983887e-01
-1.042712256312370300e-01 2.373141348361968994e-01
-3.888830840587615967e-01 3.149569630622863770e-01
8.282517790794372559e-01 -8.072355985641479492e-01
5.835020914673805237e-02 -8.488500118255615234e-02
6.724969744682312012e-01 -5.411667227745056152e-01
-2.419174090027809143e-02 -8.639629185199737549e-02
-1.191044300794601440e-01 1.613377928733825684e-01
7.990743219852447510e-02 6.226192414760589600e-02
-2.438085526227951050e-01 1.336954385042190552e-01
3.637797832489013672e-01 -3.441120982170104980e-01
5.561307445168495178e-02 -1.711149960756301880e-01
-2.515122294425964355e-01 4.425788670778274536e-02
-2.373969256877899170e-01 3.512133657932281494e-02
1.041180938482284546e-01 -1.571816056966781616e-01
2.113084197044372559e-01 -3.495598435401916504e-01
-4.638304114341735840e-01 4.569986462593078613e-01
3.987541794776916504e-01 -3.305270671844482422e-01
-2.021863609552383423e-01 4.458388984203338623e-01
4.452781379222869873e-02 2.221626490354537964e-01
-6.029031276702880859e-01 5.661344528198242188e-01
-3.552237153053283691e-01 4.504960477352142334e-01
-2.186623066663742065e-01 9.973162412643432617e-02
3.877969086170196533e-01 -4.343691766262054443e-01
-1.615053415298461914e-01 4.698875546455383301e-02
2.919312715530395508e-01 -4.792678356170654297e-01
-3.927445709705352783e-01 3.372438549995422363e-01
1.729506105184555054e-01 -5.335265398025512695e-02
-2.556993365287780762e-01 2.984302639961242676e-01
6.924046576023101807e-02 1.941253803670406342e-02
2.144843526184558868e-02 -7.871307432651519775e-02
6.662157177925109863e-01 -7.931116819381713867e-01
-3.257325589656829834e-01 -4.536477383226156235e-03
4.455008804798126221e-01 -3.983721733093261719e-01
-4.455402493476867676e-01 2.956886291503906250e-01
-8.474530279636383057e-02 2.006167769432067871e-01
6.505223512649536133e-01 -6.713359355926513672e-01
-3.460509479045867920e-01 5.526318550109863281e-01
-8.228091895580291748e-02 3.516635298728942871e-02
-1.694693267345428467e-01 3.512790501117706299e-01
-3.125511109828948975e-01 1.203143149614334106e-01
6.547215580940246582e-01 -4.073074162006378174e-01
-1.825784593820571899e-01 2.188717722892761230e-01
-5.971332192420959473e-01 6.996820569038391113e-01
5.863314867019653320e-02 8.545334637165069580e-02
1.463036388158798218e-01 -2.071299403905868530e-02
-2.371119409799575806e-01 4.043730497360229492e-01
-1.915323436260223389e-01 1.247097551822662354e-01
3.890244066715240479e-01 -3.731614649295806885e-01
1.149072200059890747e-01 -3.161744400858879089e-02
-1.675547361373901367e-01 6.941949576139450073e-02
-1.704440712928771973e-01 1.002854406833648682e-01
-8.823191374540328979e-02 4.750462993979454041e-02
-5.056217908859252930e-01 2.501220703125000000e-01
-8.847165703773498535e-01 8.975371718406677246e-01
1.169477775692939758e-01 1.750029157847166061e-03
-3.409902751445770264e-01 3.864960074424743652e-01
2.834692597389221191e-01 -3.116183280944824219e-01
7.186241913586854935e-03 -9.776120632886886597e-02
2.061010897159576416e-01 -1.793433427810668945e-01
-2.797338068485260010e-01 3.066439628601074219e-01
1.249119862914085388e-01 1.029042750597000122e-01
-4.065469205379486084e-01 5.335282683372497559e-01
-6.487623788416385651e-03 1.211129203438758850e-01
-2.136054188013076782e-01 1.163207963109016418e-01
-1.171064451336860657e-01 1.568130850791931152e-01
8.906174451112747192e-02 -1.390951573848724365e-01
3.878916203975677490e-01 -1.593008786439895630e-01
2.839660644531250000e-01 -1.131617724895477295e-01
-1.142412796616554260e-01 1.959031671285629272e-01
3.807729855179786682e-02 1.598701477050781250e-01
-8.763562142848968506e-02 6.681621819734573364e-02
-6.180797889828681946e-02 5.704347044229507446e-02
-1.911679804325103760e-01 1.838880032300949097e-01
1.149322092533111572e-01 1.376926619559526443e-02
-8.029703050851821899e-02 1.969919353723526001e-02
-1.384705454111099243e-01 4.623841941356658936e-01
1.475473642349243164e-01 -2.817916274070739746e-01
-4.190117120742797852e-02 2.399260401725769043e-01
6.331074982881546021e-02 4.002882912755012512e-02
-2.845532596111297607e-01 1.618594229221343994e-01
2.128705233335494995e-01 -1.678588688373565674e-01
-1.758621782064437866e-01 1.614661663770675659e-01
-2.398915030062198639e-02 1.971907913684844971e-02
-4.960638582706451416e-01 2.429701685905456543e-01
-2.229531705379486084e-01 1.720068454742431641e-01
7.411427050828933716e-02 -2.727010250091552734e-01
2.812937200069427490e-01 -2.058662772178649902e-01
-1.628721803426742554e-01 1.638700664043426514e-01
-3.987862914800643921e-02 -4.537701234221458435e-02
2.052908390760421753e-01 -5.885064974427223206e-02
2.778005786240100861e-03 -4.148761555552482605e-02
-7.279852032661437988e-02 -4.488955438137054443e-02
-4.238313436508178711e-02 1.549111157655715942e-01
-1.305505167692899704e-02 -1.517803072929382324e-01
2.485310286283493042e-01 -2.526399791240692139e-01
-2.182540744543075562e-01 3.139865696430206299e-01
7.071267813444137573e-02 8.629742264747619629e-02
-1.038393899798393250e-01 3.979706391692161560e-02
-2.861331030726432800e-02 -2.851903624832630157e-02
-2.821904793381690979e-02 1.652484387159347534e-01
2.226815223693847656e-01 4.887062683701515198e-02
-5.944005772471427917e-02 5.634906142950057983e-02
6.079011596739292145e-03 -9.266317635774612427e-02
-1.309006065130233765e-01 3.817303478717803955e-02
-1.886340528726577759e-01 2.083583921194076538e-01
-1.340068578720092773e-01 1.362765729427337646e-01
5.090843513607978821e-02 6.036971136927604675e-02
3.392557799816131592e-02 8.182709664106369019e-02
4.669877886772155762e-02 -1.862181425094604492e-01
-1.258385479450225830e-01 4.870083183050155640e-02
-1.532281786203384399e-01 7.919740676879882812e-02
-5.007928982377052307e-02 -2.191012166440486908e-02
1.622533947229385376e-01 -2.948402985930442810e-02
-1.595897078514099121e-01 1.264377385377883911e-01
-5.612624064087867737e-02 3.044947385787963867e-01
-1.771726310253143311e-01 7.553760427981615067e-03
-6.012149900197982788e-02 -2.510923333466053009e-02
-3.291338682174682617e-02 8.014323562383651733e-02
-1.031083520501852036e-02 -2.202872037887573242e-01
-1.135449334979057312e-01 8.244417607784271240e-02
2.321220636367797852e-01 -2.298432290554046631e-01
