-3.171523287892341614e-02 -5.115891247987747192e-02
-2.283359020948410034e-01 3.370524942874908447e-01
2.287434488534927368e-01 3.861587122082710266e-02
1.827028542757034302e-01 -3.766906261444091797e-01
-2.699232399463653564e-01 2.586655020713806152e-01
1.821004748344421387e-01 -1.232368424534797668e-01
8.083637803792953491e-02 -9.033708274364471436e-02
7.764864712953567505e-03 4.133873805403709412e-02
-1.636830717325210571e-01 4.549171030521392822e-01
-1.080920696258544922e-01 2.093842923641204834e-01
2.767601609230041504e-01 -2.053083330392837524e-01
3.626829385757446289e-02 -3.826286271214485168e-02
4.813849627971649170e-01 -1.496984958648681641e-01
5.285826697945594788e-02 8.369723707437515259e-02
2.510918974876403809e-01 -5.191786959767341614e-02
-2.842686474323272705e-01 4.493452310562133789e-01
1.418745368719100952e-01 7.401555776596069336e-02
1.703299880027770996e-01 -1.529974192380905151e-01
-2.782729268074035645e-01 2.442818135023117065e-01
-4.260388910770416260e-01 4.158785641193389893e-01
1.061037108302116394e-01 -1.032319143414497375e-01
2.171423286199569702e-01 -1.494053006172180176e-01
-7.628276944160461426e-02 -1.336242109537124634e-01
-2.576044797897338867e-01 3.255544006824493408e-01
1.493322998285293579e-01 -1.640477925539016724e-01
1.133757457137107849e-01 -2.027236521244049072e-01
-7.078820466995239258e-02 2.969707362353801727e-02
-2.166169434785842896e-01 1.938392370939254761e-01
4.351068660616874695e-02 -1.958288066089153290e-02
-1.744659841060638428e-01 3.221352994441986084e-01
8.828191459178924561e-02 -1.152113154530525208e-01
-3.195218443870544434e-01 3.021698892116546631e-01
-3.206472396850585938e-01 6.854565581306815147e-04
-6.319641321897506714e-02 1.611036509275436401e-01
3.078057467937469482e-01 -1.477048993110656738e-01
1.972964555025100708e-01 -9.680768847465515137e-02
-7.703691720962524414e-02 2.508974075317382812e-01
-1.003286540508270264e-01 1.400799900293350220e-01
3.234979510307312012e-01 -5.661428347229957581e-02
3.297253251075744629e-01 -3.411921858787536621e-01
1.681072711944580078e-01 -4.031973183155059814e-01
-1.506637930870056152e-01 1.968885213136672974e-01
-2.045227885246276855e-01 3.058751523494720459e-01
2.896688282489776611e-01 -1.630475670099258423e-01
-1.561365425586700439e-01 3.651957809925079346e-01
-1.315545141696929932e-01 5.819819495081901550e-02
-1.483541280031204224e-01 1.391158401966094971e-01
-2.319936603307723999e-01 3.302763998508453369e-01
2.452376931905746460e-01 -1.062826886773109436e-01
9.122745692729949951e-02 -2.383628934621810913e-01
2.150488644838333130e-01 -3.463887870311737061e-01
-3.670898079872131348e-01 1.868724077939987183e-01
3.351669609546661377e-01 -1.828266829252243042e-01
-3.509753942489624023e-01 1.121117472648620605e-01
2.601224184036254883e-01 -1.810898184776306152e-01
6.763000041246414185e-02 7.011539489030838013e-02
3.213935792446136475e-01 -4.438984990119934082e-01
-6.276106089353561401e-02 1.655267477035522461e-01
-2.028314769268035889e-02 -4.078124091029167175e-02
2.993139028549194336e-01 -1.829243451356887817e-01
3.823283016681671143e-01 -4.337660670280456543e-01
-2.453548163175582886e-01 1.190217062830924988e-01
-1.399153918027877808e-01 1.601430326700210571e-01
-2.602072060108184814e-01 1.300003826618194580e-01
3.176426589488983154e-01 -2.505004405975341797e-01
-2.974634170532226562e-01 4.075456559658050537e-01
4.520858172327280045e-03 -1.739144325256347656e-01
2.299841344356536865e-01 -2.531074583530426025e-01
-2.183706611394882202e-01 3.541283309459686279e-01
-1.885840445756912231e-01 1.683616489171981812e-01
2.436527907848358154e-01 -8.273531496524810791e-02
2.283629775047302246e-01 -3.879834413528442383e-01
-4.628644883632659912e-01 3.603962361812591553e-01
-2.481520026922225952e-01 2.915902435779571533e-01
4.914024770259857178e-01 -3.914536833763122559e-01
-2.373642325401306152e-01 3.177886903285980225e-01
1.539695262908935547e-01 -2.596916556358337402e-01
-2.390446960926055908e-01 9.388416260480880737e-02
1.988838165998458862e-01 -2.257557064294815063e-01
-4.165520668029785156e-01 3.944579660892486572e-01
1.968626081943511963e-01 -1.132900118827819824e-01
2.592528760433197021e-01 -2.123466134071350098e-01
-1.765536367893218994e-01 2.467546164989471436e-01
-2.809624969959259033e-01 4.722972214221954346e-01
2.184826135635375977e-01 -1.184123158454895020e-01
-1.394513435661792755e-02 -2.109712921082973480e-02
2.236453741788864136e-01 -2.923588454723358154e-01
-2.260768562555313110e-01 1.737245619297027588e-01
1.433378756046295166e-01 -4.438677057623863220e-02
-2.724002301692962646e-02 -8.446371555328369141e-02
-2.323557287454605103e-01 2.181860357522964478e-01
-9.843708574771881104e-02 -5.429863929748535156e-02
-4.683149233460426331e-02 5.729190073907375336e-03
-1.628432571887969971e-01 1.482777744531631470e-01
-1.219121888279914856e-01 2.259455323219299316e-01
-1.745559275150299072e-01 7.149902731180191040e-02
-1.967755705118179321e-01 3.955411612987518311e-01
2.144719511270523071e-01 -2.415460497140884399e-01
4.840258359909057617e-01 -4.199828207492828369e-01
6.047983840107917786e-02 5.923232436180114746e-02
-3.419277369976043701e-01 1.155852153897285461e-01
-5.021595582365989685e-02 -1.783402115106582642e-01
2.306081950664520264e-01 -2.410946339368820190e-01
1.572908908128738403e-01 -2.776962816715240479e-01
4.594856202602386475e-01 -3.256912231445312500e-01
-2.760065197944641113e-01 1.457633376121520996e-01
-1.206130906939506531e-01 1.031279340386390686e-01
4.627803564071655273e-01 -2.878680229187011719e-01
-4.026375710964202881e-01 4.166263043880462646e-01
-2.901423349976539612e-02 6.811452656984329224e-02
3.813866078853607178e-01 -4.697395265102386475e-01
-2.269281446933746338e-01 2.066724896430969238e-01
-2.922379970550537109e-01 3.383359611034393311e-01
3.622550070285797119e-01 -2.629458308219909668e-01
3.592585623264312744e-01 -2.738305032253265381e-01
1.199112311005592346e-01 -3.164807707071304321e-02
4.263444840908050537e-01 -3.132208585739135742e-01
-5.218557119369506836e-01 3.740508854389190674e-01
4.483514428138732910e-01 -2.702116072177886963e-01
-2.298627048730850220e-01 2.058751136064529419e-01
5.686938762664794922e-01 -4.512202441692352295e-01
-3.765470087528228760e-01 1.314375400543212891e-01
-1.362590938806533813e-01 1.819192469120025635e-01
4.230273663997650146e-01 -3.729599416255950928e-01
4.539549052715301514e-01 -4.412364661693572998e-01
-3.736383914947509766e-01 4.238193929195404053e-01
-3.173489272594451904e-01 2.906367182731628418e-01
-3.986786901950836182e-01 3.597025871276855469e-01
3.573675751686096191e-01 -4.200722277164459229e-01
2.069805115461349487e-01 -5.570764839649200439e-02
1.741808652877807617e-01 -2.566337883472442627e-01
-6.540860980749130249e-02 1.275203078985214233e-01
-3.846493959426879883e-01 2.864287197589874268e-01
-1.372376233339309692e-01 3.521424531936645508e-01
-3.555755019187927246e-01 1.812160462141036987e-01
-3.008735179901123047e-01 2.326543927192687988e-01
2.134446501731872559e-01 1.089326143264770508e-01
-1.894974112510681152e-01 1.689819693565368652e-01
3.973274827003479004e-01 -3.008446097373962402e-01
3.011977076530456543e-01 -3.273475468158721924e-01
-4.960388317704200745e-02 7.654045522212982178e-02
-3.024834692478179932e-01 3.741285204887390137e-01
-2.481279671192169189e-01 3.227246105670928955e-01
-1.644333358854055405e-03 8.303999900817871094e-02
2.581761479377746582e-01 -4.585422575473785400e-01
7.892870903015136719e-02 9.980241768062114716e-03
-6.565602123737335205e-02 1.798675060272216797e-01
-1.639828532934188843e-01 1.840353012084960938e-01
1.531117111444473267e-01 -5.751635506749153137e-02
-2.065449655055999756e-01 1.119211614131927490e-01
-1.443895399570465088e-01 1.507791280746459961e-01
-1.444153636693954468e-01 1.303988248109817505e-01
-8.744621276855468750e-02 -1.010359171777963638e-02
-8.219864219427108765e-02 1.852847449481487274e-02
-2.701803743839263916e-01 2.745963335037231445e-01
-3.343368768692016602e-01 4.211558103561401367e-01
2.378968298435211182e-01 -1.749841570854187012e-01
-9.944266080856323242e-02 -9.582116268575191498e-03
4.310065507888793945e-01 -3.891547620296478271e-01
1.144524738192558289e-01 -3.869068324565887451e-01
5.810937657952308655e-02 -1.355615258216857910e-01
3.236872851848602295e-01 -2.761516571044921875e-01
-3.330646753311157227e-01 2.883796393871307373e-01
-4.845925047993659973e-02 2.297061309218406677e-02
-1.029168888926506042e-01 5.204131081700325012e-02
-2.890779972076416016e-01 2.883922755718231201e-01
2.342899143695831299e-01 -2.489954978227615356e-01
-6.560727953910827637e-02 -8.921673893928527832e-02
-1.272212862968444824e-01 4.770758561789989471e-03
-2.018952667713165283e-01 2.997176051139831543e-01
1.040619686245918274e-01 -2.222862690687179565e-01
1.033521145582199097e-01 -1.765436232089996338e-01
-3.094324767589569092e-01 2.783001661300659180e-01
-7.674946635961532593e-02 3.172813355922698975e-02
4.310990869998931885e-01 -2.838321924209594727e-01
-2.145682722330093384e-01 6.048102304339408875e-02
-4.319278523325920105e-02 1.519728302955627441e-01
-3.748467564582824707e-02 7.175250351428985596e-02
-1.738278120756149292e-01 1.711058169603347778e-01
6.445990502834320068e-02 -1.039015054702758789e-01
-2.899792790412902832e-01 1.965642273426055908e-01
-2.066036760807037354e-01 1.652776896953582764e-01
4.448324441909790039e-01 -2.953776419162750244e-01
5.863698199391365051e-02 8.815785497426986694e-02
-1.187805905938148499e-01 -7.920408248901367188e-02
9.882169775664806366e-03 -1.029562428593635559e-01
-2.691680788993835449e-01 1.040557920932769775e-01
2.041932940483093262e-01 -2.594657242298126221e-01
1.006280109286308289e-01 -1.670576184988021851e-01
-1.177917569875717163e-01 2.530016005039215088e-01
-5.765391513705253601e-02 -2.042516320943832397e-01
-1.630914211273193359e-01 8.700691163539886475e-02
8.949044346809387207e-02 -2.215793915092945099e-02
-8.433506637811660767e-02 1.224206108599901199e-02
3.025077879428863525e-01 -3.223571479320526123e-01
4.582083493005484343e-04 -2.470352314412593842e-02
-1.908924132585525513e-01 -1.429432034492492676e-01
4.210623353719711304e-02 -1.289310902357101440e-01
-3.436305224895477295e-01 1.503317654132843018e-01
2.539924383163452148e-01 -7.349720597267150879e-02
5.149684846401214600e-02 -1.867516636848449707e-01
-1.129862070083618164e-01 2.744655907154083252e-01
1.636545360088348389e-01 -3.981769084930419922e-02
1.043472513556480408e-01 -2.907006740570068359e-01
5.957477912306785583e-02 1.339828129857778549e-02
1.681381464004516602e-01 -1.451591551303863525e-01
-1.512560248374938965e-01 2.235691398382186890e-01
-1.567200869321823120e-01 -9.136763215065002441e-02
-1.650132536888122559e-01 7.508485019207000732e-02
1.819462031126022339e-01 -1.429219990968704224e-01
-1.144482046365737915e-01 1.241944506764411926e-01
-1.769423671066761017e-02 1.601622402667999268e-01
1.867608129978179932e-01 2.946105785667896271e-02
-2.778512798249721527e-02 -1.857666211435571313e-04
3.923896700143814087e-02 -2.904107235372066498e-02
4.595861583948135376e-02 -1.048789769411087036e-01
-4.036184865981340408e-03 1.314955204725265503e-01
2.366332858800888062e-01 -1.056275293231010437e-01
-1.942365616559982300e-02 1.595937907695770264e-01
-2.379268854856491089e-01 2.126431614160537720e-01
1.062749177217483521e-01 6.145892664790153503e-02
-2.137590795755386353e-01 2.607929706573486328e-01
4.252508282661437988e-03 -6.833685934543609619e-02
2.508436329662799835e-02 3.759901225566864014e-02
5.597569048404693604e-02 -1.331816799938678741e-02
2.111786305904388428e-01 1.294775754213333130e-01
1.158620417118072510e-01 -6.598166376352310181e-02
-9.758972376585006714e-02 1.674564778804779053e-01
-2.352315485477447510e-01 -1.947371661663055420e-02
8.482281118631362915e-02 -1.747204959392547607e-01
1.281483620405197144e-01 -4.577498137950897217e-02
-8.898340910673141479e-02 6.161551550030708313e-02
6.102151796221733093e-02 -1.078676730394363403e-01
-2.021178156137466431e-01 2.111453860998153687e-01
9.445628151297569275e-03 -1.306194663047790527e-01
2.428942024707794189e-01 -2.003684490919113159e-01
-1.525443941354751587e-01 1.803768426179885864e-01
-1.964047783985733986e-03 1.061241999268531799e-01
-9.204708784818649292e-02 3.944104537367820740e-02
-5.999758467078208923e-02 -1.376615762710571289e-01
-9.969186037778854370e-02 4.694629460573196411e-02
-8.942988701164722443e-03 1.567344814538955688e-01
2.207399532198905945e-02 -1.096202656626701355e-01
-4.988461360335350037e-02 5.720437318086624146e-02
-1.765643954277038574e-01 5.817675963044166565e-02
-1.362242847681045532e-01 4.935493692755699158e-03
3.958872854709625244e-01 -9.549853205680847168e-02
-1.349295377731323242e-01 1.752002984285354614e-01
1.709393411874771118e-01 -4.715944081544876099e-02
3.270584717392921448e-02 -1.900665014982223511e-01
2.142045646905899048e-01 -1.627023965120315552e-01
-4.008398391306400299e-03 -7.099393010139465332e-02
1.371058374643325806e-01 9.336754679679870605e-02
-2.215184569358825684e-01 1.159086003899574280e-01
1.468544155359268188e-01 -6.762804836034774780e-02
-2.150405645370483398e-01 -1.856746897101402283e-02
