3.431504070758819580e-01 -5.272468924522399902e-01
-2.324564754962921143e-01 1.893988400697708130e-01
-1.730474382638931274e-01 1.309545338153839111e-01
7.007005065679550171e-02 -1.089577898383140564e-01
2.439961880445480347e-01 -1.082555204629898071e-01
-2.827807962894439697e-01 2.384873926639556885e-01
-3.410151898860931396e-01 4.530463814735412598e-01
-9.627424925565719604e-02 2.578258812427520752e-01
-1.421451121568679810e-01 2.628135085105895996e-01
3.084977865219116211e-01 -2.634761035442352295e-01
-4.105517566204071045e-01 4.289538264274597168e-01
1.485271006822586060e-02 -2.415801882743835449e-01
-7.167338579893112183e-02 -3.531704097986221313e-02
-3.382901847362518311e-01 1.492173969745635986e-01
-1.517239958047866821e-01 5.012929812073707581e-02
1.236912310123443604e-01 -2.454518377780914307e-01
-2.632159888744354248e-01 2.430226057767868042e-01
-3.927998840808868408e-01 3.769547045230865479e-01
-1.104144528508186340e-01 1.027525141835212708e-01
-1.622634083032608032e-01 1.714468449354171753e-01
2.730245590209960938e-01 -1.499312222003936768e-01
3.513904809951782227e-01 -2.619349062442779541e-01
-3.274663984775543213e-01 5.749171972274780273e-01
6.465829908847808838e-02 3.374429419636726379e-02
8.461034297943115234e-02 -4.014265537261962891e-02
-1.819029897451400757e-01 1.379755139350891113e-02
-2.255420759320259094e-02 7.956300675868988037e-02
-8.934263139963150024e-02 6.848146766424179077e-02
-1.515174061059951782e-01 2.247852832078933716e-01
6.855288147926330566e-02 1.488918960094451904e-01
-1.201857551932334900e-01 2.370400428771972656e-01
-1.326855551451444626e-02 -4.825629666447639465e-02
3.395662903785705566e-01 -1.154481247067451477e-01
-1.392859965562820435e-01 2.008686214685440063e-01
-9.010461717844009399e-02 1.693980991840362549e-01
-2.342472672462463379e-01 1.907149404287338257e-01
-1.396495401859283447e-01 1.875963062047958374e-01
2.252080887556076050e-01 -1.537404805421829224e-01
2.452140301465988159e-01 -1.829045861959457397e-01
-3.566763401031494141e-01 2.439985126256942749e-01
-1.087056919932365417e-01 -3.202620521187782288e-02
-1.695564240217208862e-01 2.086856067180633545e-01
2.602641582489013672e-01 -1.210426762700080872e-01
-5.435793846845626831e-02 -4.534796997904777527e-02
1.176217496395111084e-01 -8.911215513944625854e-02
6.928303837776184082e-02 -1.636811494827270508e-01
1.419034153223037720e-01 3.386142849922180176e-02
-4.038229286670684814e-01 3.051874339580535889e-01
1.787155419588088989e-01 -7.373503595590591431e-02
-2.273429036140441895e-01 8.234914392232894897e-02
1.536049544811248779e-01 -1.587446033954620361e-01
1.386598050594329834e-01 -5.356304720044136047e-02
-2.919508144259452820e-02 6.141033023595809937e-03
7.208256516605615616e-03 -1.277312487363815308e-01
-1.368769705295562744e-01 1.451053172349929810e-01
2.807610332965850830e-01 -2.732953131198883057e-01
3.586578965187072754e-01 -3.863587379455566406e-01
4.204653203487396240e-02 -1.937050744891166687e-02
1.142333596944808960e-01 5.466794595122337341e-02
-3.113983273506164551e-01 1.446091234683990479e-01
-3.108385503292083740e-01 3.417336344718933105e-01
-1.687170416116714478e-01 1.684925705194473267e-02
9.161946177482604980e-02 1.594317518174648285e-02
-6.575614959001541138e-02 8.223205804824829102e-02
1.100884675979614258e+00 -1.272957801818847656e+00
4.189330637454986572e-01 -3.609133362770080566e-01
-6.428771018981933594e-01 5.163030624389648438e-01
2.784582674503326416e-01 -4.891178011894226074e-01
-2.898786962032318115e-01 2.928185164928436279e-01
-2.925922870635986328e-01 3.079027533531188965e-01
-6.652324199676513672e-01 5.544100999832153320e-01
4.994424432516098022e-02 -5.221190303564071655e-02
-4.557660818099975586e-01 4.999995529651641846e-01
5.076985359191894531e-01 -4.757211506366729736e-01
5.168110132217407227e-02 1.488096117973327637e-01
6.343951225280761719e-01 -6.445587873458862305e-01
-4.630556404590606689e-01 4.188872873783111572e-01
-5.605566501617431641e-01 6.058270335197448730e-01
-2.772263586521148682e-01 4.505822658538818359e-01
4.956872165203094482e-01 -3.996998071670532227e-01
5.307566523551940918e-01 -4.718935489654541016e-01
-1.657219529151916504e-01 5.046248435974121094e-02
-6.326540112495422363e-01 7.765083312988281250e-01
-4.451816678047180176e-01 6.901522874832153320e-01
4.210360050201416016e-01 -4.858151078224182129e-01
5.000814795494079590e-01 -4.483866989612579346e-01
-6.363937854766845703e-01 6.105833649635314941e-01
5.081801414489746094e-01 -3.861070871353149414e-01
4.382634758949279785e-01 -6.029095649719238281e-01
3.389445543289184570e-01 -3.175020217895507812e-01
-1.904775500297546387e-01 1.201966255903244019e-01
6.521106511354446411e-02 -3.919269423931837082e-03
-1.033092260360717773e+00 1.166346788406372070e+00
-1.283507943153381348e-01 -5.168864876031875610e-02
-2.352407127618789673e-01 9.806132316589355469e-02
2.286132872104644775e-01 -3.099153637886047363e-01
1.602581292390823364e-01 7.426467724144458771e-03
-1.755465865135192871e-01 8.153059333562850952e-02
-1.663459241390228271e-01 2.213694453239440918e-01
-1.782566159963607788e-01 2.197061628103256226e-01
1.978446543216705322e-01 -1.188960149884223938e-01
-1.226558536291122437e-01 7.691512349992990494e-03
-2.747242106124758720e-03 -4.877677559852600098e-02
6.248753890395164490e-02 -4.275306686758995056e-02
-4.643057584762573242e-01 3.809582293033599854e-01
-9.042693376541137695e-01 7.530643939971923828e-01
3.356108069419860840e-01 -3.445593714714050293e-01
-9.939466118812561035e-01 8.932105302810668945e-01
2.815399467945098877e-01 -4.495010972023010254e-01
1.300311982631683350e-01 -7.005792111158370972e-02
2.101707011461257935e-01 -2.197230309247970581e-01
1.749657094478607178e-01 2.747353725135326385e-02
1.428656429052352905e-01 -1.421982496976852417e-01
-7.397803068161010742e-01 6.446396112442016602e-01
3.086295127868652344e-01 -1.703053563833236694e-01
5.082225203514099121e-01 -5.465829372406005859e-01
1.996699422597885132e-01 -6.687431782484054565e-02
5.666548609733581543e-01 -5.273153781890869141e-01
5.713365506380796432e-03 7.033535838127136230e-02
2.521102130413055420e-01 -1.753007173538208008e-01
-8.522163331508636475e-02 1.689040511846542358e-01
-6.556030362844467163e-02 -1.835994049906730652e-02
1.674799621105194092e-01 -1.417898535728454590e-01
-4.414145648479461670e-01 6.125446557998657227e-01
-8.111741542816162109e-01 9.197704195976257324e-01
-5.266450718045234680e-02 2.184372991323471069e-01
-1.236798018217086792e-01 -6.539028137922286987e-02
-1.236168444156646729e-01 -7.538837194442749023e-02
7.969712466001510620e-02 1.979384757578372955e-02
-1.373087614774703979e-01 7.034726440906524658e-02
3.348641842603683472e-02 1.004377007484436035e-01
2.253165096044540405e-01 -2.358606457710266113e-01
6.873759627342224121e-02 2.057224214076995850e-01
-8.208536356687545776e-02 5.512722581624984741e-02
3.820174634456634521e-01 -4.270305931568145752e-01
-1.510255336761474609e-01 2.062035650014877319e-01
1.790120750665664673e-01 1.694501377642154694e-02
-1.560511887073516846e-01 3.862530589103698730e-01
-1.274997353553771973e+00 1.092621326446533203e+00
-2.559212446212768555e-01 3.502560853958129883e-01
5.608526468276977539e-01 -4.092954695224761963e-01
4.614606201648712158e-01 -5.562866926193237305e-01
2.729878127574920654e-01 -2.737349867820739746e-01
-2.370874434709548950e-01 9.472781419754028320e-02
-2.207187265157699585e-01 3.767837584018707275e-02
-5.954495072364807129e-01 4.315846860408782959e-01
1.945231705904006958e-01 -2.479655295610427856e-01
5.046190023422241211e-01 -5.110600590705871582e-01
8.261629194021224976e-02 1.081930622458457947e-01
4.532615542411804199e-01 -3.403386473655700684e-01
2.238414734601974487e-01 -3.276810646057128906e-01
-5.511859804391860962e-02 2.941880375146865845e-02
2.755511403083801270e-01 -3.027457296848297119e-01
1.919438987970352173e-01 -2.808679640293121338e-01
1.869854144752025604e-02 -2.121523618698120117e-01
1.154691129922866821e-01 -2.590436041355133057e-01
-7.151053845882415771e-02 1.409470438957214355e-01
-1.600702702999114990e-01 1.459389626979827881e-01
2.848248183727264404e-02 -1.349090486764907837e-01
-1.960151642560958862e-01 1.295620799064636230e-01
6.319277882575988770e-01 -6.482447385787963867e-01
-2.993417978286743164e-01 4.535331130027770996e-01
7.500222921371459961e-01 -8.102304339408874512e-01
-2.011640220880508423e-01 7.964961230754852295e-02
-6.858896613121032715e-01 5.591669678688049316e-01
-1.556309908628463745e-01 9.003469347953796387e-02
6.359539031982421875e-01 -7.166150212287902832e-01
-3.708361387252807617e-01 1.144822165369987488e-01
1.233991026878356934e+00 -9.965192675590515137e-01
-1.728846579790115356e-01 2.238331139087677002e-01
-5.332763195037841797e-01 5.089238882064819336e-01
9.377729296684265137e-01 -1.022584676742553711e+00
-1.272594183683395386e-01 4.248389229178428650e-02
-9.972529113292694092e-02 1.583386808633804321e-01
2.728748917579650879e-01 -1.533270329236984253e-01
-4.641756117343902588e-01 2.573258280754089355e-01
-4.824934899806976318e-01 4.442889094352722168e-01
1.240218207240104675e-01 -1.252743750810623169e-01
-4.485506415367126465e-01 2.755436003208160400e-01
-4.914618432521820068e-01 6.720648407936096191e-01
3.151635825634002686e-01 -3.473301529884338379e-01
-6.505261659622192383e-01 6.281391382217407227e-01
-3.502457588911056519e-02 2.192691415548324585e-01
-3.796369135379791260e-01 4.102518260478973389e-01
-2.185732126235961914e-01 2.082512229681015015e-01
-5.040940642356872559e-01 4.445845782756805420e-01
1.006752476096153259e-01 -2.250732481479644775e-01
3.703145384788513184e-01 -3.179380893707275391e-01
-2.601230517029762268e-02 1.607668399810791016e-01
3.158365786075592041e-01 -3.903948366641998291e-01
-8.805156499147415161e-02 2.657956779003143311e-01
-9.279231429100036621e-01 7.989336848258972168e-01
3.830831125378608704e-02 -1.548068374395370483e-01
-1.104056611657142639e-01 5.677343904972076416e-02
-3.419426679611206055e-01 3.324974179267883301e-01
-1.286998856812715530e-02 2.396114170551300049e-01
2.637696862220764160e-01 -1.918942034244537354e-01
-1.999278068542480469e-01 4.975214973092079163e-02
2.703195214271545410e-01 -1.252090334892272949e-01
-1.747013926506042480e-01 4.526150822639465332e-01
-1.434533745050430298e-01 1.478586494922637939e-01
9.594444185495376587e-02 -5.502392351627349854e-02
-6.019235849380493164e-01 5.968363881111145020e-01
1.788573898375034332e-02 -6.453748792409896851e-02
-2.890162765979766846e-01 3.528005480766296387e-01
1.944680362939834595e-01 -2.090696245431900024e-01
1.248352453112602234e-01 -2.497141482308506966e-03
5.026171356439590454e-02 -1.612587273120880127e-01
-8.692415058612823486e-02 2.641338109970092773e-01
-4.321151375770568848e-01 5.087938308715820312e-01
5.407105386257171631e-02 -1.323438584804534912e-01
2.011303603649139404e-01 -6.852631270885467529e-02
-2.331026941537857056e-01 3.478642180562019348e-02
1.991185992956161499e-01 -3.450420796871185303e-01
-2.558779120445251465e-01 2.169741243124008179e-01
2.028929814696311951e-02 -2.807592451572418213e-01
-2.441250719130039215e-02 5.719331279397010803e-02
3.597078099846839905e-02 8.034376055002212524e-02
-4.985685050487518311e-01 2.674144208431243896e-01
9.755731374025344849e-02 -4.173021018505096436e-01
-1.840475946664810181e-01 5.970233306288719177e-02
2.763220295310020447e-02 5.811918526887893677e-02
1.167087554931640625e-01 -2.221874892711639404e-01
-1.492751687765121460e-01 1.766123622655868530e-01
3.753465116024017334e-01 -2.702700793743133545e-01
-3.791961669921875000e-01 2.523352801799774170e-01
2.630855739116668701e-01 -3.561955690383911133e-01
-1.280529648065567017e-01 8.621137589216232300e-02
-1.310838162899017334e-01 1.295661032199859619e-01
-3.234856575727462769e-02 1.452662516385316849e-02
2.879162132740020752e-01 -3.413156569004058838e-01
2.224062979221343994e-01 1.004354469478130341e-02
4.813359975814819336e-01 -3.080697655677795410e-01
-2.578384876251220703e-01 3.199756443500518799e-01
2.428166382014751434e-02 -9.072234481573104858e-02
1.562535166740417480e-01 -1.252745985984802246e-01
3.363004326820373535e-01 -4.989726841449737549e-01
-2.571416497230529785e-01 1.360885053873062134e-01
2.945051193237304688e-01 -1.652411818504333496e-01
-1.951131075620651245e-01 3.064754903316497803e-01
-8.803071081638336182e-02 2.184123545885086060e-02
-8.547149598598480225e-03 1.358100622892379761e-01
-2.151632308959960938e-01 2.191137224435806274e-01
1.267662942409515381e-01 -1.221378743648529053e-01
-2.547844350337982178e-01 1.603722125291824341e-01
-4.279811680316925049e-02 1.508293598890304565e-01
3.134194910526275635e-01 -1.316256523132324219e-01
-5.285533666610717773e-01 3.346600830554962158e-01
-1.242671012878417969e-01 8.554086089134216309e-03
-3.788204491138458252e-01 3.346707820892333984e-01
6.216806173324584961e-02 3.801473882049322128e-03
4.115992039442062378e-02 -2.849548161029815674e-01
-1.843287795782089233e-01 2.853560447692871094e-01
4.208236336708068848e-01 -3.413029313087463379e-01
1.450301855802536011e-01 -1.882992237806320190e-01
-1.133339293301105499e-02 -1.149261742830276489e-02
