-8.343387395143508911e-02 1.884083896875381470e-01
1.760491281747817993e-01 -1.984079033136367798e-01
1.530876904726028442e-01 -1.965258568525314331e-01
7.605427503585815430e-02 -1.228958964347839355e-01
8.706711977720260620e-02 3.562634438276290894e-02
-4.811505600810050964e-02 2.211312018334865570e-02
2.135190069675445557e-01 -4.769155383110046387e-02
1.619746088981628418e-01 -1.243688762187957764e-01
2.091708183288574219e-01 -9.896954894065856934e-02
-1.591314375400543213e-01 3.526832442730665207e-03
2.082247287034988403e-01 -1.104465574026107788e-01
3.259878233075141907e-02 -1.368684321641921997e-01
-2.168966382741928101e-01 1.667472422122955322e-01
1.712504923343658447e-01 1.299450453370809555e-02
7.693868596106767654e-03 -1.773696541786193848e-01
1.217978075146675110e-01 -8.177704364061355591e-02
1.309153288602828979e-01 -2.747613489627838135e-01
1.688518673181533813e-01 -3.067484796047210693e-01
-1.686867624521255493e-01 -2.621899545192718506e-02
1.787300854921340942e-01 2.257561497390270233e-02
-5.004855617880821228e-02 2.083625346422195435e-01
-8.390957955271005630e-04 6.025247275829315186e-02
1.757512092590332031e-01 -1.685864180326461792e-01
7.229731231927871704e-02 -5.251216515898704529e-02
1.758691221475601196e-01 -4.941489920020103455e-02
1.669123321771621704e-01 -2.457059621810913086e-01
-2.039194703102111816e-01 2.844773828983306885e-01
9.635172039270401001e-02 -2.195456475019454956e-01
-5.477271974086761475e-02 -4.162582382559776306e-02
2.243270426988601685e-01 -2.011994719505310059e-01
-7.334946841001510620e-02 1.307766735553741455e-01
1.198110878467559814e-01 -8.520089089870452881e-02
1.064066067337989807e-01 -2.945951186120510101e-02
2.492522820830345154e-02 -9.152083843946456909e-02
-4.195477522443979979e-04 1.631102897226810455e-02
-9.438025206327438354e-02 3.298065438866615295e-02
-5.622829869389533997e-02 1.350308507680892944e-01
-1.218037232756614685e-01 1.830447912216186523e-01
-2.262083292007446289e-01 1.425614356994628906e-01
-2.981322072446346283e-02 -6.496766209602355957e-02
-5.048401653766632080e-02 1.145541369915008545e-01
1.440518200397491455e-01 -1.704906672239303589e-01
9.693622589111328125e-02 -1.889039576053619385e-01
-3.327577561140060425e-02 1.938937902450561523e-01
1.065963059663772583e-01 -1.175717040896415710e-01
-9.086452424526214600e-02 -4.362216219305992126e-02
1.661116257309913635e-02 -1.486344784498214722e-01
1.802015006542205811e-01 -9.831511229276657104e-02
-1.287863850593566895e-01 1.437030732631683350e-01
-1.264200210571289062e-01 2.841906249523162842e-01
9.560725092887878418e-02 -4.067214950919151306e-02
1.230136305093765259e-01 -5.454557389020919800e-02
2.548653259873390198e-02 -1.051242649555206299e-01
2.210472375154495239e-01 -2.762271277606487274e-02
5.063535645604133606e-02 -1.046169921755790710e-01
1.048578415066003799e-02 -9.564208984375000000e-02
-1.392227709293365479e-01 1.579543203115463257e-01
1.710431128740310669e-01 -1.708235591650009155e-01
3.021366000175476074e-01 -2.312430739402770996e-01
-2.357594203203916550e-03 5.359990149736404419e-02
4.701905325055122375e-02 8.183390833437442780e-03
-2.599312551319599152e-02 1.417661011219024658e-01
-1.564641594886779785e-01 4.531229287385940552e-02
-1.882610321044921875e-01 7.656642049551010132e-02
-2.383963167667388916e-01 2.692278027534484863e-01
1.614137887954711914e-01 -2.257757037878036499e-01
4.750454053282737732e-02 -2.388169914484024048e-01
3.532438874244689941e-01 -7.139012962579727173e-02
-2.984243929386138916e-01 9.523780643939971924e-02
1.748297661542892456e-01 -1.599970161914825439e-01
-4.361363500356674194e-02 -1.877533793449401855e-01
2.168349623680114746e-01 -2.743821442127227783e-01
2.998668551445007324e-01 -2.478438764810562134e-01
-2.133208364248275757e-01 1.662525236606597900e-01
1.261604726314544678e-01 -1.963519901037216187e-01
2.490646094083786011e-01 -8.245059847831726074e-02
-8.941674232482910156e-02 2.445725649595260620e-01
2.223734408617019653e-01 -2.670763731002807617e-01
1.789510995149612427e-01 -3.341595828533172607e-01
-8.673261851072311401e-02 1.418986320495605469e-01
1.821852177381515503e-01 -2.249531596899032593e-01
2.371813207864761353e-01 -2.729687690734863281e-01
-3.738264739513397217e-02 1.392991095781326294e-02
1.947630345821380615e-01 -3.613304346799850464e-02
-1.596362292766571045e-01 3.019350171089172363e-01
1.422058194875717163e-01 -5.326633155345916748e-02
8.630217611789703369e-02 -1.608997732400894165e-01
-1.691599339246749878e-01 9.449458122253417969e-02
-1.536422967910766602e-01 6.461282074451446533e-02
6.171417608857154846e-02 -9.947848320007324219e-02
1.420858055353164673e-01 -1.026741862297058105e-01
-1.788302809000015259e-01 1.348683685064315796e-01
7.358818501234054565e-02 -7.220072299242019653e-02
2.732164859771728516e-01 -2.264217436313629150e-01
-6.690472364425659180e-02 2.632054686546325684e-01
-1.479838937520980835e-01 1.030957978218793869e-02
-2.274028509855270386e-01 2.576716840267181396e-01
3.232659697532653809e-01 -3.464078158140182495e-02
2.160420715808868408e-01 -1.973498165607452393e-01
1.804115176200866699e-01 -2.485143020749092102e-03
2.029318809509277344e-01 -7.929441332817077637e-02
-1.113220751285552979e-01 8.952377736568450928e-02
-7.319341599941253662e-02 3.418921725824475288e-03
2.332650274038314819e-01 -2.867729663848876953e-01
-6.777706742286682129e-02 2.242785692214965820e-01
-8.441136032342910767e-02 2.646462023258209229e-01
8.054934442043304443e-02 -2.985401777550578117e-03
-1.221806854009628296e-01 2.198686897754669189e-01
-1.094746589660644531e-01 1.168500185012817383e-01
-1.907447129487991333e-01 3.357006907463073730e-01
2.294677942991256714e-01 -9.444770961999893188e-02
2.267885357141494751e-01 -2.979144752025604248e-01
-2.174727171659469604e-01 1.543649882078170776e-01
6.839118152856826782e-02 -7.560753077268600464e-02
1.861331611871719360e-01 -2.105643153190612793e-01
-5.016297474503517151e-02 1.225870028138160706e-01
-1.341370046138763428e-01 1.554764658212661743e-01
-3.345998525619506836e-01 2.969357669353485107e-01
-2.406018823385238647e-01 1.876923590898513794e-01
1.012767106294631958e-01 -3.610506355762481689e-01
-2.917985618114471436e-01 2.154228538274765015e-01
2.217041701078414917e-01 -3.558778436854481697e-03
1.048800274729728699e-01 4.574560374021530151e-02
-1.866099834442138672e-01 1.686250120401382446e-01
1.299898773431777954e-01 8.484188467264175415e-02
2.047340869903564453e-01 3.184109181165695190e-02
2.271721810102462769e-01 -1.069354712963104248e-01
-1.656700819730758667e-01 2.224362194538116455e-01
-8.437799662351608276e-02 -6.354205310344696045e-03
-1.001600548624992371e-01 1.025133654475212097e-01
1.711253225803375244e-01 -1.682764589786529541e-01
-6.447530537843704224e-02 5.131310224533081055e-02
7.940415292978286743e-02 -1.248049736022949219e-01
6.234631687402725220e-02 -3.093767538666725159e-02
3.207145631313323975e-02 -2.671856582164764404e-01
-7.684100419282913208e-02 8.007641881704330444e-02
-2.116475105285644531e-01 2.231217920780181885e-01
1.330112963914871216e-01 -2.909477613866329193e-02
-9.621954709291458130e-02 5.902574956417083740e-02
1.337896585464477539e-01 -2.330188751220703125e-01
1.700642053037881851e-03 6.468824297189712524e-02
-2.684662044048309326e-01 8.640828728675842285e-02
1.785508096218109131e-01 -1.902260482311248779e-01
-6.917487084865570068e-02 1.823219358921051025e-01
-6.317288428544998169e-02 1.184786260128021240e-01
-2.544531822204589844e-01 3.533966243267059326e-01
-7.360319793224334717e-02 7.786957174539566040e-02
2.145296633243560791e-01 -2.967458367347717285e-01
-9.398476034402847290e-02 2.438748925924301147e-01
2.058222889900207520e-01 -7.748640328645706177e-02
1.162744238972663879e-01 -3.077269792556762695e-01
-2.759351208806037903e-02 -1.554196327924728394e-01
1.929177045822143555e-01 -2.108861804008483887e-01
-1.156555563211441040e-01 9.330561012029647827e-02
-6.130196899175643921e-02 1.748813875019550323e-02
1.194608807563781738e-01 -5.532632023096084595e-02
-2.222650498151779175e-01 9.991306811571121216e-03
1.254547834396362305e-01 -2.031150460243225098e-01
1.114287748932838440e-01 -1.768615543842315674e-01
-2.925695776939392090e-01 2.801623381674289703e-02
2.637876011431217194e-02 -1.723297536373138428e-01
-1.041269674897193909e-02 2.468902803957462311e-02
1.654550582170486450e-01 -1.855959892272949219e-01
-1.030893996357917786e-01 1.211843192577362061e-01
1.341443043202161789e-02 -2.827389538288116455e-01
7.952955365180969238e-02 -1.939395815134048462e-01
-1.874438226222991943e-01 8.407112956047058105e-02
4.840678349137306213e-02 -1.898163929581642151e-02
2.919522114098072052e-02 -1.058662235736846924e-01
5.132499337196350098e-02 -4.960215091705322266e-02
-1.123104467988014221e-01 -3.251744061708450317e-02
-2.815506607294082642e-02 1.419808566570281982e-01
-5.143596976995468140e-02 2.449521422386169434e-01
1.876829564571380615e-01 -8.613690733909606934e-02
-1.021984964609146118e-01 2.351449429988861084e-02
1.882845759391784668e-01 -4.567755013704299927e-02
1.413380354642868042e-01 1.450692117214202881e-02
1.432771682739257812e-01 -1.351565029472112656e-02
1.478330325335264206e-02 3.891252726316452026e-02
3.195422887802124023e-02 -1.044278815388679504e-01
-5.482733994722366333e-02 3.353202044963836670e-01
5.568335577845573425e-02 -6.407433748245239258e-02
-1.502193659543991089e-01 2.525388449430465698e-02
-1.595298498868942261e-01 -5.336251109838485718e-02
2.735522389411926270e-01 -1.075495779514312744e-01
-2.458660118281841278e-02 1.221091449260711670e-01
2.541399374604225159e-02 1.746347099542617798e-01
-7.957831770181655884e-02 -1.602878049015998840e-02
5.704570934176445007e-02 -2.231252938508987427e-01
2.396979629993438721e-01 -1.102518364787101746e-01
-8.913074433803558350e-02 1.573150455951690674e-01
-1.310710459947586060e-01 1.523574441671371460e-01
-1.219694837927818298e-01 -2.822877373546361923e-03
-9.547220915555953979e-02 -5.971962213516235352e-02
-5.050994455814361572e-02 1.289162337779998779e-01
9.065374732017517090e-02 -1.030170172452926636e-01
1.572479456663131714e-01 -2.573686838150024414e-01
-6.964259594678878784e-02 9.056392312049865723e-02
-9.130372107028961182e-02 -3.131916746497154236e-02
-1.613482534885406494e-01 1.137200556695461273e-02
-8.968172222375869751e-02 -9.189376235008239746e-02
-7.544961571693420410e-02 6.272116303443908691e-02
1.007682308554649353e-01 6.135500222444534302e-02
-5.832157284021377563e-02 1.342963613569736481e-02
-2.306573092937469482e-01 2.041835337877273560e-01
-2.659623622894287109e-01 1.445451825857162476e-01
-1.603568047285079956e-01 1.525468230247497559e-01
-1.069360645487904549e-03 2.883155643939971924e-01
3.436249494552612305e-02 1.210409775376319885e-01
-1.574455946683883667e-01 1.041885167360305786e-01
9.823787957429885864e-02 8.713805675506591797e-02
3.359420895576477051e-01 -9.290634095668792725e-02
-7.727789133787155151e-02 1.952204406261444092e-01
1.553736031055450439e-01 -1.439499408006668091e-01
1.315917819738388062e-01 -3.475595265626907349e-02
-1.274586468935012817e-01 -2.398337237536907196e-02
1.015821099281311035e-02 5.371147021651268005e-02
-1.853789836168289185e-01 1.947517842054367065e-01
1.932916492223739624e-01 -3.867606166750192642e-03
1.429248787462711334e-02 -7.166931033134460449e-02
2.666808664798736572e-01 4.394644498825073242e-02
-2.175135463476181030e-01 6.046095117926597595e-02
1.440026611089706421e-01 -4.578984901309013367e-02
-1.676477789878845215e-01 1.655148863792419434e-01
-2.289376221597194672e-02 1.281336843967437744e-01
-1.364408284425735474e-01 1.601438373327255249e-01
5.330699682235717773e-02 -1.433223336935043335e-01
-1.672419458627700806e-01 8.886241167783737183e-02
1.670770049095153809e-01 -1.022133231163024902e-01
-6.166495382785797119e-02 1.200761944055557251e-01
3.654886782169342041e-02 -8.307429030537605286e-03
2.760703675448894501e-02 4.566833376884460449e-02
1.077419668436050415e-01 -8.161780983209609985e-02
2.122084200382232666e-01 -1.514259576797485352e-01
-8.592475950717926025e-02 1.001980006694793701e-01
-1.466095894575119019e-01 2.267364114522933960e-01
1.755015254020690918e-01 3.924281150102615356e-02
4.372634366154670715e-02 -1.781773865222930908e-01
7.961299270391464233e-02 -1.099274009466171265e-01
5.412709340453147888e-02 2.524062292650341988e-03
3.855591267347335815e-02 -1.341488361358642578e-01
8.046648651361465454e-02 -4.995732009410858154e-02
7.406215369701385498e-02 -1.796744167804718018e-01
7.688462734222412109e-02 -2.910203300416469574e-02
-5.242254957556724548e-02 -1.610443145036697388e-01
-2.571128308773040771e-02 5.662075057625770569e-02
1.336058229207992554e-01 -1.755927652120590210e-01
5.007808282971382141e-02 2.582563273608684540e-02
5.911197140812873840e-02 -2.849375307559967041e-01
1.158064156770706177e-01 9.545250236988067627e-02
-1.089274138212203979e-01 7.099906355142593384e-02
-1.986766755580902100e-01 8.077370375394821167e-02
-1.855837553739547729e-01 6.620428711175918579e-02
1.183761358261108398e-01 -5.977162159979343414e-03
-3.472364973276853561e-03 2.487035840749740601e-01
-1.066062822937965393e-01 1.542365923523902893e-02
