-5.251545831561088562e-02 -1.882286667823791504e-01
8.303200453519821167e-02 6.983081810176372528e-03
8.158098161220550537e-02 -1.211302131414413452e-01
1.665819734334945679e-01 -7.673056423664093018e-02
-1.664908528327941895e-01 1.335639953613281250e-01
7.568410038948059082e-02 -2.746984064579010010e-01
1.860481947660446167e-01 3.039590083062648773e-04
-2.280977219343185425e-01 2.270094454288482666e-01
-1.628843881189823151e-02 1.278217583894729614e-01
-8.559796959161758423e-02 -3.286521136760711670e-02
1.150081157684326172e-01 -4.131022095680236816e-02
-1.483136229217052460e-02 1.300651114434003830e-03
2.985158860683441162e-01 -2.250163257122039795e-01
-1.715555936098098755e-01 -1.642236262559890747e-01
-1.387912034988403320e-01 -3.345453366637229919e-02
-2.140994817018508911e-01 1.168167442083358765e-01
2.535499632358551025e-02 1.682606898248195648e-02
1.504237353801727295e-01 -9.403142333030700684e-02
9.005086123943328857e-02 -6.089551001787185669e-02
-1.345254853367805481e-02 2.318139672279357910e-01
-1.685531586408615112e-01 7.313178479671478271e-02
1.919068247079849243e-01 -1.730173975229263306e-01
1.464280039072036743e-01 -2.533826529979705811e-01
5.519404634833335876e-02 -2.494686841964721680e-02
-1.663657650351524353e-02 3.494659066200256348e-02
1.397460997104644775e-01 -9.314287453889846802e-03
1.841357648372650146e-01 4.338810965418815613e-02
5.257025733590126038e-02 7.619178295135498047e-02
2.690484523773193359e-01 -1.847878545522689819e-01
-3.980570435523986816e-01 2.150361984968185425e-01
-1.573719382286071777e-01 -1.236687004566192627e-01
-8.233517408370971680e-03 -9.860853850841522217e-02
4.356441274285316467e-02 3.477831557393074036e-02
7.262637466192245483e-02 -1.451360285282135010e-01
3.922680914402008057e-01 -1.780615895986557007e-01
-2.997597306966781616e-02 -5.336922407150268555e-02
-1.477761752903461456e-02 1.082537695765495300e-01
3.427417576313018799e-01 -1.903718262910842896e-01
1.349293440580368042e-01 -7.037674635648727417e-02
3.192822262644767761e-02 -6.324954330921173096e-02
1.305861920118331909e-01 -2.613065838813781738e-01
-9.838925302028656006e-02 8.729887753725051880e-02
-3.790594637393951416e-01 9.600850194692611694e-02
-4.579513892531394958e-02 -1.268296875059604645e-02
-1.103647202253341675e-01 1.432419270277023315e-01
-1.542869955301284790e-01 4.103902354836463928e-02
3.071452975273132324e-01 -1.503721624612808228e-01
1.360159516334533691e-01 -2.867099642753601074e-02
-1.466376334428787231e-02 2.050598412752151489e-01
1.557948142290115356e-01 -7.892334461212158203e-02
2.814875543117523193e-01 -1.815616041421890259e-01
-4.950829222798347473e-02 2.035301476716995239e-01
-1.281571686267852783e-01 -8.926449343562126160e-03
-1.865478046238422394e-02 1.454098988324403763e-02
1.202994119375944138e-02 -1.621117293834686279e-01
1.217060983180999756e-01 2.855867706239223480e-02
-2.218460440635681152e-01 2.473898082971572876e-01
1.503215283155441284e-01 -3.216965198516845703e-01
-2.275827527046203613e-02 -1.933456659317016602e-01
1.830477640032768250e-02 -3.025407716631889343e-02
3.909330070018768311e-01 -3.134178817272186279e-01
1.236140057444572449e-01 -3.789464384317398071e-02
-2.404464334249496460e-01 2.088520079851150513e-01
-1.262517869472503662e-01 1.544149219989776611e-01
-3.848442807793617249e-02 7.125256210565567017e-02
-3.628205358982086182e-01 5.372218489646911621e-01
-1.528550684452056885e-01 1.308010667562484741e-01
-4.425451457500457764e-01 2.501060366630554199e-01
-2.794846892356872559e-01 3.503512740135192871e-01
-1.834703981876373291e-01 2.175569087266921997e-01
2.997006773948669434e-01 -1.659625470638275146e-01
-1.586531698703765869e-01 4.717300236225128174e-01
-2.260680049657821655e-01 2.239823192358016968e-01
-4.239979982376098633e-01 4.771896600723266602e-01
1.095470935106277466e-01 -7.963000098243355751e-05
-2.953335642814636230e-01 1.252267360687255859e-01
-2.673686444759368896e-01 1.585914939641952515e-01
2.180008143186569214e-01 5.227506533265113831e-02
7.831219583749771118e-02 -1.362311542034149170e-01
-3.542892038822174072e-01 3.175105452537536621e-01
2.118869274854660034e-01 -6.483213603496551514e-02
-9.365306049585342407e-02 -1.030918061733245850e-01
2.813281714916229248e-01 -3.525892794132232666e-01
-2.899000346660614014e-01 2.258577048778533936e-01
-2.609502077102661133e-01 3.332804143428802490e-01
1.846992075443267822e-01 -1.477126181125640869e-01
2.668604254722595215e-01 -3.010728061199188232e-01
-3.158465027809143066e-01 1.421597152948379517e-01
-2.650656504556536674e-03 1.497706472873687744e-01
1.736013889312744141e-01 -2.303522378206253052e-01
3.696148395538330078e-01 -2.753446996212005615e-01
-1.132668331265449524e-01 2.975525557994842529e-01
3.722122311592102051e-01 -3.487504124641418457e-01
-2.149789184331893921e-01 1.688528209924697876e-01
2.088410854339599609e-01 -1.566743850708007812e-01
1.616657674312591553e-01 -4.018483683466911316e-02
-1.497469544410705566e-01 1.949358582496643066e-01
1.634606420993804932e-01 -1.801730096340179443e-01
2.489681690931320190e-01 -2.311103343963623047e-01
-1.536618024110794067e-01 1.913693249225616455e-01
-3.947378396987915039e-01 7.912829518318176270e-02
1.745232194662094116e-01 -3.143312335014343262e-01
1.621403396129608154e-01 -1.238406673073768616e-01
1.292101293802261353e-01 -2.147238105535507202e-01
2.252319753170013428e-01 -2.330515235662460327e-01
-2.725976146757602692e-02 -9.521376341581344604e-02
-3.196770548820495605e-01 3.149510622024536133e-01
2.244930267333984375e-01 -1.388563215732574463e-01
-3.853020370006561279e-01 2.969650328159332275e-01
-1.709399074316024780e-01 2.125032097101211548e-01
2.480418086051940918e-01 -3.672596514225006104e-01
8.128931373357772827e-02 -1.733952313661575317e-01
-9.734804928302764893e-02 -3.103051101788878441e-03
-8.137222379446029663e-02 -1.214570403099060059e-01
-1.079194098711013794e-01 -1.443433482199907303e-02
3.033725023269653320e-01 -3.362853527069091797e-01
1.029794961214065552e-01 -2.828741669654846191e-01
-1.516691744327545166e-01 2.450068295001983643e-01
3.515123426914215088e-01 -2.430439591407775879e-01
1.670038253068923950e-01 -3.381197154521942139e-01
3.761053979396820068e-01 -2.810938954353332520e-01
-2.195086330175399780e-02 -1.450856328010559082e-01
1.838444769382476807e-01 2.212722599506378174e-02
3.903155326843261719e-01 -3.729070723056793213e-01
4.724501073360443115e-01 -3.855884969234466553e-01
-5.402334928512573242e-01 2.943703234195709229e-01
-3.018217384815216064e-01 3.793659508228302002e-01
-2.793441712856292725e-01 1.275562345981597900e-01
-2.844048850238323212e-02 -9.122797101736068726e-02
-9.457757323980331421e-02 1.548898816108703613e-01
3.472983241081237793e-01 -3.239692151546478271e-01
3.618501424789428711e-01 -1.363221555948257446e-01
-4.151198863983154297e-01 2.520877718925476074e-01
-4.564882218837738037e-01 4.216469824314117432e-01
-4.353279247879981995e-02 8.207093924283981323e-02
-3.973033726215362549e-01 2.720348238945007324e-01
-3.099313974380493164e-01 2.863118648529052734e-01
-2.291492223739624023e-01 4.457032382488250732e-01
4.339028298854827881e-01 -5.048320293426513672e-01
5.668444186449050903e-02 -1.182870939373970032e-01
-3.049460947513580322e-01 3.446498513221740723e-01
-3.116476237773895264e-01 3.098146021366119385e-01
1.255445629358291626e-01 -2.285827100276947021e-01
-2.996531426906585693e-01 2.336557805538177490e-01
1.325172334909439087e-01 -3.156319856643676758e-01
-1.363568902015686035e-01 8.733516559004783630e-03
-3.076065182685852051e-01 3.342878222465515137e-01
-1.485210098326206207e-02 -6.230137497186660767e-02
-2.666233777999877930e-01 1.509401798248291016e-01
-4.130444675683975220e-02 1.014654114842414856e-01
2.074180841445922852e-01 -1.598968803882598877e-01
-2.321929857134819031e-02 3.491422161459922791e-02
2.736058533191680908e-01 -1.837044209241867065e-01
1.018221229314804077e-01 7.563461363315582275e-02
-3.354503810405731201e-01 4.067552983760833740e-01
-2.932042777538299561e-01 2.586199045181274414e-01
1.789178252220153809e-01 -2.150552272796630859e-01
4.632822051644325256e-02 -1.840253174304962158e-01
-1.836963444948196411e-01 2.491464018821716309e-01
2.609709501266479492e-01 -2.472220547497272491e-02
2.485050112009048462e-01 -2.628262937068939209e-01
3.492906689643859863e-01 -4.956741929054260254e-01
-1.961231231689453125e-01 1.256255805492401123e-01
-2.489450573921203613e-01 4.036974608898162842e-01
4.616525396704673767e-02 -6.156622897833585739e-03
-3.630102574825286865e-01 3.658452928066253662e-01
-2.078439444303512573e-01 2.978260517120361328e-01
-3.372956812381744385e-01 3.646643459796905518e-01
5.038681253790855408e-02 1.913816481828689575e-02
5.390579104423522949e-01 -3.131750822067260742e-01
-3.241188824176788330e-01 3.530134558677673340e-01
1.392315328121185303e-01 -2.068972885608673096e-01
-4.298192858695983887e-01 3.646689355373382568e-01
-1.067320778965950012e-01 1.197108030319213867e-01
-1.253027915954589844e-01 -6.875950843095779419e-02
-7.612058520317077637e-02 3.260037899017333984e-01
1.939702779054641724e-01 1.128171458840370178e-01
-1.459770053625106812e-01 7.601212244480848312e-03
-1.068899873644113541e-02 8.492784947156906128e-02
-2.604508101940155029e-01 2.568412721157073975e-01
3.787281215190887451e-01 -3.612073063850402832e-01
-1.962950527667999268e-01 4.001466929912567139e-01
-3.770747184753417969e-01 6.203430294990539551e-01
-3.077963553369045258e-02 -1.057722195982933044e-01
-1.124293804168701172e-01 -4.835068061947822571e-02
2.861563563346862793e-01 -2.894270718097686768e-01
-3.600671291351318359e-01 3.895911276340484619e-01
1.719593107700347900e-01 -3.765800297260284424e-01
1.248705610632896423e-01 -3.977504372596740723e-01
-4.081533551216125488e-01 4.012609720230102539e-01
4.955377578735351562e-01 -1.795884370803833008e-01
6.009216234087944031e-02 -5.604182952083647251e-04
-2.025734335184097290e-01 2.995870113372802734e-01
1.182095333933830261e-02 -1.409329473972320557e-01
1.576517969369888306e-01 -1.051697060465812683e-01
-4.510024189949035645e-02 -2.604517340660095215e-01
1.181714516133069992e-02 4.462637007236480713e-03
2.547875344753265381e-01 -1.736107766628265381e-01
9.654738754034042358e-02 -8.734222501516342163e-02
2.323443293571472168e-01 -2.305257506668567657e-02
-9.836057573556900024e-02 1.540640443563461304e-01
-3.038650378584861755e-02 -2.318225055932998657e-01
4.493376240134239197e-02 -1.978146135807037354e-01
-1.537504047155380249e-01 -4.890003800392150879e-02
4.038511216640472412e-02 -1.019051671028137207e-01
4.357616603374481201e-01 -4.149676561355590820e-01
-1.348499655723571777e-01 2.525527179241180420e-01
2.589846551418304443e-01 -2.202678173780441284e-01
2.875846624374389648e-01 -3.646735101938247681e-02
3.277551829814910889e-01 -2.339491993188858032e-01
4.782228544354438782e-02 1.184000447392463684e-02
-3.359986469149589539e-02 3.449130058288574219e-02
-7.207003235816955566e-02 -3.257977077737450600e-04
6.197205930948257446e-02 -1.285895705223083496e-01
1.168034449219703674e-01 7.413743436336517334e-02
1.897051930427551270e-02 -2.516687512397766113e-01
1.541520357131958008e-01 -8.221378922462463379e-02
2.503491044044494629e-01 -1.728402972221374512e-01
2.325807213783264160e-01 -1.116711646318435669e-01
6.697259098291397095e-02 -1.605955958366394043e-01
-1.176679506897926331e-01 2.436322718858718872e-02
-3.072713017463684082e-01 3.424350321292877197e-01
-2.514405846595764160e-01 1.161901801824569702e-01
-3.728398308157920837e-02 3.663132339715957642e-02
1.629603207111358643e-01 4.068136960268020630e-02
8.986516296863555908e-02 -2.518991231918334961e-01
-2.057575732469558716e-01 3.621413111686706543e-01
-2.690549790859222412e-01 7.611347734928131104e-02
3.748406767845153809e-01 -2.665472328662872314e-01
-8.057805895805358887e-02 1.679885834455490112e-01
2.389937490224838257e-01 -1.147368177771568298e-01
1.923150569200515747e-02 6.999317556619644165e-02
1.186178103089332581e-01 -1.703789532184600830e-01
-6.262509524822235107e-02 -1.260977536439895630e-01
-2.405915111303329468e-01 9.386032819747924805e-02
1.707990765571594238e-01 -1.839266270399093628e-01
-7.128772884607315063e-02 1.795585453510284424e-01
-6.100505590438842773e-02 1.617157757282257080e-01
2.546415328979492188e-01 -1.758969128131866455e-01
8.034865558147430420e-02 -1.842152178287506104e-01
1.409707516431808472e-01 -1.525764167308807373e-01
-3.085140325129032135e-02 8.277408033609390259e-02
1.904251277446746826e-01 -1.822929382324218750e-01
-1.273206472396850586e-01 -3.851357847452163696e-02
7.848074287176132202e-02 -4.865666851401329041e-02
-6.454829871654510498e-02 -9.909340180456638336e-03
1.729611456394195557e-01 -2.493240125477313995e-02
8.633557707071304321e-02 -2.416165024042129517e-01
5.869897082448005676e-02 -1.010307297110557556e-01
8.360343426465988159e-02 1.854856163263320923e-01
2.807551026344299316e-01 -1.133980453014373779e-01
3.072164058685302734e-01 -1.358885020017623901e-01
4.989117756485939026e-02 -9.379467368125915527e-02
-8.156756870448589325e-03 1.117610186338424683e-01
-1.469902098178863525e-01 1.431616842746734619e-01
5.797692015767097473e-02 -7.321792095899581909e-02
