-1.649702712893486023e-02 -7.446587085723876953e-03
-1.492151618003845215e-02 7.913865149021148682e-02
1.674911566078662872e-02 -2.607026398181915283e-01
-2.786023616790771484e-01 1.396067738533020020e-01
2.968922024592757225e-03 2.165370732545852661e-01
-2.101739943027496338e-01 -5.373653396964073181e-02
4.085743799805641174e-02 6.559589505195617676e-02
-3.054656088352203369e-01 1.543484032154083252e-01
-1.224136129021644592e-01 3.648500144481658936e-02
-1.419569551944732666e-01 9.017015993595123291e-02
2.039253711700439453e-02 -2.116590142250061035e-01
2.791676819324493408e-01 -8.539504557847976685e-02
6.822694838047027588e-02 -4.049295932054519653e-02
-1.237419173121452332e-01 3.013204336166381836e-01
-1.950239390134811401e-01 1.275787223130464554e-02
8.488269150257110596e-02 2.347835525870323181e-02
-4.079814627766609192e-02 2.879280224442481995e-02
-4.890682920813560486e-02 1.206598728895187378e-01
1.571322530508041382e-01 -2.784457206726074219e-01
7.585735060274600983e-03 -2.558318972587585449e-01
3.520391881465911865e-02 -4.028864577412605286e-02
-1.059326231479644775e-01 7.040653377771377563e-02
-1.760742664337158203e-01 1.642729192972183228e-01
2.043063640594482422e-01 -1.354508697986602783e-01
-1.307435929775238037e-01 4.246108233928680420e-02
1.760977953672409058e-01 -1.732642054557800293e-01
-1.040155217051506042e-01 1.783815794624388218e-03
-6.379620730876922607e-02 -5.184719339013099670e-02
-1.046328805387020111e-02 4.258413985371589661e-02
-7.179696112871170044e-02 1.605524569749832153e-01
-1.289667189121246338e-01 2.035866379737854004e-01
-1.279898881912231445e-01 2.673197388648986816e-01
-6.617311388254165649e-02 -5.604736134409904480e-02
2.875862121582031250e-01 -1.336760371923446655e-01
2.500368654727935791e-01 -3.320284485816955566e-01
-1.889826916158199310e-02 1.657256036996841431e-01
-8.109891787171363831e-03 2.499632909893989563e-02
-1.334484070539474487e-01 -1.200981717556715012e-02
-1.236720979213714600e-01 2.504035532474517822e-01
3.909583389759063721e-02 -2.304187864065170288e-01
-8.028752356767654419e-02 8.512506633996963501e-02
5.733650177717208862e-02 -3.968672826886177063e-02
-5.506623908877372742e-02 2.536601424217224121e-01
1.496852785348892212e-01 -1.406491249799728394e-01
1.689643263816833496e-01 6.551003456115722656e-02
1.408716738224029541e-01 -9.649860858917236328e-02
-1.310905665159225464e-01 4.146165400743484497e-02
-1.106968000531196594e-01 5.201076716184616089e-02
3.828613832592964172e-02 1.272587776184082031e-01
-3.064859658479690552e-02 1.748010814189910889e-01
-1.313135623931884766e-01 1.932654082775115967e-01
-4.904223978519439697e-02 1.889703124761581421e-01
-1.220624372363090515e-01 4.626382142305374146e-02
-7.601805776357650757e-02 1.620124131441116333e-01
-1.367130577564239502e-01 2.332685142755508423e-01
-7.747689634561538696e-02 1.306510120630264282e-01
6.537432223558425903e-02 1.342309564352035522e-01
-2.073860913515090942e-01 1.188615113496780396e-01
2.796646654605865479e-01 -1.620249003171920776e-01
3.986981138586997986e-02 -6.104984134435653687e-02
-1.313753873109817505e-01 2.360780984163284302e-01
-2.934988737106323242e-01 1.362545192241668701e-01
8.297674357891082764e-02 1.114885061979293823e-01
1.719708889722824097e-01 -1.324409395456314087e-01
-1.518894080072641373e-02 1.801818236708641052e-02
1.106928512454032898e-01 -2.088822573423385620e-01
1.148197427392005920e-01 9.094979614019393921e-03
1.036291196942329407e-01 -5.567101389169692993e-02
-6.441734731197357178e-02 4.303563013672828674e-02
1.536725908517837524e-01 -2.494167238473892212e-01
1.107891574501991272e-01 -8.270160853862762451e-02
-2.974463403224945068e-01 2.766954898834228516e-01
1.401870548725128174e-01 -6.149629876017570496e-02
-1.714541614055633545e-01 4.365942254662513733e-02
1.974399685859680176e-01 -8.521453291177749634e-02
2.146969176828861237e-02 -5.666674673557281494e-02
-4.452460631728172302e-02 3.799975290894508362e-02
1.391192618757486343e-02 7.454889826476573944e-03
-1.260150820016860962e-01 1.941585354506969452e-02
3.298470377922058105e-02 -2.261046133935451508e-02
8.409018069505691528e-02 -4.411469399929046631e-02
2.903060615062713623e-01 -8.569940924644470215e-02
2.808490395545959473e-01 -5.225274711847305298e-02
-1.446603685617446899e-01 6.000994518399238586e-02
1.254178136587142944e-01 -1.470635682344436646e-01
-7.091954350471496582e-02 -1.366984099149703979e-03
1.442890614271163940e-01 -1.512823551893234253e-01
1.406258344650268555e-01 -2.431962341070175171e-01
-1.966895349323749542e-02 1.211974099278450012e-01
7.315056025981903076e-02 -6.444310396909713745e-02
7.120671868324279785e-02 2.080432623624801636e-01
-2.811608910560607910e-01 2.399511337280273438e-01
-1.934345811605453491e-01 1.892231553792953491e-01
8.627317147329449654e-04 -6.577595602720975876e-03
-3.099314123392105103e-02 -1.356663256883621216e-01
-1.624272316694259644e-01 2.540484964847564697e-01
1.136336773633956909e-01 4.370569065213203430e-02
2.573267221450805664e-01 -5.234492570161819458e-02
-1.374602764844894409e-01 3.125750422477722168e-01
7.418230641633272171e-03 -7.226781547069549561e-02
-1.208982393145561218e-01 6.495112180709838867e-02
-2.011982649564743042e-01 1.827025413513183594e-01
-5.870400369167327881e-02 2.836932241916656494e-01
1.474593728780746460e-01 -1.662177294492721558e-01
-1.232689321041107178e-01 -1.351737789809703827e-02
2.612017691135406494e-01 -1.118275597691535950e-01
8.327481150627136230e-02 -6.312949210405349731e-02
1.106499955058097839e-01 5.663436651229858398e-02
5.295687168836593628e-02 -1.859006881713867188e-01
-7.662215828895568848e-02 7.179841632023453712e-04
-1.154999528080224991e-02 -1.973486505448818207e-02
-9.415456652641296387e-02 -5.881484248675405979e-04
1.712074577808380127e-01 -2.032878063619136810e-02
-3.848622553050518036e-03 -2.276536971330642700e-01
2.604361474514007568e-01 -2.174623608589172363e-01
-1.222464144229888916e-01 5.304918810725212097e-02
-9.389454871416091919e-02 1.731639355421066284e-01
-2.219551354646682739e-01 2.718737721443176270e-02
-1.524067372083663940e-01 8.266846090555191040e-02
2.909425087273120880e-02 8.514291048049926758e-02
3.073975741863250732e-01 -4.455368965864181519e-02
-1.238384097814559937e-01 2.264144122600555420e-01
1.013381332159042358e-01 -1.050527021288871765e-01
7.764500565826892853e-03 3.350463882088661194e-02
-1.093874648213386536e-01 1.853447109460830688e-01
1.309381723403930664e-01 -8.312555402517318726e-02
1.084003448486328125e-01 -7.419887930154800415e-02
2.180489897727966309e-01 -1.912769675254821777e-01
1.064941361546516418e-01 7.837512344121932983e-02
3.626999258995056152e-02 -8.581396192312240601e-02
-7.268025539815425873e-03 -6.863013654947280884e-02
-1.015475541353225708e-01 -2.615910954773426056e-02
1.893306523561477661e-01 -6.636245548725128174e-02
3.536292165517807007e-02 1.401171833276748657e-01
-4.283677041530609131e-02 1.173242107033729553e-01
4.727214202284812927e-02 4.512836039066314697e-02
-4.822831228375434875e-02 -1.163291782140731812e-01
1.896176859736442566e-02 9.427925944328308105e-02
1.066708490252494812e-01 3.933313488960266113e-02
6.055450811982154846e-02 -2.830590605735778809e-01
-2.454837709665298462e-01 6.581145524978637695e-02
-2.032269164919853210e-02 1.845457851886749268e-01
-9.973067045211791992e-02 7.059673219919204712e-02
1.605350822210311890e-01 -2.779347896575927734e-01
-1.857744306325912476e-01 2.621856331825256348e-01
2.497106343507766724e-01 -9.295578300952911377e-02
3.487646281719207764e-01 -1.681191027164459229e-01
-2.121665924787521362e-01 2.856832742691040039e-01
-1.002314686775207520e-01 1.400631815195083618e-01
7.104477845132350922e-03 -9.463249146938323975e-02
-2.608059644699096680e-01 4.143901541829109192e-02
-2.056948244571685791e-01 1.299192011356353760e-01
3.716500103473663330e-02 5.532479658722877502e-02
1.394896358251571655e-01 4.109684750437736511e-02
1.292470544576644897e-01 2.643306925892829895e-02
-1.361137330532073975e-01 1.619937866926193237e-01
-1.900308066979050636e-03 8.739992976188659668e-02
7.921352982521057129e-02 -1.453949213027954102e-01
-1.329908370971679688e-01 1.049362719058990479e-01
-1.221033856272697449e-01 1.594946533441543579e-01
-5.690915882587432861e-02 -6.861612945795059204e-02
8.332066237926483154e-02 -1.646354943513870239e-01
8.343331515789031982e-02 -2.960604615509510040e-03
8.669919520616531372e-02 -5.378060042858123779e-02
-1.194888725876808167e-01 1.964002400636672974e-01
2.886590920388698578e-02 4.962982237339019775e-02
-5.107419192790985107e-02 6.353126466274261475e-02
5.419817566871643066e-02 -1.015094518661499023e-01
-1.556412875652313232e-01 5.124301835894584656e-02
5.184050649404525757e-02 -9.271326661109924316e-02
2.227855473756790161e-01 -1.898082941770553589e-01
3.385882824659347534e-02 7.219373434782028198e-02
-5.554026365280151367e-02 -2.357551269233226776e-02
-5.268652364611625671e-02 -6.099947169423103333e-02
-1.056904569268226624e-01 5.231351777911186218e-02
-9.786807745695114136e-02 1.528577506542205811e-01
-4.815133288502693176e-02 -2.261658012866973877e-01
1.109547317028045654e-01 -2.068143896758556366e-02
-5.921030044555664062e-02 7.351643592119216919e-02
1.841138005256652832e-01 -1.908429265022277832e-01
1.755429655313491821e-01 -1.145479530096054077e-01
-5.875439569354057312e-02 1.119599416851997375e-01
-1.490673124790191650e-01 -7.098135352134704590e-02
-3.286855667829513550e-02 3.375748172402381897e-02
-5.221433565020561218e-02 8.602049946784973145e-02
-2.578274309635162354e-01 2.249015271663665771e-01
1.170438975095748901e-01 -7.420232892036437988e-02
-3.387144580483436584e-02 2.499370090663433075e-02
-1.422405838966369629e-01 3.167001157999038696e-02
7.297714799642562866e-02 -5.282555148005485535e-02
4.089530557394027710e-02 -1.160777732729911804e-01
1.911002099514007568e-01 -1.472696363925933838e-01
-9.993261843919754028e-02 -5.357872694730758667e-02
1.148798391222953796e-01 -2.444591969251632690e-01
4.999837372452020645e-03 6.819695979356765747e-02
-1.380192339420318604e-01 4.001951962709426880e-02
-2.267577052116394043e-01 1.760758608579635620e-01
-8.487494289875030518e-02 3.684267029166221619e-02
3.587846644222736359e-03 -1.788869500160217285e-01
-1.853878647089004517e-01 2.789534628391265869e-01
1.853790730237960815e-01 -1.882468760013580322e-01
1.487812399864196777e-01 -1.607623100280761719e-01
8.580941706895828247e-03 -1.497592777013778687e-01
8.686141669750213623e-02 -5.429020151495933533e-02
1.378654986619949341e-01 -1.889360398054122925e-01
-8.061803132295608521e-02 -9.960458427667617798e-02
-1.792805641889572144e-01 4.093663692474365234e-01
1.358697861433029175e-01 5.739050358533859253e-02
-2.005056710913777351e-03 5.308825150132179260e-02
-7.671405375003814697e-02 -7.853314280509948730e-02
8.913715183734893799e-02 6.013064645230770111e-03
5.829859152436256409e-02 2.767470479011535645e-02
-6.846236437559127808e-02 4.339769482612609863e-02
-8.609133958816528320e-02 9.672981500625610352e-02
-1.438359171152114868e-02 -1.679160594940185547e-01
1.717860549688339233e-01 -2.489743530750274658e-01
-1.263574063777923584e-01 1.507334262132644653e-01
1.208552345633506775e-01 -2.379696965217590332e-01
-8.785640448331832886e-02 1.918839849531650543e-02
-1.688994765281677246e-01 1.422722786664962769e-01
-1.186494976282119751e-01 1.014628782868385315e-01
-1.981430798768997192e-01 2.004715502262115479e-01
-9.992522001266479492e-02 1.843156963586807251e-01
4.836191236972808838e-02 6.259141117334365845e-02
-9.705838561058044434e-02 -1.042123958468437195e-01
1.511523276567459106e-01 5.630334094166755676e-02
-1.572976261377334595e-01 1.382603347301483154e-01
5.932866409420967102e-02 1.227820739150047302e-01
-2.030362188816070557e-02 1.239286512136459351e-01
-2.021386921405792236e-01 2.433257550001144409e-01
2.727095186710357666e-01 -4.440376907587051392e-02
1.814211159944534302e-01 1.082227081060409546e-01
2.162551581859588623e-01 -2.009050175547599792e-02
-2.840486168861389160e-01 -1.638562232255935669e-02
-7.144137471914291382e-02 2.329625003039836884e-02
2.283816486597061157e-01 -5.937355384230613708e-02
1.267108321189880371e-02 -2.410933971405029297e-01
-2.993867099285125732e-01 2.067259997129440308e-01
8.024481683969497681e-02 3.921205922961235046e-02
-5.461464170366525650e-03 -1.148924231529235840e-03
-1.910089552402496338e-01 -1.505387714132666588e-03
4.910369869321584702e-03 7.524991780519485474e-02
-1.983818039298057556e-02 -1.893630772829055786e-01
-2.661319971084594727e-01 2.337520569562911987e-01
-4.946210421621799469e-03 1.828212589025497437e-01
6.349130719900131226e-02 2.671273648738861084e-01
-6.746985018253326416e-02 8.583831787109375000e-02
1.517349332571029663e-01 -2.024537920951843262e-01
-1.505905091762542725e-01 1.545970737934112549e-01
9.230767935514450073e-02 -4.881143942475318909e-02
1.686803996562957764e-01 -1.459652632474899292e-01
-6.584451533854007721e-03 -1.466791331768035889e-01
-3.669823333621025085e-02 2.593615837395191193e-02
-1.222352087497711182e-01 5.658947303891181946e-02
-1.084098443388938904e-01 5.087765306234359741e-02
8.114613592624664307e-02 -1.835719794034957886e-01
