1.649994701147079468e-01 -2.277504354715347290e-01
8.156276308000087738e-03 1.645460352301597595e-02
4.695136565715074539e-03 8.911050856113433838e-02
-1.040940359234809875e-01 2.547262236475944519e-02
5.561317875981330872e-02 -8.253215998411178589e-02
1.457003057003021240e-01 1.449179090559482574e-02
1.532793939113616943e-01 -2.061611264944076538e-01
-2.799011170864105225e-01 6.779298186302185059e-03
-1.175745762884616852e-02 -6.914908438920974731e-02
2.186992615461349487e-01 3.142352029681205750e-02
-1.139299497008323669e-01 2.758290618658065796e-02
1.923359185457229614e-02 3.355990722775459290e-02
3.759461268782615662e-02 -1.622112244367599487e-01
-1.432359665632247925e-01 7.845868170261383057e-02
-7.862718403339385986e-02 -3.457855060696601868e-02
-1.615476459264755249e-01 1.870950907468795776e-01
9.535844624042510986e-02 -5.375627428293228149e-02
-1.806703396141529083e-02 1.550774127244949341e-01
-4.449260979890823364e-02 7.044731825590133667e-02
3.733013989403843880e-03 -7.781633734703063965e-02
-8.561988174915313721e-02 2.192971706390380859e-01
-2.886323928833007812e-01 1.668944358825683594e-01
6.521962117403745651e-03 -3.233044221997261047e-02
9.290969371795654297e-02 3.604524955153465271e-02
-8.001431822776794434e-03 -1.046577692031860352e-01
9.753149002790451050e-02 -1.447263956069946289e-01
1.987922191619873047e-01 -2.109977304935455322e-01
2.852429635822772980e-02 -4.855216294527053833e-02
1.477859765291213989e-01 -4.106076434254646301e-02
2.443981170654296875e-01 -3.251872584223747253e-02
1.758669316768646240e-02 1.222280487418174744e-01
-1.101976633071899414e-01 -1.389133036136627197e-01
4.591708257794380188e-02 -1.628620624542236328e-01
1.226402148604393005e-01 -1.907977908849716187e-01
4.222867265343666077e-02 -2.201280444860458374e-01
-9.020349942147731781e-03 8.744711428880691528e-02
5.483697727322578430e-02 -1.718365848064422607e-01
1.532750669866800308e-02 -4.341471940279006958e-02
-7.484418153762817383e-02 7.005421817302703857e-02
3.592308983206748962e-02 -1.405022665858268738e-02
-2.285504192113876343e-01 -2.608829177916049957e-02
-1.889136582612991333e-01 -8.851177990436553955e-03
-9.384659677743911743e-02 -1.807514205574989319e-02
7.853832840919494629e-02 -1.654482260346412659e-02
-1.564367413520812988e-01 7.489911466836929321e-02
-1.225581541657447815e-01 2.743484973907470703e-01
-8.521892130374908447e-02 1.505679190158843994e-01
4.365934059023857117e-02 -1.216250136494636536e-01
4.871639981865882874e-02 -5.169072002172470093e-02
-1.759795695543289185e-01 2.115393579006195068e-01
2.862869501113891602e-01 -1.064871698617935181e-01
3.086552321910858154e-01 -1.727213710546493530e-01
1.391961872577667236e-01 2.072203345596790314e-02
-6.535562872886657715e-02 5.640017986297607422e-02
2.360717356204986572e-01 3.599127009510993958e-02
2.403545081615447998e-01 -1.501541584730148315e-01
-1.877671033143997192e-01 1.837824285030364990e-01
2.304615685716271400e-03 -1.186683475971221924e-01
2.488122135400772095e-01 -1.628233641386032104e-01
-2.334868162870407104e-01 3.493602201342582703e-02
-3.956121578812599182e-02 2.162245959043502808e-01
-6.034244596958160400e-02 -4.157018661499023438e-02
-1.362032592296600342e-01 9.568858891725540161e-02
-1.942054182291030884e-01 -2.590188942849636078e-02
6.637474149465560913e-02 -6.731153279542922974e-02
-1.804811954498291016e-01 1.098944321274757385e-01
-3.238368630409240723e-01 2.114024013280868530e-01
-1.775492280721664429e-01 8.581032603979110718e-02
-1.568225771188735962e-01 1.322303861379623413e-01
2.737483568489551544e-02 -1.973123103380203247e-01
7.285808026790618896e-02 -6.847278028726577759e-02
-8.376287878490984440e-04 -5.923317745327949524e-02
1.390526443719863892e-01 -4.653642699122428894e-02
3.589388355612754822e-02 3.963869996368885040e-03
4.989132285118103027e-02 -1.385956406593322754e-01
2.401482760906219482e-01 9.048477560281753540e-02
-2.606390602886676788e-02 -8.084949105978012085e-02
-1.301441341638565063e-01 1.828496903181076050e-01
-1.956970095634460449e-01 1.662267744541168213e-01
-1.818988323211669922e-01 9.602405875921249390e-02
4.057242348790168762e-02 1.067494451999664307e-01
3.559745848178863525e-02 -8.541297912597656250e-02
-6.526773422956466675e-02 5.871161445975303650e-02
1.506690680980682373e-01 -1.986128240823745728e-01
-2.845358252525329590e-01 3.205920755863189697e-01
-2.002297341823577881e-01 1.220998391509056091e-01
-5.614577792584896088e-03 -4.758300783578306437e-04
-1.453929580748081207e-02 -1.560928821563720703e-01
-4.256005585193634033e-02 2.449170313775539398e-02
4.021961987018585205e-02 -3.001532517373561859e-03
1.163444742560386658e-01 -2.141180038452148438e-01
8.089765906333923340e-03 3.085162024945020676e-03
-2.298911660909652710e-02 -9.048317372798919678e-02
-7.826115936040878296e-02 1.192135512828826904e-01
-1.586381644010543823e-01 -1.307121664285659790e-01
4.871383681893348694e-02 1.786730438470840454e-01
-9.196601808071136475e-02 2.276325784623622894e-02
2.218111604452133179e-01 -2.816283106803894043e-01
-1.372910290956497192e-02 -6.300099194049835205e-02
1.427263673394918442e-02 1.478943228721618652e-01
2.005968987941741943e-01 -1.123103275895118713e-01
-2.211466133594512939e-01 1.514670401811599731e-01
-2.852655947208404541e-01 1.094539090991020203e-01
2.453363835811614990e-01 -1.054944917559623718e-01
-1.493848264217376709e-01 5.461189895868301392e-02
-6.666085124015808105e-02 1.522053182125091553e-01
2.423388808965682983e-01 -3.566830419003963470e-03
-3.153870627284049988e-02 2.213808000087738037e-01
-1.886569559574127197e-01 2.853658497333526611e-01
-2.996849119663238525e-01 6.063278764486312866e-02
-2.081708759069442749e-01 2.892103493213653564e-01
3.703405708074569702e-02 -1.614402830600738525e-01
1.247930452227592468e-01 1.518165171146392822e-01
-2.252008467912673950e-01 1.362932473421096802e-01
-1.386746764183044434e-01 5.821892991662025452e-02
2.654210925102233887e-01 -2.459649145603179932e-01
1.250350624322891235e-01 -1.311815530061721802e-01
-1.689269095659255981e-01 4.047575220465660095e-02
1.507922261953353882e-01 -2.023936957120895386e-01
2.027269750833511353e-01 -1.561951041221618652e-01
-2.288401722908020020e-01 1.631876677274703979e-01
5.975542590022087097e-02 -3.046652488410472870e-02
-1.642778329551219940e-02 -1.879926174879074097e-01
8.452273905277252197e-02 -1.962877064943313599e-01
1.301130801439285278e-01 3.742728754878044128e-02
1.196928415447473526e-02 -8.831075578927993774e-02
6.506946682929992676e-02 5.342524126172065735e-02
-8.124976605176925659e-02 -8.953573554754257202e-02
-1.455775797367095947e-01 7.507918030023574829e-02
-1.790659874677658081e-01 2.956260740756988525e-01
2.246464788913726807e-01 -2.167102247476577759e-01
2.302033454179763794e-01 -2.761841118335723877e-01
1.652834564447402954e-01 -1.447172909975051880e-01
2.258244454860687256e-01 -1.678567081689834595e-01
2.566237449645996094e-01 -1.533069461584091187e-01
-3.082872834056615829e-03 1.259199529886245728e-01
1.986013203859329224e-01 -1.342999339103698730e-01
-2.622895240783691406e-01 3.028053045272827148e-01
3.544398816302418709e-03 -2.269848585128784180e-01
-1.893293410539627075e-01 -9.357421845197677612e-02
-4.986481741070747375e-02 3.216397464275360107e-01
-8.013989031314849854e-02 1.408839374780654907e-01
8.185357600450515747e-02 -2.027974724769592285e-01
-2.672219872474670410e-01 3.360769450664520264e-01
-3.033808171749114990e-01 7.216468453407287598e-02
-2.195848152041435242e-02 3.055858910083770752e-01
1.120495125651359558e-01 -7.086972147226333618e-02
2.847799360752105713e-01 -1.545123904943466187e-01
-3.057537376880645752e-01 2.175028771162033081e-01
-1.265891175717115402e-02 -2.164319157600402832e-01
1.195143610239028931e-01 -2.502662539482116699e-01
3.467147052288055420e-02 -8.982690423727035522e-02
-1.684557497501373291e-01 6.603204458951950073e-02
-2.181145176291465759e-02 1.733093112707138062e-01
1.071713939309120178e-01 -1.311678588390350342e-01
-2.475052475929260254e-01 1.343812048435211182e-01
3.753046989440917969e-01 -1.074922308325767517e-01
1.175444796681404114e-01 -3.102298825979232788e-02
6.286973506212234497e-02 6.519190222024917603e-02
2.312856763601303101e-01 -1.459999084472656250e-01
2.544738948345184326e-01 -1.570532023906707764e-01
-1.306042075157165527e-01 1.964801996946334839e-01
1.502862870693206787e-01 -1.074844449758529663e-01
-5.035237222909927368e-02 9.593641757965087891e-02
3.209971785545349121e-01 -1.686159819364547729e-01
-1.481293439865112305e-01 1.209196373820304871e-01
-5.015181377530097961e-02 2.344257682561874390e-01
2.462229877710342407e-01 -5.555434897541999817e-02
-1.269848793745040894e-01 8.870200254023075104e-03
-2.507314644753932953e-02 -4.978707060217857361e-02
-1.476533338427543640e-02 3.163712322711944580e-01
1.618883162736892700e-01 -1.299473643302917480e-01
-1.725760549306869507e-01 1.130687817931175232e-01
1.434714049100875854e-01 -2.131521850824356079e-01
-2.283461242914199829e-01 8.791604638099670410e-02
-3.563070669770240784e-02 1.961420774459838867e-01
1.353606879711151123e-01 -1.432603783905506134e-02
2.741667628288269043e-01 -3.029151856899261475e-01
3.132965415716171265e-02 9.637434413889423013e-05
-2.800602316856384277e-01 1.646008193492889404e-01
-1.538367196917533875e-02 -2.302659116685390472e-02
2.488857954740524292e-01 -7.405454665422439575e-02
-1.833554804325103760e-01 1.957021653652191162e-01
2.527380287647247314e-01 -1.101084053516387939e-01
1.260171532630920410e-01 6.873976904898881912e-03
1.422182023525238037e-01 -2.044992744922637939e-01
1.154845133423805237e-01 -5.739824473857879639e-02
1.423213630914688110e-01 -7.628111541271209717e-02
2.476448416709899902e-01 -3.613147735595703125e-01
1.357542723417282104e-01 -2.681462764739990234e-01
4.044736921787261963e-02 -2.419147081673145294e-02
8.098623156547546387e-02 1.217131242156028748e-01
-8.634763956069946289e-02 -7.649301085621118546e-03
-1.199640706181526184e-01 -5.542172491550445557e-02
1.473400145769119263e-01 -7.369787245988845825e-02
-1.107241734862327576e-01 6.790103763341903687e-02
8.462416380643844604e-02 -1.119419187307357788e-01
1.093143522739410400e-01 -2.273216396570205688e-01
2.248341888189315796e-01 -1.278265267610549927e-01
-2.966027557849884033e-01 5.717751756310462952e-02
1.022327691316604614e-01 -3.979988023638725281e-02
1.851889193058013916e-01 -8.272233605384826660e-02
-1.797263026237487793e-01 -8.430796116590499878e-02
8.625936508178710938e-02 -9.705086797475814819e-02
1.379701793193817139e-01 -4.650908987969160080e-03
6.834457069635391235e-02 -1.189935579895973206e-01
-2.602780982851982117e-02 -1.897083520889282227e-01
-1.193896457552909851e-01 1.873676329851150513e-01
-1.204607449471950531e-02 -2.222785167396068573e-02
-7.665909826755523682e-02 -7.543115317821502686e-02
-5.306017771363258362e-02 -2.579543180763721466e-02
7.591589540243148804e-02 7.550405338406562805e-03
8.100277744233608246e-03 6.163768004626035690e-03
4.488542675971984863e-02 2.297263592481613159e-02
2.614405006170272827e-02 1.976979151368141174e-02
1.491683274507522583e-01 -1.445267051458358765e-01
2.202347666025161743e-01 -1.469444632530212402e-01
1.972884126007556915e-02 -2.154054045677185059e-01
2.595206201076507568e-01 -1.477360427379608154e-01
-4.185574874281883240e-02 -1.973759755492210388e-02
-4.675674065947532654e-02 -2.486633136868476868e-02
1.419755220413208008e-01 -1.295360475778579712e-01
1.233377903699874878e-01 -1.023686155676841736e-01
-8.227921277284622192e-02 1.910683512687683105e-01
1.293036043643951416e-01 -1.563897579908370972e-01
5.078448727726936340e-02 -9.561952203512191772e-02
2.757242023944854736e-01 -6.350297480821609497e-03
-2.140243798494338989e-01 9.338631480932235718e-02
2.713727531954646111e-03 3.648576885461807251e-02
-2.899233400821685791e-01 2.632075548171997070e-01
1.845615543425083160e-02 -1.523024737834930420e-01
-3.020877577364444733e-02 -2.582713775336742401e-02
2.655462361872196198e-02 2.610520459711551666e-02
-4.936441406607627869e-02 -1.887936741113662720e-01
-7.393897324800491333e-02 1.420140117406845093e-01
1.706127077341079712e-01 -1.586442142724990845e-01
-9.363947808742523193e-02 1.247433051466941833e-01
-1.359627246856689453e-01 8.689422160387039185e-02
2.100646644830703735e-01 -1.386324763298034668e-01
1.360288262367248535e-01 -7.667796220630407333e-03
2.695764787495136261e-02 -1.967797242105007172e-02
-8.153209835290908813e-02 2.184268087148666382e-02
1.272066682577133179e-01 -4.606115445494651794e-02
1.385681480169296265e-01 1.525645516812801361e-02
1.289116144180297852e-01 -7.631204277276992798e-02
-3.790870681405067444e-02 7.638166844844818115e-02
1.357055604457855225e-01 -3.769820556044578552e-02
3.090842366218566895e-01 -5.536151677370071411e-02
-4.430847615003585815e-02 8.821151219308376312e-03
2.469549700617790222e-02 4.840036109089851379e-02
3.439971506595611572e-01 -1.289906948804855347e-01
-3.055947087705135345e-02 -1.517768055200576782e-01
-1.703068464994430542e-01 -1.171623095870018005e-01
8.143430203199386597e-02 -1.454163640737533569e-01
-1.231723800301551819e-01 1.375675946474075317e-01
-9.649381041526794434e-02 1.089430376887321472e-01
