3.097537904977798462e-02 2.146543860435485840e-01
-1.597467213869094849e-01 2.972018122673034668e-01
-1.972540915012359619e-01 8.793192356824874878e-02
1.070612370967864990e-01 5.436545982956886292e-02
1.659107059240341187e-01 -1.585835963487625122e-01
-9.294988214969635010e-02 -1.016875635832548141e-02
-1.308532208204269409e-01 -8.466465026140213013e-02
-5.568024516105651855e-02 2.061388492584228516e-01
-1.847243607044219971e-01 1.699537038803100586e-01
-1.380511932075023651e-02 -5.750728398561477661e-02
-5.847735702991485596e-02 9.297558665275573730e-02
-4.054655879735946655e-02 -7.815807312726974487e-02
-6.222893297672271729e-02 1.489874422550201416e-01
9.824276715517044067e-02 -1.185760870575904846e-01
1.503782570362091064e-01 -7.905504107475280762e-02
-2.160587906837463379e-01 2.598277926445007324e-01
1.117525026202201843e-01 -3.035009838640689850e-02
5.065700411796569824e-02 2.741944976150989532e-02
-7.822147011756896973e-02 7.020032405853271484e-02
-3.958773612976074219e-01 3.025093972682952881e-01
-7.912692427635192871e-02 -3.396269679069519043e-02
1.610536575317382812e-01 -1.979918628931045532e-01
-2.018520832061767578e-01 1.677460223436355591e-02
1.762227863073348999e-01 -4.357671365141868591e-02
-5.613716319203376770e-03 -1.356724053621292114e-01
1.086938530206680298e-01 -2.113680168986320496e-02
-6.697428226470947266e-02 -1.824001520872116089e-01
-2.507276237010955811e-01 2.829066216945648193e-01
-4.661044478416442871e-02 3.151493370532989502e-01
-2.243731468915939331e-01 1.440767794847488403e-01
4.255909845232963562e-02 -1.202559843659400940e-02
-1.967591419816017151e-02 1.223508417606353760e-01
-5.366112664341926575e-02 -4.861203581094741821e-02
-1.744757890701293945e-01 1.133768707513809204e-01
7.993825525045394897e-02 -7.530573755502700806e-02
-3.495891764760017395e-02 1.318752020597457886e-01
2.977562882006168365e-02 -7.976901531219482422e-02
3.532656133174896240e-01 -7.090567052364349365e-02
-2.777688205242156982e-01 2.847502827644348145e-01
1.895957291126251221e-01 5.211874842643737793e-03
-1.480737924575805664e-01 6.200889497995376587e-02
1.128496527671813965e-01 2.112967073917388916e-01
-1.289224922657012939e-01 9.431211650371551514e-02
-5.376153159886598587e-03 -1.052467972040176392e-01
1.056877672672271729e-01 -3.051664531230926514e-01
-1.620641797780990601e-01 3.597591519355773926e-01
1.707018911838531494e-01 -1.353309005498886108e-01
-5.422929674386978149e-02 1.191354170441627502e-01
-5.185929127037525177e-03 -1.516400128602981567e-01
-6.553171575069427490e-02 -1.248131096363067627e-01
2.567671239376068115e-01 -1.105094030499458313e-01
1.560075879096984863e-01 -1.228314265608787537e-01
8.758734911680221558e-02 -8.797995746135711670e-02
-1.066300086677074432e-03 -1.222399771213531494e-01
1.584883928298950195e-01 2.685361774638295174e-03
1.661728918552398682e-01 8.377425372600555420e-02
1.679047644138336182e-01 -1.582258641719818115e-01
-8.552242070436477661e-02 5.997794494032859802e-02
7.372854650020599365e-02 7.432124763727188110e-02
7.456141710281372070e-02 9.934532642364501953e-02
-1.545687764883041382e-01 1.169838905334472656e-01
-9.288400178775191307e-04 -1.310598105192184448e-01
-2.161432988941669464e-02 -4.234542697668075562e-02
-9.192041307687759399e-02 -1.734318025410175323e-02
4.406065344810485840e-01 -2.862516343593597412e-01
-1.857950836420059204e-01 4.679746925830841064e-02
-3.913097977638244629e-01 3.517853617668151855e-01
-1.154094114899635315e-01 1.617200374603271484e-01
-1.277902275323867798e-01 -5.130937695503234863e-02
2.829530090093612671e-02 -1.351444274187088013e-01
2.645446658134460449e-01 -1.193144991993904114e-01
-9.064988791942596436e-02 2.359813898801803589e-01
-2.459193021059036255e-01 2.441358864307403564e-01
1.901768445968627930e-01 -1.526362597942352295e-01
-2.137030661106109619e-01 2.265047132968902588e-01
2.044362574815750122e-01 -1.380883455276489258e-01
2.223791033029556274e-01 -5.852115154266357422e-02
3.817697986960411072e-02 1.627430319786071777e-02
1.939590275287628174e-01 -2.694814205169677734e-01
-2.794592678546905518e-01 1.471597999334335327e-01
2.665389180183410645e-01 -2.689795196056365967e-01
2.350655198097229004e-01 -1.744743138551712036e-01
1.748009920120239258e-01 -8.071646839380264282e-02
-3.765394389629364014e-01 2.799328863620758057e-01
8.100834488868713379e-02 -2.376190125942230225e-01
5.434308201074600220e-02 -9.304498136043548584e-02
-2.035469114780426025e-01 3.275350928306579590e-01
5.686723589897155762e-01 -6.235117912292480469e-01
2.254093997180461884e-02 2.237142920494079590e-01
-1.616833060979843140e-01 2.048110663890838623e-01
4.822229221463203430e-02 2.197999693453311920e-02
-3.860577046871185303e-01 3.875858187675476074e-01
-2.134344577789306641e-01 5.040621757507324219e-01
3.825427889823913574e-01 -4.407283365726470947e-01
2.669354081153869629e-01 -3.454054594039916992e-01
-4.491597115993499756e-01 4.639318883419036865e-01
-6.217378377914428711e-01 3.537693619728088379e-01
-2.795233428478240967e-01 1.244253367185592651e-01
-1.427242159843444824e-01 -3.390097618103027344e-02
8.638350665569305420e-02 -2.246630787849426270e-01
1.754764169454574585e-01 -1.667505949735641479e-01
1.793478131294250488e-01 -3.593560159206390381e-01
-3.149267435073852539e-01 3.685890138149261475e-01
-6.749965250492095947e-02 3.538818284869194031e-02
-4.237828850746154785e-01 4.611583948135375977e-01
-3.555597364902496338e-01 2.519873678684234619e-01
-5.312938690185546875e-01 5.435355305671691895e-01
-1.840849667787551880e-01 3.389449417591094971e-01
3.454142808914184570e-01 -4.087964892387390137e-01
9.431067854166030884e-03 7.665306329727172852e-02
2.414086312055587769e-01 -1.442328095436096191e-01
-1.444794684648513794e-01 2.560488879680633545e-02
-2.589692771434783936e-01 1.380513906478881836e-01
8.364337682723999023e-02 1.856775283813476562e-01
8.490904420614242554e-02 -7.692617177963256836e-02
7.367651164531707764e-02 -2.347107976675033569e-02
3.665961921215057373e-01 -4.544432163238525391e-01
1.693762540817260742e-01 1.036593038588762283e-02
3.008201718330383301e-01 -4.827812612056732178e-01
2.102154046297073364e-01 -2.086128890514373779e-01
1.529891509562730789e-02 -8.825922012329101562e-02
1.065073385834693909e-01 1.120450422167778015e-01
3.531183302402496338e-01 -4.621482193470001221e-01
-2.310424745082855225e-01 2.841172814369201660e-01
-2.942561209201812744e-01 1.652248203754425049e-01
1.092376559972763062e-01 -2.332173734903335571e-01
2.135183066129684448e-01 -4.329743981361389160e-01
1.945398002862930298e-01 -6.858585029840469360e-02
5.289170742034912109e-01 -4.163852930068969727e-01
-6.929302215576171875e-01 6.570661664009094238e-01
-5.384113192558288574e-01 6.076317429542541504e-01
5.835779011249542236e-02 4.963606968522071838e-02
3.234140276908874512e-01 -1.844733655452728271e-01
-9.579861760139465332e-01 8.539571166038513184e-01
7.654952406883239746e-01 -7.420490384101867676e-01
-3.226090669631958008e-01 2.103971242904663086e-01
-4.851735234260559082e-01 4.689764976501464844e-01
4.236715137958526611e-01 -2.538183927536010742e-01
-8.670455962419509888e-02 1.225264146924018860e-01
-5.018224120140075684e-01 5.073029398918151855e-01
-7.110199928283691406e-01 8.984273076057434082e-01
-9.307271987199783325e-02 -6.422460824251174927e-02
2.340995967388153076e-01 -1.414017230272293091e-01
-1.772783845663070679e-01 3.907500803470611572e-01
-4.021340906620025635e-01 2.498040050268173218e-01
1.367360472679138184e+00 -1.100963115692138672e+00
1.459516882896423340e-01 -1.320631355047225952e-01
-1.294341921806335449e+00 1.191955089569091797e+00
5.264950990676879883e-01 -5.942906737327575684e-01
-9.068355560302734375e-01 9.500349760055541992e-01
-6.998314857482910156e-01 8.294944763183593750e-01
-2.551581859588623047e-01 2.280754148960113525e-01
-6.049051284790039062e-01 7.184794545173645020e-01
4.320764448493719101e-03 -9.181778132915496826e-02
-6.635103821754455566e-01 5.638770461082458496e-01
-3.644938170909881592e-01 1.315146982669830322e-01
-1.130806133151054382e-01 2.232557535171508789e-01
7.177178263664245605e-01 -8.042232990264892578e-01
6.188699007034301758e-01 -7.335934638977050781e-01
-1.624592542648315430e-01 2.583992481231689453e-01
-1.040442705154418945e+00 9.730928540229797363e-01
-3.273594677448272705e-01 1.292029321193695068e-01
2.369880378246307373e-01 -1.544845998287200928e-01
6.815021038055419922e-01 -7.840578556060791016e-01
-3.315845131874084473e-01 1.749246567487716675e-01
3.760182261466979980e-01 -4.324172437191009521e-01
-5.991971492767333984e-01 4.985000789165496826e-01
5.608749985694885254e-01 -5.651497840881347656e-01
-9.292520880699157715e-01 9.558255672454833984e-01
4.985535442829132080e-01 -6.420708298683166504e-01
-5.363636612892150879e-01 5.375695824623107910e-01
-1.726683139801025391e+00 1.701034069061279297e+00
-2.395359575748443604e-01 4.017911478877067566e-02
1.487943232059478760e-01 -2.080917954444885254e-01
-1.674831807613372803e-01 5.189267545938491821e-02
5.502795577049255371e-01 -4.486404657363891602e-01
-6.663655638694763184e-01 7.481403946876525879e-01
-5.200757980346679688e-01 4.882606565952301025e-01
9.382533431053161621e-01 -9.868198633193969727e-01
-3.432141542434692383e-01 3.397425711154937744e-01
3.797269463539123535e-01 -5.266571640968322754e-01
2.848839759826660156e-01 -9.706512093544006348e-02
-2.058630585670471191e-01 1.780828833580017090e-01
6.657640933990478516e-01 -4.586349129676818848e-01
-3.849424049258232117e-02 1.822011619806289673e-01
8.584797382354736328e-02 5.539804324507713318e-02
5.600525736808776855e-01 -5.187242627143859863e-01
-3.986536562442779541e-01 5.142172574996948242e-01
-2.711131274700164795e-01 2.885610461235046387e-01
-3.385795354843139648e-01 2.017083764076232910e-01
-1.186566613614559174e-02 -7.736341655254364014e-02
9.508960247039794922e-01 -1.099987030029296875e+00
2.641671895980834961e-01 -1.033129543066024780e-01
-4.391483068466186523e-01 3.456616997718811035e-01
-5.596824362874031067e-02 6.252539157867431641e-02
-1.882040798664093018e-01 1.150460392236709595e-01
2.525245547294616699e-01 -2.085894793272018433e-01
-1.898117512464523315e-01 1.702124029397964478e-01
1.740392446517944336e-01 5.090946331620216370e-02
-1.404541581869125366e-01 -1.565125286579132080e-01
-1.005061566829681396e-01 9.144420921802520752e-02
-8.030521124601364136e-02 7.604278624057769775e-02
-1.988987810909748077e-02 4.525512084364891052e-02
2.244093716144561768e-01 -8.572912216186523438e-02
-1.901746839284896851e-01 2.765432894229888916e-01
-4.285664111375808716e-02 9.385931491851806641e-02
2.026040256023406982e-01 -2.428279519081115723e-01
-2.735348641872406006e-01 1.632227003574371338e-01
-1.954889297485351562e-02 9.039842337369918823e-02
5.276393294334411621e-01 -4.659893214702606201e-01
-7.399773597717285156e-02 1.625770628452301025e-01
-6.108406782150268555e-01 5.940073132514953613e-01
-1.622247248888015747e-01 1.683110930025577545e-02
-1.844870448112487793e-01 2.827752232551574707e-01
-2.817525863647460938e-01 4.030331969261169434e-01
6.883979588747024536e-02 -9.746588766574859619e-02
-3.729177117347717285e-01 1.269004195928573608e-01
-3.109667897224426270e-01 1.885521709918975830e-01
-2.168216928839683533e-02 8.800598978996276855e-02
-1.142345145344734192e-01 3.321342170238494873e-01
-6.502762436866760254e-02 4.044218733906745911e-02
4.132551252841949463e-01 -3.870845735073089600e-01
-3.008837997913360596e-02 8.986917138099670410e-02
4.210638403892517090e-01 -2.147224545478820801e-01
1.309591978788375854e-01 8.939696848392486572e-02
-2.472993284463882446e-01 2.362739741802215576e-01
-8.615249395370483398e-02 6.756783276796340942e-02
4.259181618690490723e-01 -5.631617903709411621e-01
7.872568070888519287e-02 -3.570288047194480896e-02
-1.501265764236450195e-01 1.356772184371948242e-01
-1.457940042018890381e-01 1.103786155581474304e-01
3.114725947380065918e-01 -4.619053304195404053e-01
-1.354058086872100830e-01 3.087095916271209717e-01
1.326663494110107422e-01 -2.437078803777694702e-01
-1.367050409317016602e-01 -4.930607602000236511e-02
-3.007624149322509766e-01 2.816431820392608643e-01
1.371547728776931763e-01 -9.568957984447479248e-02
-9.986352175474166870e-02 7.179837673902511597e-02
1.547220349311828613e-01 -5.558877810835838318e-02
2.840917184948921204e-02 -2.134473295882344246e-03
-1.448982805013656616e-01 1.205728799104690552e-01
-4.655897319316864014e-01 6.331117749214172363e-01
4.342893064022064209e-01 -5.986177921295166016e-01
2.375705353915691376e-02 6.429103203117847443e-03
1.999717652797698975e-01 -1.152469143271446228e-01
-2.478560060262680054e-01 5.185739696025848389e-02
4.210376739501953125e-01 -3.646239936351776123e-01
1.630074381828308105e-01 -3.083500564098358154e-01
-7.194978743791580200e-02 1.806691586971282959e-01
5.552633851766586304e-02 -2.100304812192916870e-01
4.694158583879470825e-02 -9.429711103439331055e-02
-1.345418095588684082e-01 6.239505484700202942e-02
-1.424008458852767944e-01 3.530861064791679382e-02
3.993345424532890320e-03 -1.156001314520835876e-01
-1.234115287661552429e-02 -5.788224935531616211e-02
2.464146018028259277e-01 1.348260976374149323e-02
