6.665215641260147095e-02 8.256309479475021362e-02
4.595444500446319580e-01 -6.035209894180297852e-01
-2.203020155429840088e-01 1.115681305527687073e-01
-2.011914104223251343e-01 1.859179884195327759e-01
1.925819516181945801e-01 -6.296625733375549316e-02
-9.174422593787312508e-04 -2.449401617050170898e-01
-2.234694212675094604e-01 1.860263943672180176e-01
-2.251047492027282715e-01 3.847502768039703369e-01
-2.122243195772171021e-01 3.582070469856262207e-01
-3.617280125617980957e-01 4.538328349590301514e-01
4.316607713699340820e-01 -5.438277721405029297e-01
-6.776908040046691895e-02 5.109201744198799133e-02
-3.626341223716735840e-01 3.068858683109283447e-01
2.895127534866333008e-01 -2.639919221401214600e-01
1.659855246543884277e-01 -3.875335752964019775e-01
3.376243710517883301e-01 -3.869474232196807861e-01
2.019690424203872681e-01 9.174645878374576569e-03
3.821305185556411743e-02 1.956758648157119751e-01
4.330747425556182861e-01 -2.202783077955245972e-01
-2.344806343317031860e-01 3.515293002128601074e-01
1.926881670951843262e-01 -2.386505752801895142e-01
2.135330736637115479e-01 -2.440945953130722046e-01
-8.796232193708419800e-02 -7.223252323456108570e-04
4.215456545352935791e-02 -2.072750627994537354e-01
5.052717328071594238e-01 -7.010217308998107910e-01
-2.460910379886627197e-01 1.147082373499870300e-01
2.351396232843399048e-01 -1.512621492147445679e-01
1.050566136837005615e-01 2.257875725626945496e-02
-2.181901931762695312e-01 2.095559835433959961e-01
-4.115685820579528809e-01 4.862113595008850098e-01
-1.440865397453308105e-01 -8.258556947112083435e-03
4.148099198937416077e-02 -2.615130543708801270e-01
-3.628973364830017090e-01 4.014329910278320312e-01
-1.579201668500900269e-01 4.217904433608055115e-02
4.245716631412506104e-01 -2.530417144298553467e-01
3.860143125057220459e-01 -3.286865949630737305e-01
1.404905319213867188e-01 -2.118663862347602844e-02
4.102097451686859131e-01 -2.071627527475357056e-01
2.005934119224548340e-01 -1.505256742238998413e-01
-3.346376866102218628e-02 1.092438250780105591e-01
-5.685188174247741699e-01 4.833811819553375244e-01
-3.672427535057067871e-01 3.025799393653869629e-01
-2.153329700231552124e-01 8.848644793033599854e-02
-3.187264502048492432e-01 1.082879230380058289e-01
8.254527300596237183e-02 -1.256139278411865234e-01
-1.352527588605880737e-01 2.662377655506134033e-01
-1.339644491672515869e-01 5.358231067657470703e-02
-3.690434992313385010e-01 4.145961403846740723e-01
4.658837914466857910e-01 -3.915777504444122314e-01
3.941084742546081543e-01 -3.318634629249572754e-01
-4.434621706604957581e-02 -3.061386570334434509e-02
-3.188266605138778687e-02 1.272895336151123047e-01
-5.996663570404052734e-01 6.328612565994262695e-01
4.505184590816497803e-01 -1.965320855379104614e-01
3.576172888278961182e-02 -2.429713755846023560e-01
3.470334112644195557e-01 -2.628528177738189697e-01
2.234559133648872375e-02 6.785120069980621338e-02
5.705303326249122620e-02 -1.081104129552841187e-01
-3.003310859203338623e-01 1.645113676786422729e-01
1.834920346736907959e-01 -2.582249976694583893e-02
-3.617799580097198486e-01 2.281755656003952026e-01
-2.050387673079967499e-02 -1.274460405111312866e-01
-1.568135917186737061e-01 1.522935330867767334e-01
2.249751538038253784e-01 -6.581541150808334351e-02
8.024160265922546387e-01 -8.070147633552551270e-01
4.643307924270629883e-01 -6.368123292922973633e-01
3.755514621734619141e-01 -2.986759245395660400e-01
3.339686691761016846e-01 -2.103173434734344482e-01
-2.112790942192077637e-01 2.636959552764892578e-01
-2.098525911569595337e-01 3.454640805721282959e-01
-3.165049552917480469e-01 2.599886655807495117e-01
6.407923102378845215e-01 -5.389707684516906738e-01
4.138389974832534790e-02 -1.938909590244293213e-01
-3.266143798828125000e-01 3.611488938331604004e-01
5.038315653800964355e-01 -4.574586451053619385e-01
6.994115114212036133e-01 -8.807729482650756836e-01
-6.567807793617248535e-01 5.568689703941345215e-01
-5.427648425102233887e-01 5.322207808494567871e-01
4.240745604038238525e-01 -1.885040551424026489e-01
1.267855018377304077e-01 -6.623250991106033325e-02
6.006883978843688965e-01 -6.381647586822509766e-01
9.611289203166961670e-02 -2.928760051727294922e-01
-3.994529321789741516e-02 -3.365522250533103943e-02
-2.800561785697937012e-01 2.478771209716796875e-01
5.419741272926330566e-01 -3.453627228736877441e-01
5.507270693778991699e-01 -5.650771856307983398e-01
3.947294950485229492e-01 -5.772261619567871094e-01
4.406793043017387390e-02 2.760604768991470337e-02
1.053336486220359802e-01 -4.017522037029266357e-01
1.724509298801422119e-01 -6.406063586473464966e-02
1.416944563388824463e-01 -2.331683337688446045e-01
-3.715449869632720947e-01 4.439454972743988037e-01
-1.805603131651878357e-02 5.689722299575805664e-02
1.079588159918785095e-01 -1.861817985773086548e-01
-3.227393925189971924e-01 4.948680400848388672e-01
3.626069724559783936e-01 -2.746086120605468750e-01
3.549195528030395508e-01 -2.268588393926620483e-01
5.628378689289093018e-02 1.227710470557212830e-01
-4.178500548005104065e-02 6.707874126732349396e-03
4.196561872959136963e-01 -4.180572628974914551e-01
5.276544094085693359e-01 -3.954638540744781494e-01
-3.779143691062927246e-01 3.040270879864692688e-02
-3.177356123924255371e-01 4.326124787330627441e-01
4.310748577117919922e-01 -4.302711188793182373e-01
-3.891405165195465088e-01 4.468733668327331543e-01
-5.848612263798713684e-02 1.755638979375362396e-02
6.037271618843078613e-01 -5.750710964202880859e-01
-8.065907359123229980e-01 7.654255032539367676e-01
-2.024443000555038452e-01 -6.448569893836975098e-02
-2.417303621768951416e-01 1.735592484474182129e-01
9.078971296548843384e-02 -6.692471355199813843e-02
1.075805351138114929e-01 -1.461797803640365601e-01
3.262636661529541016e-01 -1.939622908830642700e-01
4.727512598037719727e-01 -4.571270346641540527e-01
-1.599451154470443726e-01 3.717354312539100647e-02
-3.188916742801666260e-01 4.108501672744750977e-01
-3.001844286918640137e-01 3.085468411445617676e-01
6.143953800201416016e-01 -5.440182685852050781e-01
-4.365891218185424805e-01 3.161208033561706543e-01
5.846409797668457031e-01 -3.638436794281005859e-01
-4.326191842555999756e-01 4.978404343128204346e-01
6.611430644989013672e-01 -6.085119247436523438e-01
-2.209481149911880493e-01 7.605380564928054810e-02
-2.228078842163085938e-01 1.851869672536849976e-01
1.070972681045532227e-01 -1.756677478551864624e-01
-4.702786505222320557e-01 6.457806825637817383e-01
5.399815440177917480e-01 -4.792898893356323242e-01
8.414394408464431763e-02 -3.524833172559738159e-02
3.486622273921966553e-01 -2.004058957099914551e-01
-2.281046807765960693e-01 3.293137550354003906e-01
-7.657840251922607422e-01 6.871079206466674805e-01
-3.807748481631278992e-02 1.892698742449283600e-02
1.021178364753723145e-01 4.580461233854293823e-02
7.396758794784545898e-01 -7.740172743797302246e-01
3.886879682540893555e-01 -3.431584239006042480e-01
-7.482675313949584961e-01 4.945491254329681396e-01
1.211241632699966431e-01 -1.330895721912384033e-02
-4.906393289566040039e-01 4.279643595218658447e-01
-5.881209969520568848e-01 7.397063970565795898e-01
5.388061404228210449e-01 -4.947130084037780762e-01
-6.008116155862808228e-02 1.374079734086990356e-01
-3.775211870670318604e-01 2.853350043296813965e-01
-1.264044940471649170e-01 -1.082598939538002014e-01
1.511912047863006592e-01 -1.944740265607833862e-01
5.656194314360618591e-02 6.882821768522262573e-02
-6.318966746330261230e-01 5.126394629478454590e-01
-4.917585849761962891e-02 -3.808675333857536316e-02
7.697570919990539551e-01 -6.305091977119445801e-01
-1.973811089992523193e-01 1.777794361114501953e-01
5.500922203063964844e-01 -5.834987163543701172e-01
-1.076473668217658997e-01 1.268697232007980347e-01
3.867053985595703125e-01 -2.810390889644622803e-01
-2.656666219991166145e-05 9.706880897283554077e-02
1.758935302495956421e-01 -3.118556439876556396e-01
5.358967781066894531e-01 -5.854104161262512207e-01
-1.175543740391731262e-01 2.780999243259429932e-01
1.831963807344436646e-01 -1.424573212862014771e-01
4.278819262981414795e-01 -4.203907847404479980e-01
7.885834574699401855e-01 -7.535463571548461914e-01
3.343911468982696533e-01 -4.071120619773864746e-01
3.371142745018005371e-01 -1.911811828613281250e-01
-1.994321644306182861e-01 3.015895485877990723e-01
8.721621036529541016e-01 -6.762044429779052734e-01
-2.824197709560394287e-01 9.953331202268600464e-02
-7.879152148962020874e-02 -4.728882387280464172e-02
3.292015492916107178e-01 -3.189976215362548828e-01
7.594926357269287109e-01 -7.215686440467834473e-01
9.538841433823108673e-03 -5.764593556523323059e-02
5.625160336494445801e-01 -7.151855230331420898e-01
-1.933539211750030518e-01 1.451229155063629150e-01
-3.399131298065185547e-01 4.724285602569580078e-01
3.949843049049377441e-01 -1.837906092405319214e-01
-6.946648657321929932e-02 2.294670492410659790e-01
-4.325310885906219482e-01 4.529629945755004883e-01
1.860440224409103394e-01 -7.358376681804656982e-02
1.767938882112503052e-01 -2.393638640642166138e-01
7.744766473770141602e-01 -6.788157820701599121e-01
1.036327242851257324e+00 -7.343558073043823242e-01
-3.702222183346748352e-02 1.491990685462951660e-01
4.708179458975791931e-02 -4.973849654197692871e-02
-5.660127401351928711e-01 4.451642632484436035e-01
-1.693006721325218678e-03 -1.122261062264442444e-01
2.640661895275115967e-01 -3.971097767353057861e-01
-6.230474114418029785e-01 4.976356029510498047e-01
-5.362135171890258789e-01 4.269699454307556152e-01
-8.355520367622375488e-01 6.932571530342102051e-01
7.818510532379150391e-01 -5.683132410049438477e-01
3.260628581047058105e-01 -3.539016544818878174e-01
-3.578212559223175049e-01 4.571299850940704346e-01
-5.988274514675140381e-02 4.437024891376495361e-02
-1.450174599885940552e-01 1.695370674133300781e-01
-6.514264345169067383e-01 6.457706093788146973e-01
4.359482824802398682e-01 -4.378295838832855225e-01
6.493952125310897827e-02 1.329286396503448486e-01
-2.531603574752807617e-01 4.462422430515289307e-01
-2.409526407718658447e-01 1.784068644046783447e-01
-1.724239625036716461e-02 -1.066656559705734253e-01
3.453696966171264648e-01 -3.170185685157775879e-01
1.003824397921562195e-01 -1.752717792987823486e-01
-3.768049478530883789e-01 2.664413154125213623e-01
-1.450581550598144531e-01 1.477200239896774292e-01
3.346660137176513672e-01 -2.344132959842681885e-01
-1.376705989241600037e-02 1.350712627172470093e-01
8.662674576044082642e-02 -1.757799088954925537e-01
5.490576848387718201e-02 -1.788378953933715820e-01
-1.979703456163406372e-02 1.407320648431777954e-01
2.827542461454868317e-02 -9.532491117715835571e-02
-1.284169852733612061e-01 1.766065657138824463e-01
1.233821436762809753e-01 -8.372125215828418732e-03
1.712829619646072388e-01 -2.814660966396331787e-01
1.566494703292846680e-01 -1.255216896533966064e-01
-1.972826868295669556e-01 6.426835805177688599e-02
6.468027085065841675e-02 1.398777309805154800e-02
3.608245551586151123e-01 -2.270756959915161133e-01
-3.403125703334808350e-01 3.972868919372558594e-01
1.330227255821228027e-01 -4.422196373343467712e-02
-2.902814149856567383e-01 3.151471912860870361e-01
1.604327708482742310e-01 -2.208559401333332062e-02
5.025262013077735901e-02 -8.606895059347152710e-02
1.754479557275772095e-01 -1.638654023408889771e-01
-2.200337648391723633e-01 1.265498623251914978e-02
3.365649580955505371e-01 -1.805544942617416382e-01
1.062702946364879608e-02 9.321918338537216187e-02
2.815161049365997314e-01 -2.270762324333190918e-01
-1.473615784198045731e-02 1.874478757381439209e-01
9.752079844474792480e-02 4.103519022464752197e-02
1.497588455677032471e-01 -2.042917758226394653e-01
1.021809577941894531e-01 -9.260395914316177368e-02
2.321331501007080078e-01 -4.358753561973571777e-01
7.517465949058532715e-02 -9.734274446964263916e-02
5.358850359916687012e-01 -4.824851751327514648e-01
6.540693342685699463e-02 -6.451355665922164917e-02
2.007668763399124146e-01 -1.521406918764114380e-01
1.201820001006126404e-02 -1.119496580213308334e-02
-2.505397796630859375e-01 6.221744045615196228e-02
3.334028422832489014e-01 -1.664665192365646362e-01
3.701625019311904907e-02 -1.253620386123657227e-01
-4.233780503273010254e-01 3.758893013000488281e-01
3.575122058391571045e-01 -1.059480533003807068e-01
3.114412128925323486e-01 -1.351767331361770630e-01
1.811720132827758789e-01 -2.562006413936614990e-01
8.219610899686813354e-02 1.594351418316364288e-02
-1.306350380182266235e-01 3.020344674587249756e-02
5.063639879226684570e-01 -3.450375199317932129e-01
1.621030271053314209e-01 -2.847145199775695801e-01
2.131316959857940674e-01 -1.797158829867839813e-02
-3.748022764921188354e-02 9.517952054738998413e-02
-4.583407342433929443e-01 4.199158251285552979e-01
-2.210701406002044678e-01 1.052903905510902405e-01
-1.644473075866699219e-01 3.118463754653930664e-01
-9.350813925266265869e-02 1.712801158428192139e-01
3.765040338039398193e-01 -3.681671619415283203e-01
3.260711906477808952e-03 1.194548532366752625e-01
2.876774370670318604e-01 -9.861001744866371155e-03
3.093217611312866211e-01 -3.149620890617370605e-01
1.825720071792602539e-01 9.209738671779632568e-02
