-1.069165319204330444e-01 -2.782530188560485840e-01
-9.856308996677398682e-02 -6.915292143821716309e-02
-4.690963774919509888e-02 -2.294863462448120117e-01
-1.944162994623184204e-01 -2.501960657536983490e-02
1.050673574209213257e-01 -1.189063768833875656e-02
2.385065406560897827e-01 -1.571790426969528198e-01
9.493353217840194702e-02 -9.939853101968765259e-02
7.994022965431213379e-02 6.902623176574707031e-02
-8.154215663671493530e-02 9.119681268930435181e-02
-1.012810394167900085e-01 -3.760534152388572693e-02
1.103468090295791626e-01 -2.244352847337722778e-01
1.401080936193466187e-01 -1.788985133171081543e-01
-1.945126652717590332e-01 6.500902771949768066e-02
-1.068374589085578918e-01 -1.791520416736602783e-02
-1.721398681402206421e-01 4.331250116229057312e-02
-8.175549656152725220e-02 5.683505535125732422e-02
-2.116895467042922974e-01 9.029167145490646362e-02
-1.658842563629150391e-01 -6.602901965379714966e-03
1.350912302732467651e-01 -6.304123252630233765e-02
1.849196106195449829e-02 -2.582928538322448730e-02
-3.302549570798873901e-02 2.934351190924644470e-02
-9.132481366395950317e-02 1.652941107749938965e-01
2.455491200089454651e-02 -1.977206319570541382e-01
-8.095658570528030396e-02 2.066211402416229248e-01
2.659610286355018616e-02 4.206573218107223511e-02
-7.003404200077056885e-02 -1.987436087802052498e-03
5.480300635099411011e-03 -2.199774682521820068e-01
5.909188464283943176e-02 7.184122223407030106e-03
6.524543464183807373e-02 1.394149195402860641e-02
1.906751692295074463e-01 -1.292710304260253906e-01
1.998492926359176636e-01 8.830740116536617279e-03
4.245414957404136658e-02 -9.734830260276794434e-02
4.108224064111709595e-02 -2.590245902538299561e-01
3.133636340498924255e-02 1.165866255760192871e-01
3.677191212773323059e-02 -2.386024743318557739e-01
-2.098220437765121460e-01 3.871947899460792542e-02
-5.266291648149490356e-02 1.051785647869110107e-01
2.686006575822830200e-02 2.117219008505344391e-02
-7.446900755167007446e-02 1.058044731616973877e-01
1.207329258322715759e-01 1.131474738940596581e-03
-3.700853139162063599e-02 9.047061949968338013e-02
6.260965764522552490e-02 1.272048503160476685e-01
1.671356409788131714e-01 -6.689263135194778442e-02
-2.099315673112869263e-01 1.181669831275939941e-01
-1.956083327531814575e-01 9.141319245100021362e-02
-1.052723824977874756e-01 1.004818230867385864e-01
-8.439280837774276733e-02 6.802940368652343750e-02
1.274478714913129807e-02 6.806550174951553345e-02
1.036466583609580994e-01 3.267670050263404846e-02
-6.713287532329559326e-02 1.771721094846725464e-01
1.191027685999870300e-01 6.743444502353668213e-02
3.137674927711486816e-02 2.231542393565177917e-02
-1.927388906478881836e-01 2.128138393163681030e-01
-9.867302328348159790e-02 1.483638286590576172e-01
1.528083980083465576e-01 -1.843986064195632935e-01
-1.579970717430114746e-01 5.681101232767105103e-03
-2.104584276676177979e-01 1.536214351654052734e-01
-2.251864224672317505e-02 5.729769915342330933e-02
4.100370779633522034e-02 9.481678158044815063e-02
-1.858639717102050781e-01 1.225156858563423157e-01
1.010613888502120972e-01 -3.780181705951690674e-02
-5.987340584397315979e-02 1.483576595783233643e-01
-5.317968502640724182e-02 7.796547561883926392e-02
1.982693523168563843e-01 -1.609449237585067749e-01
-1.001452803611755371e-01 4.449914023280143738e-02
-2.927194535732269287e-01 -8.285366930067539215e-03
1.195663660764694214e-01 -2.243903130292892456e-01
9.373971074819564819e-02 -5.089662596583366394e-02
-3.089771568775177002e-01 2.592272758483886719e-01
1.978754848241806030e-01 -1.868000775575637817e-01
-1.840079575777053833e-02 6.236936524510383606e-02
1.404199302196502686e-01 -1.167324036359786987e-01
-2.589402198791503906e-01 1.039709821343421936e-01
-9.010633826255798340e-02 5.396275594830513000e-02
6.793973594903945923e-02 4.468603059649467468e-02
-5.539757013320922852e-02 -1.394813787192106247e-02
-3.235842287540435791e-01 1.639959812164306641e-01
2.319459170103073120e-01 -1.316000819206237793e-01
-1.418024152517318726e-01 1.306571215391159058e-01
2.493548393249511719e-01 -3.106981888413429260e-02
-4.561495780944824219e-02 1.076930165290832520e-01
-3.378396034240722656e-01 2.707907259464263916e-01
2.880703806877136230e-01 -1.053083762526512146e-01
1.137359738349914551e-01 -1.552170068025588989e-01
1.440089941024780273e-01 -1.753682941198348999e-01
1.936024986207485199e-02 -1.368830911815166473e-02
-2.079782634973526001e-02 -1.515646576881408691e-01
-3.215077891945838928e-02 -3.781957551836967468e-02
-2.523317635059356689e-01 1.505730450153350830e-01
3.836539108306169510e-03 -1.112300083041191101e-01
1.164448186755180359e-01 1.413806690834462643e-03
-2.372053638100624084e-02 1.317833922803401947e-02
1.158369630575180054e-01 -1.459778249263763428e-01
2.282658666372299194e-01 -1.298991292715072632e-01
-4.830631241202354431e-02 5.369926989078521729e-02
-1.376077383756637573e-01 6.516550481319427490e-02
4.654461517930030823e-02 -1.819878071546554565e-01
-1.800333857536315918e-01 1.752840131521224976e-01
-7.285243272781372070e-02 7.006905227899551392e-02
-1.230571046471595764e-01 1.402485817670822144e-01
-8.066711574792861938e-02 1.557863801717758179e-01
1.465606987476348877e-01 8.131105452775955200e-02
-9.345377236604690552e-02 6.792358309030532837e-02
1.734312325716018677e-01 -1.951976306736469269e-02
-2.980356812477111816e-01 1.496850252151489258e-01
-1.972914785146713257e-01 1.589090377092361450e-01
-1.180368214845657349e-01 2.206699848175048828e-01
-9.966085851192474365e-02 2.791788578033447266e-01
-1.382251679897308350e-01 1.840261928737163544e-02
2.703151702880859375e-01 -2.442949414253234863e-01
-2.997675724327564240e-02 -1.357236206531524658e-01
1.492038518190383911e-01 -3.528989618644118309e-03
1.234479770064353943e-01 -1.797407567501068115e-01
-3.102669119834899902e-01 1.601367890834808350e-01
4.467681422829627991e-02 -1.353194117546081543e-01
1.605196855962276459e-02 -1.126154139637947083e-01
7.766309380531311035e-02 -1.999309211969375610e-01
1.463887542486190796e-01 -8.843600004911422729e-02
1.623206436634063721e-01 -3.110334873199462891e-01
-2.732442319393157959e-01 2.717188000679016113e-01
5.041024088859558105e-02 -1.530511081218719482e-01
1.598946154117584229e-01 -4.039874300360679626e-02
-2.861526906490325928e-01 7.467473298311233521e-02
-2.684751152992248535e-01 1.349650770425796509e-01
1.179128587245941162e-01 -2.719121277332305908e-01
2.303555309772491455e-01 -1.837342232465744019e-01
8.051203191280364990e-02 -7.580203562974929810e-02
1.610134094953536987e-01 -1.409258544445037842e-01
2.085463255643844604e-01 -2.474723756313323975e-01
5.134516209363937378e-02 -7.504644244909286499e-02
8.188421279191970825e-02 -9.703462570905685425e-02
-8.284336328506469727e-02 1.186463981866836548e-01
1.228576079010963440e-01 -7.097195833921432495e-02
2.379805594682693481e-01 -2.627975121140480042e-02
1.338247954845428467e-01 -1.695909053087234497e-01
6.082839518785476685e-02 1.392463408410549164e-02
-1.271957308053970337e-01 1.134551689028739929e-01
-2.374799102544784546e-01 4.705270379781723022e-02
1.491780728101730347e-01 -3.106236159801483154e-01
1.548512428998947144e-01 -9.318169951438903809e-02
-1.219593137502670288e-01 -7.072748243808746338e-02
-8.838146179914474487e-02 -1.393323242664337158e-01
-3.037123382091522217e-01 1.314640045166015625e-01
-2.407860606908798218e-01 5.828962661325931549e-03
-1.591744273900985718e-01 8.411008119583129883e-02
-1.219786703586578369e-01 9.322971105575561523e-02
1.963993757963180542e-01 -8.129064738750457764e-02
3.182251155376434326e-01 -5.895808711647987366e-02
-1.170189380645751953e-01 3.376023098826408386e-02
-4.974494222551584244e-03 -5.539213120937347412e-02
4.233504831790924072e-02 5.154653638601303101e-02
-9.338640421628952026e-02 3.725011274218559265e-02
1.055323258042335510e-01 5.515969917178153992e-02
-2.751151323318481445e-01 3.442406952381134033e-01
-1.034721583127975464e-01 -1.783759216777980328e-03
-8.386600017547607422e-02 -9.400954842567443848e-02
1.716471277177333832e-02 3.754450008273124695e-02
6.657209992408752441e-02 -1.678628474473953247e-01
-2.025786414742469788e-02 -1.028865054249763489e-01
-5.286945495754480362e-03 1.706657260656356812e-01
1.071522664278745651e-02 1.286495327949523926e-01
-2.336900681257247925e-01 1.128977984189987183e-01
-1.475589275360107422e-01 -6.408131122589111328e-02
-9.230662137269973755e-02 2.196707762777805328e-02
-7.607126981019973755e-02 7.627107203006744385e-02
1.142734140157699585e-01 -1.198260020464658737e-02
-7.519952952861785889e-02 5.400065332651138306e-02
7.953418046236038208e-02 -1.054904088377952576e-01
5.147444084286689758e-02 6.589118391275405884e-03
-8.762346208095550537e-02 -6.262594461441040039e-02
-3.527500852942466736e-02 1.752278357744216919e-01
-6.151572242379188538e-02 1.341391261667013168e-02
-1.130575761198997498e-01 7.878612726926803589e-02
4.049499705433845520e-02 3.586023673415184021e-02
-2.920971810817718506e-02 3.876821324229240417e-02
1.218018904328346252e-01 -5.754978209733963013e-02
3.288714215159416199e-02 -1.289295256137847900e-01
1.853108257055282593e-01 3.835694491863250732e-02
6.832052767276763916e-02 -1.441687494516372681e-01
-3.119603917002677917e-02 -1.450000107288360596e-01
-7.646512240171432495e-02 2.557626068592071533e-01
-2.023152410984039307e-01 1.096095815300941467e-01
1.239496022462844849e-01 -5.123045295476913452e-02
2.301226556301116943e-02 1.532125473022460938e-01
2.735469862818717957e-02 6.209888309240341187e-02
-1.557401120662689209e-01 2.807932198047637939e-01
-1.741466857492923737e-02 5.178267601877450943e-03
-1.664160788059234619e-01 -1.049480959773063660e-01
-1.259748190641403198e-01 7.224004715681076050e-02
1.505113840103149414e-01 5.237459391355514526e-02
-1.008868366479873657e-01 1.857063733041286469e-02
4.069603513926267624e-03 -9.624262154102325439e-02
-5.217978358268737793e-02 -6.365010887384414673e-02
-1.060020774602890015e-01 8.330443501472473145e-02
-1.553268581628799438e-01 9.438732266426086426e-02
-5.020242184400558472e-02 -2.343935333192348480e-02
-9.097903966903686523e-02 3.685804456472396851e-02
1.179052069783210754e-01 1.183012276887893677e-01
-1.144561916589736938e-01 -1.220754832029342651e-01
-1.882223933935165405e-01 -3.491359762847423553e-03
1.594189926981925964e-02 1.816245540976524353e-02
1.475741565227508545e-01 -9.796760976314544678e-02
-1.647458672523498535e-01 1.272809598594903946e-02
1.931753940880298615e-04 -6.672097742557525635e-02
-1.201019063591957092e-01 1.159261763095855713e-01
-2.978368997573852539e-01 1.104727312922477722e-01
2.736741909757256508e-03 -4.876494780182838440e-02
-8.200231194496154785e-02 7.814447395503520966e-03
-1.468395143747329712e-01 1.323106437921524048e-01
-2.863793633878231049e-02 5.212834570556879044e-03
2.837171778082847595e-02 -4.823493212461471558e-02
2.001187801361083984e-01 -5.067867785692214966e-02
-1.622759103775024414e-01 8.655508607625961304e-02
-3.723074449226260185e-03 -9.945838153362274170e-02
7.275517284870147705e-02 -1.843728870153427124e-02
8.686150424182415009e-03 -1.935687214136123657e-01
1.425332129001617432e-01 -1.502909958362579346e-01
8.167655766010284424e-02 -1.239586994051933289e-01
9.232120215892791748e-02 1.462331600487232208e-02
2.691392414271831512e-02 -1.588192880153656006e-01
4.102118313312530518e-02 1.403541713953018188e-01
1.660872995853424072e-01 -4.730796813964843750e-02
-6.093828380107879639e-02 -4.122331365942955017e-02
-6.798819452524185181e-02 -9.613291919231414795e-02
-1.236911164596676826e-03 1.396238356828689575e-01
-8.728662133216857910e-02 1.087113395333290100e-01
-8.623603731393814087e-02 3.493818268179893494e-02
1.481695175170898438e-01 -2.689667642116546631e-01
5.912381410598754883e-02 -9.400010854005813599e-02
1.320910751819610596e-01 -1.020295098423957825e-01
6.655417382717132568e-03 8.635805547237396240e-02
-5.008849874138832092e-02 1.817478388547897339e-01
-4.753390327095985413e-02 1.525963395833969116e-01
7.095596753060817719e-03 -7.101554423570632935e-02
-6.170789152383804321e-02 1.726499348878860474e-01
8.965397626161575317e-02 2.813060022890567780e-02
-2.887953445315361023e-02 1.444024592638015747e-01
-2.246324419975280762e-01 -6.655642646364867687e-04
2.336376905441284180e-02 1.725601963698863983e-02
2.364050224423408508e-02 -1.382503360509872437e-01
-7.756169140338897705e-02 8.402149379253387451e-02
9.854695200920104980e-02 -1.017449796199798584e-01
6.992467492818832397e-02 -2.584673464298248291e-02
-8.420638623647391796e-04 -4.606358706951141357e-02
1.177628338336944580e-01 -1.484955549240112305e-01
1.538561377674341202e-02 7.653498649597167969e-02
1.004259288311004639e-01 -2.621485292911529541e-02
1.143554300069808960e-01 1.360970586538314819e-01
2.782925069332122803e-01 -1.287125945091247559e-01
8.269741386175155640e-02 -1.485247761011123657e-01
-1.378408074378967285e-01 1.746918191201984882e-03
-1.462442725896835327e-01 9.669394791126251221e-02
1.655348092317581177e-01 1.648564636707305908e-01
-1.938825249671936035e-01 2.842848896980285645e-01
-2.156754583120346069e-01 1.566774398088455200e-01
1.069363653659820557e-01 -3.311034142971038818e-01
