-8.182511478662490845e-02 3.000401332974433899e-02
-1.179321929812431335e-01 -2.908972837030887604e-02
1.231060400605201721e-01 -4.087832197546958923e-02
1.558446884155273438e-01 -1.978927403688430786e-01
1.863132417201995850e-02 5.565144121646881104e-02
-9.918922185897827148e-02 2.870584838092327118e-02
-3.376848697662353516e-01 8.416745811700820923e-02
1.659457236528396606e-01 -1.379352360963821411e-01
-8.262079954147338867e-02 1.321081966161727905e-01
1.117754876613616943e-01 -4.761554300785064697e-02
1.459209173917770386e-01 -1.460627168416976929e-01
-1.470834910869598389e-01 2.740293443202972412e-01
-1.396490335464477539e-01 2.493933588266372681e-02
-3.285750374197959900e-02 -1.597047746181488037e-01
-1.078279037028551102e-02 1.828664168715476990e-02
-1.083032041788101196e-01 8.420228213071823120e-02
-5.266602966003119946e-04 3.862843662500381470e-02
2.327279895544052124e-01 -1.351477056741714478e-01
5.681823939085006714e-03 -7.907177507877349854e-02
1.698757112026214600e-01 -2.204559296369552612e-01
-4.592093452811241150e-02 -2.054823562502861023e-02
-6.455264240503311157e-02 2.622916400432586670e-01
-2.111615240573883057e-01 1.635137349367141724e-01
2.902849614620208740e-01 -5.868421122431755066e-02
-8.901622146368026733e-02 7.126564532518386841e-02
2.388210296630859375e-01 -2.094275951385498047e-01
-2.790089547634124756e-01 1.688045859336853027e-01
-1.416425257921218872e-01 5.664035305380821228e-02
9.568740427494049072e-02 7.753735873848199844e-03
1.164213567972183228e-02 1.050302907824516296e-01
2.101395465433597565e-02 2.262348830699920654e-01
1.183560788631439209e-01 -1.530068516731262207e-01
1.330867409706115723e-01 -1.992713212966918945e-01
-6.401053071022033691e-02 1.134394034743309021e-01
2.310807257890701294e-01 -2.026452273130416870e-01
-1.572538353502750397e-02 8.544730395078659058e-02
-2.853946387767791748e-01 2.219412326812744141e-01
1.879828125238418579e-01 -2.530271559953689575e-02
-6.504403054714202881e-02 -4.782683029770851135e-02
-2.556931078433990479e-01 3.704688251018524170e-01
9.842381626367568970e-02 4.455756768584251404e-02
1.980478018522262573e-01 -2.906337194144725800e-02
9.039080888032913208e-02 -1.135780848562717438e-02
-6.850637495517730713e-02 -2.213507890701293945e-01
1.068322509527206421e-01 -5.157535150647163391e-02
3.654875978827476501e-02 -3.309290111064910889e-02
-8.017649501562118530e-02 1.715252846479415894e-01
-6.643864512443542480e-02 1.040681600570678711e-01
-1.197210326790809631e-01 1.098056882619857788e-01
-2.115076035261154175e-01 1.064335629343986511e-01
-2.985915839672088623e-01 2.079737335443496704e-01
2.258795350790023804e-01 -8.826052397489547729e-02
-4.987595602869987488e-02 7.100861519575119019e-02
3.281434997916221619e-02 -7.381734997034072876e-02
-3.693611919879913330e-02 9.041151404380798340e-02
3.148408606648445129e-02 -1.845463514328002930e-01
-3.585845977067947388e-02 -3.915137797594070435e-02
3.013705834746360779e-02 -1.175969168543815613e-01
-1.257547289133071899e-01 1.112742442637681961e-02
-9.361281245946884155e-02 -1.575630344450473785e-02
-2.684613689780235291e-02 2.026126980781555176e-01
-4.338587448000907898e-02 -1.462485082447528839e-02
-2.295752167701721191e-01 2.234354764223098755e-01
1.479105949401855469e-01 7.477714866399765015e-02
2.991380393505096436e-01 -1.662601381540298462e-01
-1.197373494505882263e-03 6.616096943616867065e-02
2.413332909345626831e-01 -1.896642148494720459e-01
-9.148682653903961182e-02 -7.249069865792989731e-03
-8.046381920576095581e-02 8.531955070793628693e-03
-1.251183450222015381e-01 -2.711861580610275269e-02
-2.963094785809516907e-02 1.206568907946348190e-03
-6.131161376833915710e-02 -1.513559073209762573e-01
-1.584941595792770386e-01 1.938395649194717407e-01
2.087710797786712646e-01 -1.444623619318008423e-01
-3.102253377437591553e-02 -6.115606520324945450e-03
2.845049835741519928e-02 -1.273936182260513306e-01
5.541107151657342911e-03 9.088033437728881836e-02
-8.684815256856381893e-04 1.868879050016403198e-01
-7.097567617893218994e-02 -1.094363480806350708e-01
1.342113167047500610e-01 4.896970838308334351e-02
-1.359583437442779541e-01 4.102280735969543457e-02
2.805715203285217285e-01 -2.528100609779357910e-01
-2.278280109167098999e-01 -8.476134389638900757e-02
3.421085774898529053e-01 -1.790359616279602051e-01
-1.538880765438079834e-01 1.225252375006675720e-01
-8.999588340520858765e-02 1.334615945816040039e-01
-3.380667790770530701e-02 8.741877973079681396e-02
-5.460921674966812134e-02 -3.066166117787361145e-02
2.241474241018295288e-01 -2.460588365793228149e-01
-3.653131052851676941e-02 5.458261817693710327e-02
-1.627517640590667725e-01 3.871783614158630371e-02
-1.020906865596771240e-01 2.053575217723846436e-01
-3.017385303974151611e-01 1.677777171134948730e-01
-2.760351262986660004e-02 -3.237612172961235046e-02
1.140187010169029236e-01 -1.976924017071723938e-02
1.395690739154815674e-01 -7.465910911560058594e-02
-1.503560692071914673e-01 1.527207195758819580e-01
6.752137094736099243e-02 -6.161981727927923203e-03
2.940362691879272461e-01 -1.134327203035354614e-01
2.869189903140068054e-02 -2.332294732332229614e-01
2.700160443782806396e-02 3.862062096595764160e-02
5.094442889094352722e-02 -6.462450325489044189e-02
-7.408048957586288452e-02 -9.883867949247360229e-02
-1.230714097619056702e-01 2.358197271823883057e-01
-1.208441555500030518e-01 -4.663205519318580627e-02
-8.169977366924285889e-02 9.837702661752700806e-02
-7.580705732107162476e-02 2.519931495189666748e-01
-1.397451311349868774e-01 -1.241410672664642334e-01
-1.632083803415298462e-01 1.228875517845153809e-01
1.040554717183113098e-01 -3.509132191538810730e-02
-9.666546247899532318e-03 4.354768991470336914e-02
-1.235980466008186340e-01 -1.278457492589950562e-01
-1.252225935459136963e-01 2.348532676696777344e-01
7.091742753982543945e-02 -1.178234890103340149e-01
-2.597278058528900146e-01 2.864011526107788086e-01
2.202204465866088867e-01 -5.726757273077964783e-02
2.688500881195068359e-01 -5.435987934470176697e-02
-8.415614068508148193e-02 8.408103138208389282e-02
5.601965636014938354e-02 -3.864065557718276978e-02
1.021840870380401611e-01 -3.088568747043609619e-01
-5.522922053933143616e-02 -4.621535912156105042e-02
9.912330657243728638e-02 -3.211701512336730957e-01
-1.081617027521133423e-01 6.608507782220840454e-02
1.537938416004180908e-01 -7.869911193847656250e-02
2.066272944211959839e-01 -1.180902719497680664e-01
8.463393151760101318e-02 2.936889044940471649e-02
-1.316093951463699341e-01 4.795668274164199829e-02
-2.059352397918701172e-01 2.692308425903320312e-01
-7.398866117000579834e-02 -4.230845719575881958e-02
-8.118100464344024658e-02 1.241944953799247742e-01
8.608561009168624878e-03 -3.860519453883171082e-02
-1.750331372022628784e-01 8.269944787025451660e-02
-1.397188752889633179e-01 3.543990105390548706e-02
-2.452778518199920654e-01 1.951099783182144165e-01
-4.735440388321876526e-02 -1.713495515286922455e-02
-1.133855506777763367e-01 6.553474068641662598e-02
-2.542285947129130363e-03 -7.109361886978149414e-02
4.222276806831359863e-02 -1.059420108795166016e-01
1.946623995900154114e-02 -1.741871088743209839e-01
4.186420887708663940e-02 2.122582681477069855e-02
-5.947095900774002075e-02 2.524004280567169189e-01
-9.613449126482009888e-02 -9.298373758792877197e-02
-4.910957813262939453e-02 -5.488822236657142639e-02
3.106094002723693848e-01 -2.278362214565277100e-01
-2.438798919320106506e-02 -1.482372879981994629e-01
2.902207672595977783e-01 -1.980460435152053833e-01
-3.052166476845741272e-02 -2.468903809785842896e-01
2.438068091869354248e-01 -1.548030376434326172e-01
-1.291721761226654053e-01 3.482446074485778809e-02
-1.746992021799087524e-01 1.084505543112754822e-01
-1.305964291095733643e-01 1.714173704385757446e-01
2.352840080857276917e-02 -1.020879372954368591e-01
-1.298809349536895752e-01 -1.614840514957904816e-02
-5.759968236088752747e-02 1.844866424798965454e-01
-3.885743021965026855e-01 1.569221168756484985e-01
4.980196803808212280e-02 -3.447077423334121704e-02
-2.747322916984558105e-01 1.742270886898040771e-01
-2.694802582263946533e-01 2.191990464925765991e-01
-2.324468940496444702e-01 1.137225404381752014e-01
1.935260742902755737e-01 -2.324365526437759399e-01
1.913599967956542969e-01 -1.597504913806915283e-01
-5.068875849246978760e-02 6.715787108987569809e-03
-3.616273030638694763e-02 8.413305133581161499e-02
-2.537250816822052002e-01 2.020683884620666504e-01
-2.406658977270126343e-02 1.336095184087753296e-01
1.313053220510482788e-01 -1.989216208457946777e-01
-9.691090881824493408e-02 1.933995187282562256e-01
-3.011528588831424713e-02 -2.334670275449752808e-01
1.440780889242887497e-02 2.501549758017063141e-02
2.112947702407836914e-01 -1.060392633080482483e-01
6.208068504929542542e-02 -8.065298199653625488e-02
-1.402807515114545822e-02 -1.479800194501876831e-01
-9.694114327430725098e-02 5.255739763379096985e-02
5.414945632219314575e-02 3.828132152557373047e-02
3.238596022129058838e-02 5.804428085684776306e-02
-4.164524003863334656e-02 3.673332557082176208e-02
-1.813458949327468872e-01 1.756562739610671997e-01
-2.397014200687408447e-02 -6.012499332427978516e-02
2.111688703298568726e-01 -1.330563127994537354e-01
-5.911446735262870789e-02 -3.706092759966850281e-02
-3.601603209972381592e-02 -3.351582586765289307e-02
1.626103967428207397e-01 -1.156172826886177063e-01
-3.065121769905090332e-01 1.134279146790504456e-01
2.772882580757141113e-01 -3.243303596973419189e-01
-3.066083490848541260e-01 1.239887624979019165e-01
1.520617157220840454e-01 -1.220614314079284668e-01
1.544371154159307480e-02 -2.621485888957977295e-01
-2.445391267538070679e-01 3.191864490509033203e-02
6.514905393123626709e-02 -4.128846153616905212e-02
-1.028438881039619446e-01 1.231847703456878662e-01
-5.058655887842178345e-02 9.129930287599563599e-03
3.041772171854972839e-02 -3.133868277072906494e-01
1.652689576148986816e-01 6.777540594339370728e-02
1.384048610925674438e-01 -1.519687324762344360e-01
-5.271961912512779236e-02 -2.023201808333396912e-02
2.577221989631652832e-01 -2.590282633900642395e-02
1.495766546577215195e-02 3.001870587468147278e-02
-2.207739651203155518e-01 2.994318902492523193e-01
-1.548022031784057617e-01 -6.018813699483871460e-03
-7.090735435485839844e-02 -3.815664723515510559e-02
9.556554257869720459e-02 8.812621980905532837e-02
3.203945932909846306e-03 1.434727851301431656e-02
3.777783596888184547e-03 -1.404172629117965698e-01
2.795954933390021324e-03 5.465926229953765869e-02
-5.236937105655670166e-02 1.158067211508750916e-01
1.591330617666244507e-01 -1.140157133340835571e-01
1.135966405272483826e-01 -5.790067836642265320e-02
1.442065387964248657e-01 -4.227169230580329895e-02
2.535156309604644775e-01 -8.690916746854782104e-02
3.891877830028533936e-01 -1.315905898809432983e-01
-1.818685047328472137e-02 -7.583393901586532593e-02
-1.479889918118715286e-02 -9.336451068520545959e-03
-9.478140622377395630e-02 1.511442065238952637e-01
-1.790046095848083496e-01 1.292272955179214478e-01
-4.041197299957275391e-01 3.389592170715332031e-01
6.314232200384140015e-02 -2.589521110057830811e-01
-1.095772460103034973e-01 -7.778092473745346069e-02
1.308747529983520508e-01 -9.294223040342330933e-02
-3.788785040378570557e-01 2.019096314907073975e-01
2.040524035692214966e-02 -6.516425404697656631e-03
-4.074260592460632324e-02 4.483804106712341309e-03
-8.728554099798202515e-02 3.201564550399780273e-01
-1.826021075248718262e-01 2.308526188135147095e-01
7.759118080139160156e-02 -9.132365882396697998e-02
1.152173951268196106e-01 -6.676731258630752563e-02
1.459520608186721802e-01 -1.222049072384834290e-01
1.053729727864265442e-01 -7.463975250720977783e-02
5.819746106863021851e-02 1.286425255239009857e-02
-4.880501702427864075e-02 3.114407137036323547e-02
-7.747311890125274658e-02 4.753363505005836487e-02
-1.145746186375617981e-01 -6.978742033243179321e-02
1.205108873546123505e-02 4.539696127176284790e-02
9.210860356688499451e-03 -2.878486365079879761e-02
4.863853007555007935e-02 -9.183496236801147461e-02
5.563813447952270508e-02 2.729806005954742432e-01
1.245197746902704239e-02 3.766239434480667114e-02
-5.797623842954635620e-02 -5.543120577931404114e-02
5.463191866874694824e-02 6.329639256000518799e-02
-3.251861408352851868e-02 -2.856804132461547852e-01
-1.739940494298934937e-01 2.178791351616382599e-02
1.096451058983802795e-01 -2.227254807949066162e-01
-2.708104848861694336e-01 2.399636507034301758e-01
-1.913168430328369141e-01 1.239864230155944824e-01
-1.026246696710586548e-01 -8.428180008195340633e-04
-1.390802115201950073e-01 1.506257951259613037e-01
2.704093791544437408e-02 -2.908317148685455322e-01
-1.063509956002235413e-01 1.909953914582729340e-02
1.112975329160690308e-01 1.078820135444402695e-02
-5.698915943503379822e-02 2.517151273787021637e-02
1.916498690843582153e-01 -1.960513740777969360e-01
4.697820171713829041e-02 -1.512864679098129272e-01
-1.053060293197631836e-01 8.404391258955001831e-02
3.685398399829864502e-02 -1.079132407903671265e-02
-1.795314997434616089e-01 1.067239418625831604e-01
1.623132526874542236e-01 -2.519932687282562256e-01
9.906417131423950195e-02 3.888775780797004700e-02
