-2.433086931705474854e-01 2.371081858873367310e-01
4.453343525528907776e-02 -1.316935103386640549e-02
1.420529186725616455e-01 -1.387854665517807007e-01
-8.603748679161071777e-02 2.011027634143829346e-01
8.301437646150588989e-02 -2.646072208881378174e-01
2.528201341629028320e-01 -2.972000241279602051e-01
-3.136297762393951416e-01 2.824729979038238525e-01
2.630027197301387787e-02 -7.437830418348312378e-02
-1.509314626455307007e-01 8.454810082912445068e-02
6.487691402435302734e-02 -1.061022356152534485e-01
-2.886815369129180908e-02 2.547873258590698242e-01
3.537917435169219971e-01 -3.165746331214904785e-01
-2.439622431993484497e-01 1.439825445413589478e-01
-2.534943222999572754e-01 3.520397841930389404e-02
-5.477730035781860352e-01 4.178274571895599365e-01
6.963961571455001831e-02 7.902665436267852783e-02
1.221582069993019104e-01 -1.477957814931869507e-01
1.252159196883440018e-02 4.829746112227439880e-02
-1.126366108655929565e-02 -1.186277121305465698e-01
-1.054724901914596558e-01 1.852774620056152344e-01
-2.894418127834796906e-02 -2.249711751937866211e-02
7.078483700752258301e-02 -1.370328366756439209e-01
7.423333078622817993e-02 2.396111562848091125e-02
-1.097614094614982605e-01 1.801738440990447998e-01
-7.138661295175552368e-02 5.174924433231353760e-02
-6.331138312816619873e-02 -1.620527505874633789e-01
2.306125611066818237e-01 -3.673613071441650391e-01
-1.599860042333602905e-01 -6.214461103081703186e-02
4.644877612590789795e-01 -3.381878435611724854e-01
-3.758622109889984131e-01 3.002403080463409424e-01
-2.685263454914093018e-01 3.460156023502349854e-01
3.710183203220367432e-01 -2.299731522798538208e-01
-1.434704065322875977e-01 6.571407616138458252e-02
-1.552114635705947876e-01 2.773095965385437012e-01
3.373688161373138428e-01 -5.974299907684326172e-01
2.594594061374664307e-01 -1.618614494800567627e-01
-1.955327987670898438e-01 1.556809246540069580e-01
1.713456809520721436e-01 -2.225843518972396851e-01
6.382660567760467529e-02 -1.593764573335647583e-01
-3.304075300693511963e-01 2.471256256103515625e-01
7.515075802803039551e-02 -1.768326759338378906e-01
-3.221547603607177734e-02 1.196550205349922180e-01
5.266923904418945312e-01 -3.810382187366485596e-01
8.738332241773605347e-02 -1.190401962958276272e-03
-1.138567999005317688e-01 -2.601256407797336578e-02
5.285909771919250488e-01 -5.288911461830139160e-01
-2.600520849227905273e-02 4.732974991202354431e-02
6.241847202181816101e-02 1.470306664705276489e-01
3.128599524497985840e-01 -4.579163193702697754e-01
4.047569260001182556e-02 1.169440802186727524e-02
-5.496050417423248291e-02 -1.562780886888504028e-01
-4.088831245899200439e-01 4.154059588909149170e-01
-1.211954280734062195e-02 1.205815821886062622e-01
-1.821443438529968262e-01 2.044161260128021240e-01
1.311103701591491699e-01 2.231287769973278046e-02
-8.874674141407012939e-02 1.152582168579101562e-01
2.847560644149780273e-01 -2.974904477596282959e-01
1.285571008920669556e-01 1.989935524761676788e-02
5.512425675988197327e-02 3.643594309687614441e-02
3.242788016796112061e-01 -2.924938499927520752e-01
2.713794410228729248e-01 -1.879643350839614868e-01
-2.052650004625320435e-01 5.183197855949401855e-01
1.269763428717851639e-02 -4.350579530000686646e-02
-2.687354385852813721e-01 -2.792492508888244629e-02
-8.803828358650207520e-01 6.837558746337890625e-01
3.661911189556121826e-01 -4.629717767238616943e-01
3.544486463069915771e-01 -4.190792739391326904e-01
-5.313518643379211426e-01 4.638705253601074219e-01
5.189189910888671875e-01 -6.352435946464538574e-01
-2.862443029880523682e-01 1.874649375677108765e-01
-5.316300392150878906e-01 7.347413897514343262e-01
-7.103451490402221680e-01 7.863288521766662598e-01
-5.697072744369506836e-01 5.190736651420593262e-01
9.244419932365417480e-01 -7.800232768058776855e-01
-4.445316493511199951e-01 3.435640335083007812e-01
-2.332753688097000122e-01 3.262466192245483398e-01
3.240712583065032959e-01 -2.513062655925750732e-01
-3.064259290695190430e-01 5.580308437347412109e-01
-1.961952745914459229e-01 2.470252811908721924e-01
3.437696695327758789e-01 -2.616186141967773438e-01
-3.590227961540222168e-01 3.476886749267578125e-01
-4.431301355361938477e-01 4.256029725074768066e-01
4.776047468185424805e-01 -6.569666266441345215e-01
-2.553488314151763916e-01 2.591395974159240723e-01
1.858976334333419800e-01 -1.513768285512924194e-01
-2.615415155887603760e-01 2.775562703609466553e-01
3.065660595893859863e-01 -3.399440348148345947e-01
-1.452663689851760864e-01 7.453279104083776474e-03
4.531598389148712158e-01 -4.600037932395935059e-01
-5.367551743984222412e-02 8.457340300083160400e-02
-2.883484363555908203e-01 3.794965147972106934e-01
-6.709247231483459473e-01 5.922639369964599609e-01
8.311198353767395020e-01 -9.531926512718200684e-01
-2.575093805789947510e-01 4.027971327304840088e-01
-4.476167559623718262e-01 5.393971800804138184e-01
1.556721478700637817e-01 4.250431433320045471e-03
4.578269720077514648e-01 -2.874437868595123291e-01
-6.068391203880310059e-01 5.140212178230285645e-01
3.238509893417358398e-01 -3.844018578529357910e-01
-2.008549273014068604e-01 3.454240858554840088e-01
-7.201498150825500488e-01 6.633397340774536133e-01
8.675623536109924316e-01 -6.439833641052246094e-01
1.608614474534988403e-01 -3.237427175045013428e-01
-8.676434159278869629e-01 7.590735554695129395e-01
3.627513945102691650e-01 -5.598401427268981934e-01
1.171068400144577026e-01 -2.402848005294799805e-01
-2.218932807445526123e-01 2.871946990489959717e-01
-2.710079252719879150e-01 2.853059768676757812e-01
-5.007380247116088867e-02 7.213050872087478638e-02
9.214279055595397949e-01 -9.069303274154663086e-01
3.194722905755043030e-02 -2.005725502967834473e-01
-2.506106197834014893e-01 1.236278340220451355e-01
1.682310104370117188e-01 -3.883905708789825439e-01
-3.455344438552856445e-01 1.079209148883819580e-01
4.156032502651214600e-01 -1.672489941120147705e-01
-1.430803686380386353e-01 3.021234273910522461e-01
-3.703997433185577393e-01 2.654678821563720703e-01
-4.678269475698471069e-02 1.210710629820823669e-01
-2.180753089487552643e-02 4.337540641427040100e-02
-3.955491259694099426e-02 1.849359720945358276e-01
7.079504132270812988e-01 -8.050168156623840332e-01
3.297366201877593994e-01 -5.593777820467948914e-02
-4.253040533512830734e-03 -3.846852853894233704e-02
-2.494899630546569824e-01 6.107353605329990387e-03
1.238571777939796448e-01 -1.587740331888198853e-01
-3.868934214115142822e-01 3.164475560188293457e-01
-1.776684820652008057e-01 1.740851402282714844e-01
-1.305219829082489014e-01 -6.718026101589202881e-02
-1.758631616830825806e-01 6.523775309324264526e-02
-1.609145700931549072e-01 1.879284381866455078e-01
1.997863203287124634e-01 -2.318579107522964478e-01
1.700206249952316284e-01 -2.080418467521667480e-01
2.641680538654327393e-01 -2.758007049560546875e-01
2.804548740386962891e-01 -3.934391438961029053e-01
4.028367251157760620e-02 -1.097467467188835144e-01
5.246508121490478516e-01 -6.763728260993957520e-01
2.986137568950653076e-01 -3.267500698566436768e-01
-3.304446935653686523e-01 5.204644203186035156e-01
-5.442365631461143494e-02 -7.019614428281784058e-02
1.982543468475341797e-01 6.644802540540695190e-02
-1.109958663582801819e-01 2.040274888277053833e-01
-4.044182896614074707e-01 4.467687904834747314e-01
-1.128124594688415527e-01 4.361929297447204590e-01
-1.705832630395889282e-01 7.660750299692153931e-02
-1.572947651147842407e-01 1.641720086336135864e-01
7.207341790199279785e-01 -8.701232671737670898e-01
3.539476171135902405e-02 -5.046913772821426392e-02
-3.771012648940086365e-03 -4.764731973409652710e-02
-4.094475805759429932e-01 4.132474362850189209e-01
-4.618048071861267090e-01 4.486589729785919189e-01
6.261333823204040527e-02 -2.074981778860092163e-01
3.545875549316406250e-01 -3.339953422546386719e-01
2.473421692848205566e-01 -5.716489627957344055e-02
-5.989426281303167343e-03 2.294040471315383911e-02
-2.734227478504180908e-01 2.571432888507843018e-01
-7.435938119888305664e-01 8.720608353614807129e-01
7.604789733886718750e-01 -6.397975087165832520e-01
3.010443150997161865e-01 -1.852429211139678955e-01
-5.999411344528198242e-01 6.320214271545410156e-01
3.370838239789009094e-02 -2.902408838272094727e-01
2.814250886440277100e-01 -1.919573694467544556e-01
-1.497307270765304565e-01 6.751401722431182861e-02
2.905115187168121338e-01 -1.486827135086059570e-01
-3.303671628236770630e-02 -1.234908401966094971e-01
-3.477511405944824219e-01 4.903026819229125977e-01
5.193194746971130371e-01 -5.761790275573730469e-01
2.274717837572097778e-01 -1.463192999362945557e-01
3.323313221335411072e-02 -9.037144482135772705e-02
5.039346814155578613e-01 -5.636287927627563477e-01
3.756771385669708252e-01 -2.124860286712646484e-01
-5.530223250389099121e-01 5.103609561920166016e-01
4.704720675945281982e-01 -6.300433278083801270e-01
-1.347709298133850098e-01 1.022847592830657959e-01
-1.001942320726811886e-03 -1.098327115178108215e-01
-1.704079657793045044e-01 5.250804498791694641e-02
-5.286749005317687988e-01 3.864073455333709717e-01
1.451972126960754395e-01 -1.019438579678535461e-01
4.467214047908782959e-01 -4.298695921897888184e-01
3.758942186832427979e-01 -5.030245780944824219e-01
-3.001641333103179932e-01 5.213332176208496094e-01
1.813762784004211426e-01 -2.373894900083541870e-01
-5.903403759002685547e-01 6.544690728187561035e-01
5.406033992767333984e-01 -4.538752436637878418e-01
-1.998986005783081055e-01 2.179145216941833496e-01
1.040915027260780334e-01 -1.756904870271682739e-01
-5.625314116477966309e-01 3.269622921943664551e-01
1.729698032140731812e-01 -1.734598875045776367e-01
1.712116301059722900e-01 -1.588341742753982544e-01
2.856075167655944824e-01 -4.292495548725128174e-01
-1.303976029157638550e-01 -9.910023957490921021e-02
4.450294971466064453e-01 -2.937787175178527832e-01
-2.902145981788635254e-01 -1.646032184362411499e-02
-8.499091863632202148e-02 -5.341057479381561279e-02
-1.132088676095008850e-01 -1.180440094321966171e-02
7.622921257279813290e-04 -1.591290533542633057e-01
-1.337313503026962280e-01 4.650599882006645203e-02
7.407683879137039185e-02 1.133712828159332275e-01
3.790791332721710205e-01 -3.385676145553588867e-01
-5.103991627693176270e-01 3.349516391754150391e-01
6.107689067721366882e-02 -1.720832288265228271e-01
1.455719470977783203e-01 6.261300295591354370e-02
1.354360021650791168e-02 1.864820122718811035e-01
-2.245920151472091675e-01 2.340492755174636841e-01
7.767745852470397949e-02 -4.130906611680984497e-02
-3.024898171424865723e-01 1.431756317615509033e-01
-6.885276734828948975e-02 9.356191754341125488e-02
-5.463164672255516052e-02 2.276746481657028198e-01
-3.237545788288116455e-01 2.210637331008911133e-01
-2.155296877026557922e-02 -1.162723824381828308e-01
3.493197858333587646e-01 -2.182510942220687866e-01
1.042337268590927124e-01 -1.029267720878124237e-02
-1.097141206264495850e-01 1.697695255279541016e-01
-8.480723202228546143e-02 1.780765950679779053e-01
-2.604241669178009033e-02 3.702330961823463440e-02
1.112501695752143860e-01 -1.577109545469284058e-01
3.466551303863525391e-01 -6.151890158653259277e-01
1.164445802569389343e-01 -1.971849501132965088e-01
-2.346734702587127686e-01 -7.333657145500183105e-02
5.976647883653640747e-02 -1.259571034461259842e-02
-5.428637862205505371e-01 4.487809538841247559e-01
-5.823401734232902527e-02 -7.183411158621311188e-03
3.715913370251655579e-02 8.828438073396682739e-02
-2.183142453432083130e-01 2.788833081722259521e-01
3.773781657218933105e-02 -1.113321334123611450e-01
1.892671883106231689e-01 -1.933891922235488892e-01
-1.699794679880142212e-01 3.599876165390014648e-01
-1.421280503273010254e-01 -7.748332619667053223e-02
6.073015183210372925e-02 -1.292181909084320068e-01
-1.514218300580978394e-01 3.141767904162406921e-02
4.697924554347991943e-01 -7.087414860725402832e-01
6.342822313308715820e-02 -1.023104116320610046e-01
-3.677862137556076050e-02 2.514346130192279816e-02
4.660175740718841553e-02 3.015521541237831116e-02
2.365551888942718506e-02 -1.299300603568553925e-02
-1.415076404809951782e-01 1.154906228184700012e-01
-5.747583881020545959e-02 1.736130416393280029e-01
-1.177097558975219727e-01 3.942735865712165833e-02
1.132085844874382019e-01 2.020625397562980652e-03
-2.988879680633544922e-01 2.555080056190490723e-01
3.204650804400444031e-02 -1.055477932095527649e-01
-1.367380321025848389e-01 4.125249758362770081e-02
-6.973118335008621216e-02 1.074838787317276001e-01
-1.778222769498825073e-01 1.941228508949279785e-01
-2.104564160108566284e-01 1.759259998798370361e-01
1.614872664213180542e-01 -1.112826168537139893e-01
1.852611750364303589e-01 -1.798947900533676147e-01
1.523095071315765381e-01 -1.502830237150192261e-01
2.838189005851745605e-01 -2.299493849277496338e-01
1.755089461803436279e-01 -2.835671603679656982e-01
-3.114410936832427979e-01 2.236935943365097046e-01
1.316087096929550171e-01 -3.338287174701690674e-01
2.117068469524383545e-01 -2.358513027429580688e-01
5.990822985768318176e-02 -4.371499270200729370e-02
-3.707834184169769287e-01 3.463466763496398926e-01
-2.256008982658386230e-01 3.376512825489044189e-01
-2.820132672786712646e-01 3.785927891731262207e-01
