-5.237308517098426819e-02 -1.423146426677703857e-01
2.352912425994873047e-01 -1.677443534135818481e-01
-2.159086614847183228e-01 2.815502882003784180e-01
-4.970562458038330078e-02 1.712000966072082520e-01
7.772069424390792847e-02 -3.284259513020515442e-02
-1.732388138771057129e-01 2.695478796958923340e-01
1.243037581443786621e-01 -4.527795687317848206e-02
-4.793382063508033752e-02 7.602983713150024414e-02
-2.621412277221679688e-01 7.789903134107589722e-02
1.086614280939102173e-01 -6.692216545343399048e-02
2.437471784651279449e-02 5.118518322706222534e-02
4.093331843614578247e-02 3.960311412811279297e-02
-1.265251636505126953e-01 2.821657061576843262e-01
-2.462522536516189575e-01 2.032299786806106567e-01
-3.431948721408843994e-01 3.807172775268554688e-01
-1.226383959874510765e-03 -3.757051005959510803e-02
1.276416480541229248e-01 -7.761073857545852661e-02
-4.517690837383270264e-02 1.073684841394424438e-01
-4.269921034574508667e-02 -3.040839545428752899e-02
-1.084870994091033936e-01 4.912301898002624512e-02
2.838467806577682495e-02 -1.575613021850585938e-01
1.018321234732866287e-02 1.241318136453628540e-02
-1.768785268068313599e-01 1.288006156682968140e-01
9.533891081809997559e-02 -2.396777570247650146e-01
1.858165115118026733e-01 -1.760388463735580444e-01
-7.923846691846847534e-02 5.558149144053459167e-02
-1.168522313237190247e-01 1.590797007083892822e-01
5.580325797200202942e-02 -8.512778580188751221e-02
1.022666916251182556e-01 3.083121590316295624e-02
-2.510681748390197754e-02 2.184092998504638672e-02
1.306367572396993637e-02 -4.544117022305727005e-03
2.037672698497772217e-01 -2.003232836723327637e-01
-1.299571841955184937e-01 -1.118840724229812622e-01
5.400512740015983582e-02 -8.754154294729232788e-02
-6.982409860938787460e-03 -9.575561434030532837e-02
-1.629558205604553223e-01 5.245793983340263367e-02
-2.598149776458740234e-01 8.757621794939041138e-02
8.294448256492614746e-02 -5.685405433177947998e-02
9.266719967126846313e-02 5.064399374532513320e-05
1.054895967245101929e-01 9.905155003070831299e-02
2.131214290857315063e-01 -9.653960913419723511e-02
5.306155234575271606e-02 -2.047654837369918823e-01
-1.794435083866119385e-02 1.769890775904059410e-03
-1.178505569696426392e-01 -2.290714904665946960e-02
7.141259312629699707e-02 2.801564894616603851e-02
3.533611074090003967e-03 2.326957881450653076e-01
1.621636450290679932e-01 -3.425424993038177490e-01
-1.670633703470230103e-01 -3.962412476539611816e-02
-2.000033110380172729e-02 -9.989409707486629486e-03
-2.021985203027725220e-01 -1.642518490552902222e-02
-1.795368939638137817e-01 3.490403294563293457e-03
7.139700651168823242e-02 -3.187992051243782043e-02
1.014665812253952026e-01 5.943636409938335419e-03
-1.566128432750701904e-02 -1.230752617120742798e-01
3.570279106497764587e-02 -3.645797446370124817e-02
5.388108640909194946e-02 2.226983457803726196e-01
1.680292934179306030e-01 -1.692064255475997925e-01
1.081664040684700012e-01 -1.018344759941101074e-01
-4.487172514200210571e-02 2.240611612796783447e-01
-1.398368775844573975e-01 -5.002589523792266846e-02
-7.889783382415771484e-02 -7.237414270639419556e-02
8.019549772143363953e-03 1.318721026182174683e-01
-3.091312944889068604e-01 6.787505000829696655e-02
1.207514256238937378e-01 -1.047201529145240784e-01
4.073421359062194824e-01 -2.634888291358947754e-01
1.620557904243469238e-01 -1.703756004571914673e-01
-3.840347230434417725e-01 2.679706811904907227e-01
-2.261993139982223511e-01 2.329103052616119385e-01
1.083191335201263428e-01 7.331953197717666626e-02
-4.298821985721588135e-01 4.238860011100769043e-01
1.635757088661193848e-01 -1.558023840188980103e-01
9.246600419282913208e-02 -1.203850959427654743e-03
1.653710156679153442e-01 -2.665207982063293457e-01
3.150430321693420410e-01 -3.093760311603546143e-01
1.463106572628021240e-01 -6.354563683271408081e-02
1.527887582778930664e-01 -2.034463882446289062e-01
-7.597578763961791992e-01 6.274717450141906738e-01
-6.815372407436370850e-02 -2.841712161898612976e-02
-4.295141398906707764e-01 3.663676679134368896e-01
-3.346783816814422607e-01 3.058088123798370361e-01
1.306831479072570801e+00 -1.274213075637817383e+00
4.115147590637207031e-01 -4.257806539535522461e-01
-3.438746333122253418e-01 4.902971684932708740e-01
2.892123535275459290e-02 -7.845941185951232910e-02
4.922014772891998291e-01 -4.410726726055145264e-01
-2.356169372797012329e-01 4.493245184421539307e-01
-2.463310956954956055e-01 1.610081642866134644e-01
1.060144305229187012e+00 -8.930625915527343750e-01
6.842156648635864258e-01 -6.630846858024597168e-01
6.021530628204345703e-01 -4.755840301513671875e-01
-6.546596884727478027e-01 7.309651374816894531e-01
-2.591603621840476990e-02 1.537833064794540405e-01
-5.094154924154281616e-02 7.923511415719985962e-02
2.798851579427719116e-02 7.089483737945556641e-02
1.904668807983398438e-01 -8.403989672660827637e-02
1.005992963910102844e-01 9.003979712724685669e-02
2.864076793193817139e-01 -4.009412229061126709e-01
4.420169293880462646e-01 -3.281563222408294678e-01
-5.276039242744445801e-01 6.252609491348266602e-01
2.716246247291564941e-01 -1.856377869844436646e-01
-3.725513815879821777e-02 5.022057145833969116e-02
-1.521990895271301270e-01 1.143424659967422485e-01
-3.971588313579559326e-01 3.948067426681518555e-01
-7.167287915945053101e-02 1.527254283428192139e-01
-2.461924776434898376e-02 1.029057800769805908e-01
-1.932184845209121704e-01 1.003986150026321411e-01
9.971927106380462646e-02 -2.098659574985504150e-01
-1.904607266187667847e-01 2.323134988546371460e-01
-3.458915054798126221e-01 3.163736462593078613e-01
1.747545748949050903e-01 -2.893884293735027313e-02
3.384000658988952637e-01 -3.435661792755126953e-01
-6.448417901992797852e-02 9.464542567729949951e-02
-4.905998706817626953e-01 5.306185483932495117e-01
-2.828363180160522461e-01 2.946300208568572998e-01
4.997475072741508484e-03 2.051856964826583862e-01
2.012685686349868774e-02 3.728331625461578369e-02
7.734073996543884277e-01 -9.146090149879455566e-01
2.809838056564331055e-01 -3.626284301280975342e-01
-1.540446095168590546e-02 9.174448251724243164e-02
-1.541003137826919556e-01 3.981846943497657776e-02
-5.168682336807250977e-01 5.052192211151123047e-01
1.817975342273712158e-01 -2.265346199274063110e-01
-2.371563315391540527e-01 8.473207801580429077e-02
-4.787949025630950928e-01 2.902548909187316895e-01
-3.820446729660034180e-01 3.606870770454406738e-01
-3.525281548500061035e-01 6.081220507621765137e-01
1.795432865619659424e-01 1.986395381391048431e-02
-1.036254763603210449e-01 -3.611915558576583862e-02
-7.442808747291564941e-01 5.739793181419372559e-01
-1.159754157066345215e+00 1.231582760810852051e+00
-1.734427511692047119e-01 6.784534454345703125e-02
2.819474339485168457e-01 -3.822181522846221924e-01
4.716747403144836426e-01 -1.846634000539779663e-01
-9.243020415306091309e-02 1.631316393613815308e-01
9.585916399955749512e-01 -9.901918172836303711e-01
2.877407968044281006e-01 -3.903566002845764160e-01
1.149644851684570312e+00 -1.316732048988342285e+00
-2.067258656024932861e-01 2.013516724109649658e-01
-5.386958122253417969e-01 3.900941312313079834e-01
-3.114868998527526855e-01 1.323217749595642090e-01
7.544245123863220215e-01 -7.462080717086791992e-01
-3.482827544212341309e-02 -5.175972357392311096e-02
-9.227950125932693481e-02 -2.470446974039077759e-01
-8.400098681449890137e-01 6.973454356193542480e-01
2.234636098146438599e-01 -1.546490788459777832e-01
8.316515684127807617e-01 -9.087343215942382812e-01
-6.969550251960754395e-01 7.507102489471435547e-01
9.469754695892333984e-01 -8.558868765830993652e-01
5.221230909228324890e-03 4.893349111080169678e-02
2.921353578567504883e-01 -3.940370380878448486e-01
-4.842324256896972656e-01 4.477092921733856201e-01
2.987186312675476074e-01 -2.401856482028961182e-01
5.968405008316040039e-01 -7.292823791503906250e-01
-2.337743788957595825e-01 1.603404730558395386e-01
3.280911147594451904e-01 -5.170404314994812012e-01
-1.957183182239532471e-01 2.771434485912322998e-01
6.550705432891845703e-01 -6.593870520591735840e-01
-3.739390671253204346e-01 6.054627895355224609e-01
6.656324267387390137e-01 -5.122282505035400391e-01
-1.256719380617141724e-01 1.427629739046096802e-01
1.834030747413635254e-01 3.364247456192970276e-02
-5.259708762168884277e-01 4.270987212657928467e-01
9.384624361991882324e-01 -9.106304049491882324e-01
9.463425278663635254e-01 -9.327461719512939453e-01
-8.836223483085632324e-01 8.012422323226928711e-01
-2.653768360614776611e-01 -3.921396657824516296e-02
1.226724386215209961e-01 -2.424458265304565430e-01
6.925769150257110596e-02 1.848026216030120850e-01
9.845727682113647461e-01 -1.040552616119384766e+00
6.338107585906982422e-01 -7.538064122200012207e-01
-1.334695100784301758e+00 1.294120192527770996e+00
1.999786019325256348e+00 -1.848768949508666992e+00
-8.166762590408325195e-01 1.089065313339233398e+00
-8.877052068710327148e-01 7.837697863578796387e-01
-9.219899773597717285e-02 5.646862089633941650e-02
-1.925570368766784668e-01 7.811157405376434326e-02
-3.068629205226898193e-01 4.883649349212646484e-01
1.026082634925842285e+00 -1.039951682090759277e+00
-4.371356666088104248e-01 2.995865345001220703e-01
-1.098938822746276855e+00 8.894923329353332520e-01
7.939821481704711914e-01 -6.052847504615783691e-01
-8.296550512313842773e-01 8.333514332771301270e-01
-1.058822870254516602e-01 7.820294052362442017e-02
-2.846170663833618164e-01 2.199348360300064087e-01
4.846298098564147949e-01 -4.429058730602264404e-01
6.489469856023788452e-02 8.172255754470825195e-02
-2.678118944168090820e-01 3.731094598770141602e-01
-2.956588007509708405e-02 1.507652848958969116e-01
2.074580341577529907e-01 -2.413714081048965454e-01
7.864230871200561523e-02 -1.424018144607543945e-01
-5.772051215171813965e-01 4.943393170833587646e-01
-1.160890460014343262e+00 1.029246091842651367e+00
1.898930408060550690e-02 -6.855705869384109974e-04
-3.673615753650665283e-01 4.460579454898834229e-01
-4.625701606273651123e-01 2.614645361900329590e-01
1.159049123525619507e-01 -4.838629812002182007e-02
1.684478521347045898e-01 -1.764148175716400146e-01
-3.117496706545352936e-02 9.475908428430557251e-02
6.049871817231178284e-02 -2.430519163608551025e-01
-3.928726911544799805e-01 1.634894758462905884e-01
9.221156686544418335e-02 -4.152042325586080551e-03
-1.661117970943450928e-01 3.105305507779121399e-02
-5.886821746826171875e-01 4.732937514781951904e-01
2.750262022018432617e-01 -4.047024846076965332e-01
-2.544421553611755371e-01 2.014735043048858643e-01
-1.838005706667900085e-02 1.462155580520629883e-01
-3.794986307621002197e-01 1.050969064235687256e-01
-1.191609576344490051e-01 1.500326693058013916e-01
8.627514354884624481e-03 -2.715305797755718231e-02
-2.059423774480819702e-01 3.597863912582397461e-01
-3.003992438316345215e-01 1.248279586434364319e-01
4.885109961032867432e-01 -4.177844524383544922e-01
-1.822328567504882812e-01 1.947362869977951050e-01
2.283006757497787476e-01 1.177449896931648254e-01
-1.118158549070358276e-01 1.607545018196105957e-01
1.052773892879486084e-01 -2.935063242912292480e-01
1.622523963451385498e-01 -1.730405241250991821e-01
-1.643504202365875244e-01 1.195864677429199219e-01
-2.449518255889415741e-02 6.028098613023757935e-02
1.449934393167495728e-01 -1.426926255226135254e-01
1.943236887454986572e-01 -2.336985170841217041e-01
3.643479943275451660e-01 -2.103488743305206299e-01
7.081906795501708984e-01 -5.319940447807312012e-01
-2.903431951999664307e-01 2.249545007944107056e-01
8.067762851715087891e-02 -3.603746881708502769e-03
-4.509475827217102051e-01 3.357364237308502197e-01
6.450255513191223145e-01 -7.510734796524047852e-01
1.583290994167327881e-01 -3.041088581085205078e-01
-1.376512944698333740e-01 1.078233122825622559e-01
-2.227827534079551697e-02 6.795474886894226074e-02
1.320432424545288086e-01 -1.646288633346557617e-01
4.957037791609764099e-02 3.686297684907913208e-02
2.830014526844024658e-01 -4.871625900268554688e-01
-8.895204961299896240e-02 -1.067126244306564331e-01
-9.388111233711242676e-01 6.041941046714782715e-01
4.829066395759582520e-01 -3.393702507019042969e-01
-1.509995162487030029e-01 -2.147739008069038391e-02
-2.734810113906860352e-01 2.607028782367706299e-01
4.268477857112884521e-01 -3.812771439552307129e-01
5.504043772816658020e-02 -5.001384764909744263e-02
1.754529625177383423e-01 2.029512636363506317e-02
1.692834496498107910e-01 -1.734625101089477539e-01
-1.042407304048538208e-01 1.765108257532119751e-01
-8.724206686019897461e-02 -9.151882678270339966e-02
4.146293178200721741e-02 -1.121954992413520813e-01
-2.852992117404937744e-01 4.281887710094451904e-01
-1.156627908349037170e-01 -3.221762925386428833e-02
-3.290755450725555420e-01 3.715441524982452393e-01
4.148087501525878906e-01 -5.673449635505676270e-01
-4.131152033805847168e-01 2.154715210199356079e-01
-2.419575303792953491e-02 2.736761569976806641e-01
2.665530145168304443e-01 -4.849663749337196350e-02
-1.470987349748611450e-01 1.638358682394027710e-01
2.636635899543762207e-01 -1.935299485921859741e-01
-4.800029098987579346e-01 4.679261744022369385e-01
-4.673691391944885254e-01 3.340175151824951172e-01
