1.662231832742691040e-01 1.153788864612579346e-01
3.727900795638561249e-03 -1.555109173059463501e-01
-1.130861639976501465e-01 8.566232398152351379e-03
-3.107464611530303955e-01 2.823280990123748779e-01
5.288627147674560547e-01 -4.973129034042358398e-01
2.153113186359405518e-01 -1.921109706163406372e-01
-1.286411881446838379e-01 6.461971253156661987e-02
1.858534365892410278e-01 -2.406693398952484131e-01
7.172641158103942871e-02 -1.172668486833572388e-01
7.123915851116180420e-02 1.012770459055900574e-01
1.228123530745506287e-01 -3.599661588668823242e-01
-1.794452816247940063e-01 1.014169007539749146e-01
-8.780179172754287720e-02 2.093103975057601929e-01
-3.025349676609039307e-01 2.710701823234558105e-01
-6.774525344371795654e-02 2.008984535932540894e-01
-1.701984405517578125e-01 9.412004053592681885e-02
-3.179329931735992432e-01 2.014300078153610229e-01
-1.961949318647384644e-01 3.623652160167694092e-01
3.159393370151519775e-01 -4.255076348781585693e-01
3.859589397907257080e-01 -3.730635046958923340e-01
-1.486554741859436035e-01 -1.614331305027008057e-01
4.405041411519050598e-02 -8.101820945739746094e-02
3.482978940010070801e-01 -2.184963971376419067e-01
1.465312540531158447e-01 -4.333692044019699097e-02
2.438904494047164917e-01 -3.182873725891113281e-01
3.114761114120483398e-01 -1.697718650102615356e-01
2.932646870613098145e-01 -4.353526830673217773e-01
-1.532576680183410645e-01 -2.358113043010234833e-02
-2.732621133327484131e-02 -1.373374760150909424e-01
2.462476491928100586e-01 -2.008446604013442993e-01
1.186547726392745972e-01 -2.571345567703247070e-01
1.065774708986282349e-01 -4.766045138239860535e-02
5.624212026596069336e-01 -4.433369338512420654e-01
1.573951095342636108e-01 -1.223647221922874451e-02
1.372630745172500610e-01 5.801030993461608887e-02
-2.626905441284179688e-01 2.245877236127853394e-01
-9.282948821783065796e-02 1.414325982332229614e-01
1.871954835951328278e-02 2.419130951166152954e-01
-1.718593239784240723e-01 -2.152585238218307495e-02
4.222020804882049561e-01 -3.995873630046844482e-01
4.653055220842361450e-02 -1.767114102840423584e-01
-3.464023396372795105e-02 1.717548817396163940e-01
-4.524740204215049744e-02 2.340999096632003784e-01
2.843941450119018555e-01 -3.077836036682128906e-01
-1.858420521020889282e-01 3.113024234771728516e-01
-1.083962842822074890e-01 3.352580070495605469e-01
-5.378084257245063782e-02 5.173118412494659424e-02
1.997561752796173096e-01 -3.124866187572479248e-01
5.651428103446960449e-01 -6.574251651763916016e-01
-1.039754748344421387e-01 4.584227874875068665e-02
2.112345099449157715e-01 -3.987284004688262939e-01
2.614704966545104980e-01 -3.123562633991241455e-01
-4.112904146313667297e-02 -1.527570933103561401e-01
-2.265283465385437012e-01 3.939490318298339844e-01
5.228236913681030273e-01 -4.727228283882141113e-01
1.141060702502727509e-02 2.227878272533416748e-01
3.614382445812225342e-01 -3.173111081123352051e-01
-6.737048178911209106e-02 1.481815986335277557e-02
-1.639519333839416504e-01 -1.787756234407424927e-01
2.318998426198959351e-01 -1.200867444276809692e-01
-1.423159688711166382e-01 3.010695874691009521e-01
4.146577119827270508e-01 -2.324866801500320435e-01
-2.433088235557079315e-02 5.086385831236839294e-02
-2.706304490566253662e-01 1.908494681119918823e-01
1.501524727791547775e-02 -2.912892773747444153e-02
-1.734671741724014282e-01 2.509115338325500488e-01
3.375572860240936279e-01 -4.500823616981506348e-01
-4.239169135689735413e-02 2.189897000789642334e-01
3.272102475166320801e-01 -4.077922105789184570e-01
1.050970517098903656e-02 -6.995712965726852417e-02
8.588300943374633789e-01 -1.006156086921691895e+00
4.730157256126403809e-01 -4.009363055229187012e-01
1.324855536222457886e-01 -5.682234838604927063e-02
-1.602284908294677734e-01 3.717613816261291504e-01
6.422808170318603516e-01 -5.918901562690734863e-01
-5.309938192367553711e-01 7.313773036003112793e-01
-4.342230558395385742e-01 4.715980291366577148e-01
-7.367885112762451172e-01 7.604938149452209473e-01
-7.500420510768890381e-02 9.287820756435394287e-02
7.690659165382385254e-01 -5.325012803077697754e-01
-3.270363509654998779e-01 2.461100816726684570e-01
8.012744784355163574e-01 -9.013644456863403320e-01
7.194764912128448486e-02 -1.725766062736511230e-01
9.567946195602416992e-01 -6.808194518089294434e-01
2.198891490697860718e-01 1.085151284933090210e-01
4.336886107921600342e-01 -4.004412591457366943e-01
2.793336212635040283e-01 -3.575918674468994141e-01
2.353062927722930908e-01 -9.782832115888595581e-02
7.566862702369689941e-01 -8.054391741752624512e-01
6.006751656532287598e-01 -5.329923629760742188e-01
4.057409167289733887e-01 -6.397799849510192871e-01
-7.563026249408721924e-02 3.399053215980529785e-02
-2.809605598449707031e-01 3.868224918842315674e-01
1.871855705976486206e-01 -2.540994584560394287e-01
1.775246262550354004e-01 -2.294730544090270996e-01
-2.508897185325622559e-01 3.687046170234680176e-01
7.300196886062622070e-01 -8.558272123336791992e-01
-1.665152609348297119e-01 1.576695144176483154e-01
-7.315693423151969910e-03 1.515417248010635376e-01
-2.154391556978225708e-01 1.482838243246078491e-01
2.906842231750488281e-01 -2.175655066967010498e-01
-3.551593422889709473e-02 1.621083021163940430e-01
9.366762638092041016e-02 -6.973280757665634155e-02
-9.427130967378616333e-02 -6.405085325241088867e-03
3.473847210407257080e-01 -3.705480396747589111e-01
-6.359257698059082031e-01 6.598331928253173828e-01
-8.578359335660934448e-02 8.122032880783081055e-02
-4.603607058525085449e-01 6.030398011207580566e-01
-3.046139180660247803e-01 3.035514056682586670e-01
-7.754886746406555176e-01 7.161514759063720703e-01
1.612136214971542358e-01 -3.745889961719512939e-01
1.265726834535598755e-01 -2.698047459125518799e-01
6.867610216140747070e-01 -7.842184305191040039e-01
-2.870473265647888184e-01 1.080731898546218872e-01
-1.463704109191894531e-01 4.403942823410034180e-02
-9.659044444561004639e-02 -8.720976859331130981e-02
2.960936725139617920e-01 -1.272111684083938599e-01
-1.090607792139053345e-01 1.504139900207519531e-01
4.061523377895355225e-01 -5.192863345146179199e-01
-3.701907396316528320e-01 1.926395446062088013e-01
-1.712702065706253052e-01 6.744802743196487427e-02
-6.510077714920043945e-01 5.422593355178833008e-01
8.670592308044433594e-02 6.585893779993057251e-02
3.020522594451904297e-01 -2.044465839862823486e-01
-4.361744225025177002e-02 1.240175887942314148e-01
5.076071023941040039e-01 -4.183764755725860596e-01
4.142846167087554932e-01 -1.855684816837310791e-01
-5.255516171455383301e-01 4.554995298385620117e-01
6.250991821289062500e-01 -4.157890379428863525e-01
-3.433675318956375122e-02 1.267425157129764557e-02
3.108052015304565430e-01 -4.077534675598144531e-01
-2.165582180023193359e-01 1.432777494192123413e-01
9.607497602701187134e-02 -2.572042047977447510e-01
-3.609589338302612305e-01 3.350359201431274414e-01
9.742428362369537354e-02 4.348726477473974228e-03
4.042346477508544922e-01 -3.509774506092071533e-01
-2.092381268739700317e-01 8.671788126230239868e-02
-2.164157629013061523e-01 2.507688105106353760e-01
5.283962488174438477e-01 -6.465265750885009766e-01
-2.219178229570388794e-01 2.121928632259368896e-01
7.259457558393478394e-02 3.073715604841709137e-02
2.154704779386520386e-01 -2.700895071029663086e-01
-3.514073491096496582e-01 4.316166341304779053e-01
4.269129931926727295e-01 -1.429715454578399658e-01
-1.244505494832992554e-01 3.108708560466766357e-01
1.908606588840484619e-01 -2.436175942420959473e-01
-7.092662155628204346e-02 9.432111680507659912e-02
1.553629636764526367e-01 -2.260472476482391357e-01
4.052931666374206543e-01 -3.802675604820251465e-01
1.711795181035995483e-01 -2.308374047279357910e-01
3.030912876129150391e-01 -3.734057545661926270e-01
-3.335228562355041504e-01 2.218793481588363647e-01
4.774438738822937012e-01 -4.106678366661071777e-01
8.834776282310485840e-02 -1.422806829214096069e-01
2.743845283985137939e-01 4.037097468972206116e-02
7.102005183696746826e-02 -2.235072702169418335e-01
3.571128472685813904e-02 -1.201366856694221497e-01
-3.404671251773834229e-01 2.501025497913360596e-01
-2.472616136074066162e-01 1.486165672540664673e-01
7.792539894580841064e-02 -2.019727677106857300e-01
-4.454945772886276245e-02 7.392882555723190308e-02
5.432603359222412109e-01 -3.824640512466430664e-01
-2.136482670903205872e-02 1.898804008960723877e-01
-1.911385804414749146e-01 2.043367326259613037e-01
2.466662079095840454e-01 -1.605894863605499268e-01
-2.621379867196083069e-02 1.536232084035873413e-01
-1.997180283069610596e-02 1.321798861026763916e-01
3.046652674674987793e-01 -4.055409133434295654e-01
1.547032147645950317e-01 -3.142635524272918701e-01
-2.595351934432983398e-01 3.327746987342834473e-01
7.788443565368652344e-01 -6.388244032859802246e-01
-2.748043537139892578e-01 1.989189684391021729e-01
-7.165290415287017822e-02 2.497341483831405640e-03
2.067527174949645996e-01 -4.281596839427947998e-02
2.648093700408935547e-01 -4.373037219047546387e-01
-2.421118617057800293e-01 1.487922966480255127e-01
2.886600792407989502e-01 -3.489520251750946045e-01
-2.199964374303817749e-01 2.026605457067489624e-01
4.941802620887756348e-01 -5.648573040962219238e-01
1.546362191438674927e-01 -2.010127753019332886e-01
-2.611981928348541260e-01 1.584802269935607910e-01
-2.512845993041992188e-01 1.934962868690490723e-01
6.519374847412109375e-01 -5.239410996437072754e-01
-2.202360890805721283e-02 7.524080574512481689e-02
4.684755112975835800e-03 5.160851031541824341e-02
1.213744953274726868e-01 -3.708104044198989868e-02
-4.345800578594207764e-01 4.384741783142089844e-01
-3.119449615478515625e-01 5.604403018951416016e-01
-3.369923830032348633e-01 4.953106045722961426e-01
1.666895747184753418e-01 -4.829464107751846313e-02
3.973674774169921875e-01 -4.097535610198974609e-01
5.161108970642089844e-01 -3.900721967220306396e-01
5.848615430295467377e-03 1.017646715044975281e-01
-4.825026914477348328e-02 -3.709615394473075867e-02
5.364172533154487610e-02 -2.569325268268585205e-02
1.972887665033340454e-01 8.715394884347915649e-02
3.391788601875305176e-01 -1.656166017055511475e-01
3.138542473316192627e-01 -1.872875094413757324e-01
1.171482950448989868e-01 -1.601947247982025146e-01
1.157075092196464539e-01 -2.484677881002426147e-01
-1.223611459136009216e-01 1.501106619834899902e-01
-9.992838650941848755e-02 1.391212940216064453e-01
2.551161348819732666e-01 -2.865767478942871094e-01
-1.307608932256698608e-01 9.994902461767196655e-02
-1.229307726025581360e-01 8.436495810747146606e-02
9.175240248441696167e-02 -1.157647222280502319e-01
-3.745854496955871582e-01 3.062515556812286377e-01
3.334579057991504669e-03 1.934098303318023682e-01
2.809067368507385254e-01 -1.576933860778808594e-01
5.893591791391372681e-02 -2.421627938747406006e-01
8.960197120904922485e-02 4.860857129096984863e-02
-1.112760305404663086e-01 7.531090080738067627e-02
1.312624849379062653e-02 -5.030736327171325684e-02
7.096082717180252075e-02 6.542664766311645508e-02
1.105439886450767517e-01 -1.252088695764541626e-01
-3.534366190433502197e-02 3.365244716405868530e-02
2.134172618389129639e-01 -1.224673166871070862e-01
-2.066189497709274292e-01 7.507878541946411133e-02
1.369124650955200195e-01 -3.251943886280059814e-01
-1.772828213870525360e-02 -1.010472550988197327e-01
1.607072725892066956e-02 -7.377508282661437988e-02
6.132027879357337952e-02 -1.648341864347457886e-01
-7.104714214801788330e-02 1.880255639553070068e-01
-1.856425106525421143e-01 2.713067531585693359e-01
-1.419131755828857422e-01 6.439906079322099686e-03
-8.889858424663543701e-02 -1.577942818403244019e-01
-5.044233426451683044e-02 2.100242674350738525e-01
8.799158036708831787e-02 -4.409268125891685486e-02
4.223337471485137939e-01 -1.239830777049064636e-01
-2.015562355518341064e-01 1.554594635963439941e-01
3.577418252825737000e-02 -2.124277129769325256e-02
1.365167833864688873e-02 3.041520342230796814e-02
1.609163433313369751e-01 -1.367903053760528564e-01
2.391075156629085541e-02 -1.610079705715179443e-01
5.408495664596557617e-02 -4.350275173783302307e-02
-1.269890461117029190e-02 -1.059720963239669800e-01
-8.738508075475692749e-02 4.678805917501449585e-02
-1.379146240651607513e-02 -9.036153554916381836e-03
1.018512323498725891e-01 -1.633128672838211060e-01
2.825180292129516602e-01 -2.411676794290542603e-01
3.704434335231781006e-01 -9.003911912441253662e-02
7.515256106853485107e-02 -1.203816980123519897e-01
1.220984477549791336e-02 -2.262323200702667236e-01
-1.217588633298873901e-01 5.070302262902259827e-02
8.553074300289154053e-02 -8.605081588029861450e-02
-2.557836472988128662e-01 1.739283204078674316e-01
1.583448052406311035e-01 -3.883950114250183105e-01
2.422714419662952423e-02 2.053480222821235657e-02
3.679704666137695312e-01 -2.368316501379013062e-01
1.179480403661727905e-01 -1.761549115180969238e-01
-4.827888682484626770e-03 -7.966307550668716431e-02
2.283338457345962524e-01 -5.280796065926551819e-02
1.129425615072250366e-01 5.109653621912002563e-02
1.594703942537307739e-01 -1.024922281503677368e-01
3.966149389743804932e-01 -2.945340573787689209e-01
-6.770389527082443237e-02 1.709813438355922699e-02
