2.112568765878677368e-01 -3.072149865329265594e-02
2.208848595619201660e-01 -1.192047372460365295e-01
-3.290889859199523926e-01 4.771077632904052734e-01
3.253064304590225220e-02 2.620735764503479004e-02
2.631451785564422607e-01 -2.063616067171096802e-01
2.197401523590087891e-01 -6.833719462156295776e-02
-9.056689590215682983e-02 3.567067161202430725e-02
-2.575984895229339600e-01 2.607811689376831055e-01
-3.398261964321136475e-01 2.896441519260406494e-01
-1.134134754538536072e-01 1.249323934316635132e-01
1.056924089789390564e-01 -3.816245496273040771e-01
-4.417937994003295898e-01 4.879137575626373291e-01
-6.684471666812896729e-02 1.547442972660064697e-01
2.291824370622634888e-01 -2.541914582252502441e-01
-1.565451025962829590e-01 9.590596705675125122e-02
-8.523793518543243408e-02 -9.321022033691406250e-02
-7.554129511117935181e-02 3.455716744065284729e-02
-1.208719238638877869e-01 2.084439247846603394e-01
2.790928483009338379e-01 -1.537749916315078735e-01
-2.476785778999328613e-01 8.919592946767807007e-02
9.972514957189559937e-02 -1.362704485654830933e-01
-2.815186418592929840e-02 -2.131068520247936249e-02
5.857351794838905334e-02 -8.864441514015197754e-02
1.274758279323577881e-01 -2.010544091463088989e-01
-2.802305817604064941e-01 1.278232485055923462e-01
-2.647241353988647461e-01 2.944170534610748291e-01
4.712295234203338623e-01 -5.327836275100708008e-01
-1.074935570359230042e-01 1.087322458624839783e-01
-7.786115258932113647e-02 9.317220002412796021e-02
-3.961172401905059814e-01 3.423579335212707520e-01
1.976367086172103882e-02 -5.459101498126983643e-02
9.053016453981399536e-02 -7.752962410449981689e-02
-4.872406646609306335e-02 2.538696527481079102e-01
-2.898168265819549561e-01 2.287224978208541870e-01
1.141236349940299988e-01 -2.573032081127166748e-01
2.047704905271530151e-01 -7.875893265008926392e-02
2.254755347967147827e-01 -2.177019864320755005e-01
3.040103614330291748e-01 -3.944604396820068359e-01
2.908129692077636719e-01 -1.512178033590316772e-01
2.367092482745647430e-02 1.195026710629463196e-01
-2.604422867298126221e-01 2.062984555959701538e-01
-1.872635334730148315e-01 3.665607273578643799e-01
6.118818372488021851e-02 -7.366254180669784546e-02
8.131779730319976807e-02 1.091965101659297943e-02
-5.456302687525749207e-02 -9.616142511367797852e-02
-6.601305305957794189e-02 -1.715381145477294922e-01
-6.952603906393051147e-02 2.436587214469909668e-01
1.943905949592590332e-01 -4.866373538970947266e-02
-1.144517958164215088e-01 -2.109854519367218018e-01
-2.143184095621109009e-01 2.872849404811859131e-01
-1.619223803281784058e-01 3.355884552001953125e-01
2.684250771999359131e-01 -1.489239782094955444e-01
-2.049755901098251343e-01 4.176006838679313660e-02
5.718626454472541809e-02 -1.827626675367355347e-01
2.841892838478088379e-01 -4.283364117145538330e-02
-2.345577776432037354e-01 1.959756612777709961e-01
9.618543088436126709e-02 -4.689745139330625534e-03
2.879657968878746033e-02 1.645660400390625000e-01
-1.233579739928245544e-01 7.877470552921295166e-02
2.254819273948669434e-01 -2.058429867029190063e-01
-3.168483972549438477e-01 3.448708951473236084e-01
1.028546392917633057e-01 -1.250107139348983765e-01
-2.954576313495635986e-01 1.879730671644210815e-01
2.830349840223789215e-02 1.545392349362373352e-02
2.181238234043121338e-01 -2.856790125370025635e-01
1.772385090589523315e-01 -1.931672170758247375e-02
1.684460341930389404e-01 -8.387537673115730286e-03
-1.218607947230339050e-01 -1.965886652469635010e-01
-1.180081591010093689e-01 -3.174238651990890503e-02
4.099177569150924683e-02 -2.522853016853332520e-02
-2.635875642299652100e-01 1.447977870702743530e-01
1.046041920781135559e-01 -2.170967608690261841e-01
-3.129317462444305420e-01 1.915158331394195557e-01
5.488782525062561035e-01 -4.556900858879089355e-01
2.142710834741592407e-01 -1.819603890180587769e-01
-3.366080224514007568e-01 5.243835449218750000e-01
3.659239709377288818e-01 -4.007973074913024902e-01
-3.472473919391632080e-01 2.143246233463287354e-01
1.847920566797256470e-01 -4.558891430497169495e-02
-2.425638884305953979e-01 2.952685654163360596e-01
5.377584323287010193e-02 2.357130497694015503e-02
-1.951609551906585693e-01 1.419826894998550415e-01
1.442545056343078613e-01 -1.204389035701751709e-01
2.161512076854705811e-01 -3.257716894149780273e-01
-3.265037760138511658e-02 1.083905547857284546e-01
2.787911891937255859e-01 -2.719855308532714844e-01
3.037271201610565186e-01 -3.600805997848510742e-01
-3.080410659313201904e-01 2.938307523727416992e-01
-2.367039173841476440e-01 1.462482362985610962e-01
-2.540949583053588867e-01 6.809209287166595459e-02
2.295931428670883179e-01 -4.120184183120727539e-01
-3.362951800227165222e-03 1.249723806977272034e-01
-9.366479516029357910e-02 2.242037951946258545e-01
-4.039708375930786133e-01 1.852330118417739868e-01
2.470084838569164276e-02 1.508664805442094803e-02
-2.210066616535186768e-01 2.649607956409454346e-01
1.659506857395172119e-01 -9.725648164749145508e-02
-1.175945252180099487e-02 1.453558504581451416e-01
-1.687595248222351074e-01 2.466671168804168701e-01
7.308058440685272217e-02 9.616513550281524658e-02
6.365355849266052246e-02 4.632969573140144348e-02
2.896987199783325195e-01 -4.520756006240844727e-01
-8.221894502639770508e-02 2.262588776648044586e-02
3.031475245952606201e-01 -2.074572890996932983e-01
-2.485764622688293457e-01 7.215169817209243774e-02
2.135228365659713745e-01 -5.487248301506042480e-02
1.792295277118682861e-01 -3.828694671392440796e-02
-2.999525666236877441e-01 6.171932816505432129e-02
2.546716928482055664e-01 -3.280559778213500977e-01
1.491578202694654465e-02 9.762933850288391113e-02
9.716407209634780884e-02 7.873930782079696655e-02
-3.763363510370254517e-02 1.000531613826751709e-01
3.185655176639556885e-01 -2.045495808124542236e-01
2.258614264428615570e-02 -4.491894319653511047e-02
-4.150748252868652344e-01 2.556948661804199219e-01
-1.662095934152603149e-01 1.742012053728103638e-01
-5.759186297655105591e-02 2.806912176311016083e-02
1.476389616727828979e-01 -1.844552159309387207e-01
1.495022773742675781e-01 -2.152467072010040283e-01
3.241106569766998291e-01 -1.711949706077575684e-01
-1.192056015133857727e-01 3.138791918754577637e-01
5.216445401310920715e-02 -4.087791591882705688e-02
-3.509339690208435059e-01 1.687046885490417480e-01
8.373328298330307007e-02 -4.588116705417633057e-02
-4.566225782036781311e-02 1.767738759517669678e-01
-1.748954355716705322e-01 -8.288653939962387085e-02
3.172077834606170654e-01 -2.699370980262756348e-01
1.811875845305621624e-03 -4.403702542185783386e-02
-3.773701563477516174e-02 8.203457295894622803e-02
-3.405633270740509033e-01 1.048645451664924622e-01
2.089855968952178955e-01 -1.574682630598545074e-02
2.611908018589019775e-01 -2.107064872980117798e-01
3.514639139175415039e-01 -3.534526824951171875e-01
3.530561327934265137e-01 -1.352028846740722656e-01
3.514145016670227051e-01 -2.800631523132324219e-01
-2.096889913082122803e-01 2.615122199058532715e-01
2.599328458309173584e-01 -1.304891407489776611e-01
-4.033112227916717529e-01 3.254375457763671875e-01
-1.693049520254135132e-01 2.434272170066833496e-01
-2.575939297676086426e-01 2.620292305946350098e-01
-1.190288513898849487e-01 -7.217901945114135742e-02
-2.254991382360458374e-01 7.003322243690490723e-02
2.249516099691390991e-01 -2.240147143602371216e-01
-3.466885089874267578e-01 2.493948489427566528e-01
2.921223938465118408e-01 -2.193608880043029785e-01
-2.859974205493927002e-01 1.731267720460891724e-01
-6.236979365348815918e-02 -1.327574998140335083e-02
3.605065941810607910e-01 -3.261839449405670166e-01
-2.827666699886322021e-01 1.012303680181503296e-01
1.824146718718111515e-03 -2.894803583621978760e-01
-2.150943316519260406e-02 -1.073738113045692444e-01
2.908576130867004395e-01 -3.060396909713745117e-01
-3.082601912319660187e-02 7.680390961468219757e-03
6.541130691766738892e-02 9.275890886783599854e-02
3.732408285140991211e-01 -1.722338795661926270e-01
7.926435768604278564e-02 -2.286795824766159058e-01
4.036100208759307861e-02 -1.526873111724853516e-01
6.055903807282447815e-02 -1.424497216939926147e-01
4.854402542114257812e-01 -5.238151550292968750e-01
2.686547040939331055e-01 -2.579609751701354980e-01
2.001658529043197632e-01 -2.056845426559448242e-01
-2.980679571628570557e-01 8.055315166711807251e-02
3.417417109012603760e-01 -2.587272524833679199e-01
6.354618072509765625e-02 -1.278949528932571411e-01
-3.576634526252746582e-01 1.114078983664512634e-01
-3.838874027132987976e-02 -7.613210007548332214e-03
3.699936568737030029e-01 -3.110707402229309082e-01
1.532318890094757080e-01 -2.487782388925552368e-01
4.151297807693481445e-01 -2.943014502525329590e-01
1.600529998540878296e-01 -1.299072951078414917e-01
-3.018203377723693848e-01 3.054741919040679932e-01
4.419988691806793213e-01 -2.375208139419555664e-01
-3.001489341259002686e-01 3.977540731430053711e-01
-2.846551835536956787e-01 1.512221395969390869e-01
2.504747509956359863e-01 -6.661180406808853149e-02
-9.689512662589550018e-03 -1.476511657238006592e-01
1.000088453292846680e-01 9.854909777641296387e-02
3.955790102481842041e-01 -4.900645911693572998e-01
-9.850092977285385132e-02 2.316249907016754150e-01
-3.822584450244903564e-01 2.230670452117919922e-01
-1.137533560395240784e-01 -1.180587708950042725e-01
7.160990685224533081e-02 4.423693940043449402e-02
1.074615400284528732e-02 7.502537220716476440e-02
-2.334129363298416138e-01 1.120940372347831726e-01
-1.737471520900726318e-01 3.574796617031097412e-01
9.445750713348388672e-02 -3.525468334555625916e-02
2.544029951095581055e-01 -9.739024937152862549e-02
3.920488059520721436e-01 -1.669551581144332886e-01
-1.227079108357429504e-01 8.325014263391494751e-02
1.058719009160995483e-01 -4.715228453278541565e-02
-1.439307481050491333e-01 -3.049649856984615326e-02
-4.761163592338562012e-01 4.507414996623992920e-01
-1.959972642362117767e-02 3.013032302260398865e-02
2.050394862890243530e-01 -1.567448526620864868e-01
-2.149512320756912231e-01 1.195579245686531067e-01
-2.639678418636322021e-01 1.025486178696155548e-02
3.965271711349487305e-01 -2.213180363178253174e-01
2.470467239618301392e-01 -2.504134178161621094e-01
2.489171773195266724e-01 -1.182432696223258972e-01
-2.150938957929611206e-01 1.003119125962257385e-01
-1.987189650535583496e-01 2.825162708759307861e-01
1.486670225858688354e-01 -1.853256076574325562e-01
1.357551664113998413e-01 -9.949031472206115723e-02
3.096989393234252930e-01 -2.275029867887496948e-01
1.779577881097793579e-01 -3.382836282253265381e-01
4.009820520877838135e-03 8.713853359222412109e-02
-2.162201851606369019e-01 -3.795103356242179871e-02
5.088087916374206543e-02 -1.359407603740692139e-01
-1.996469050645828247e-01 1.445522308349609375e-01
-3.002782762050628662e-01 2.039906680583953857e-01
2.028357386589050293e-01 -2.070550769567489624e-01
5.519467219710350037e-02 3.920641541481018066e-02
-1.034202426671981812e-01 -9.118752926588058472e-02
-7.739366032183170319e-03 -1.372562497854232788e-01
2.137862890958786011e-01 -1.113197430968284607e-01
1.383088082075119019e-01 -4.694316163659095764e-02
-1.010028123855590820e-01 2.801111042499542236e-01
1.991073228418827057e-02 -1.065077558159828186e-01
2.708964794874191284e-02 -1.225755270570516586e-02
6.562494486570358276e-02 -2.659146673977375031e-02
-2.292815148830413818e-01 2.581193447113037109e-01
2.589866518974304199e-02 -5.191382020711898804e-03
1.120188906788825989e-01 -1.308485269546508789e-01
3.633890673518180847e-02 1.630396395921707153e-01
-1.093628853559494019e-01 -7.560270838439464569e-03
-1.399662345647811890e-01 8.487877994775772095e-02
3.239461779594421387e-01 -4.154387116432189941e-01
5.400225147604942322e-02 -1.578622609376907349e-01
-1.586202979087829590e-01 -9.175186604261398315e-02
3.526807129383087158e-01 -2.867584824562072754e-01
-1.016275063157081604e-01 1.207831352949142456e-01
1.644982211291790009e-02 -2.026007510721683502e-03
1.212558373808860779e-01 -2.972803413867950439e-01
1.260230839252471924e-01 -9.090977162122726440e-02
-3.030665218830108643e-01 2.726063132286071777e-01
3.123396337032318115e-01 -2.607059776782989502e-01
1.682421308942139149e-03 1.024004593491554260e-01
-2.739003896713256836e-01 5.017640814185142517e-02
3.647347688674926758e-01 -1.367073357105255127e-01
9.687610715627670288e-02 -2.277839183807373047e-01
-2.925512380897998810e-02 1.174031272530555725e-01
2.159366309642791748e-01 -5.697117000818252563e-02
-1.424525678157806396e-01 1.804812401533126831e-01
4.012697562575340271e-02 3.948636353015899658e-02
7.554917037487030029e-02 9.120105206966400146e-02
6.717114895582199097e-02 2.591140940785408020e-02
-1.298751099966466427e-03 -1.510180085897445679e-01
-1.760410815477371216e-01 2.606557011604309082e-01
1.729670017957687378e-01 -2.152740061283111572e-01
5.240882281213998795e-03 -6.276250630617141724e-02
8.920229971408843994e-03 -1.085702478885650635e-01
-1.593988537788391113e-01 2.379483170807361603e-02
-2.481907457113265991e-01 1.378342509269714355e-01
2.374434620141983032e-01 -3.060178756713867188e-01
5.621393397450447083e-02 -3.443694114685058594e-02
-1.986445039510726929e-01 1.514623612165451050e-01
