2.007166296243667603e-01 -2.154691219329833984e-01
-1.755070686340332031e-01 1.953791826963424683e-01
1.694665290415287018e-02 1.031313184648752213e-02
-9.078216552734375000e-02 1.035521924495697021e-02
-3.052946925163269043e-01 1.422611474990844727e-01
1.233479380607604980e-02 -1.706526279449462891e-01
-4.161218106746673584e-01 2.916787266731262207e-01
-5.307284649461507797e-03 5.272552743554115295e-02
-3.596867620944976807e-02 1.341038383543491364e-03
2.526653558015823364e-02 -1.800785809755325317e-01
1.309269480407238007e-02 -1.405654847621917725e-01
1.410755068063735962e-01 -2.160073965787887573e-01
-4.059746116399765015e-02 -7.156049460172653198e-02
-5.373698845505714417e-02 3.670972213149070740e-02
2.747026383876800537e-01 -1.843022257089614868e-01
-1.862846016883850098e-01 -2.173700556159019470e-02
-6.756973452866077423e-03 2.681375741958618164e-01
9.306943416595458984e-02 -1.191182956099510193e-01
3.341319859027862549e-01 -3.071756064891815186e-01
-2.042839676141738892e-02 1.351976394653320312e-01
1.834686547517776489e-01 -8.314859867095947266e-02
-9.417130798101425171e-02 -8.612280339002609253e-02
-7.490470260381698608e-02 2.352269440889358521e-01
3.081224262714385986e-01 -2.115952074527740479e-01
-1.916346698999404907e-01 1.178886070847511292e-01
-6.549176760017871857e-03 3.500158339738845825e-02
-2.341395914554595947e-01 2.995883822441101074e-01
-3.457252681255340576e-02 1.050900518894195557e-01
1.806044131517410278e-01 -1.968036293983459473e-01
3.022199310362339020e-02 5.995383113622665405e-02
4.776775464415550232e-02 -1.749914586544036865e-01
3.189727291464805603e-02 -5.559655651450157166e-02
2.800428494811058044e-02 -2.272722125053405762e-02
-4.098856449127197266e-01 2.568336129188537598e-01
-1.389743834733963013e-01 1.170846298336982727e-01
2.933200299739837646e-01 -1.671499758958816528e-01
2.280194461345672607e-01 -7.610797882080078125e-02
-1.825577318668365479e-01 -4.812308028340339661e-02
-1.642833650112152100e-01 1.324127707630395889e-02
-8.517806231975555420e-02 1.361257582902908325e-01
-4.445821046829223633e-02 -2.916183322668075562e-02
-1.901982575654983521e-01 1.649951189756393433e-01
6.138809025287628174e-02 -1.569768339395523071e-01
-1.778186112642288208e-02 8.000712096691131592e-02
-1.342599689960479736e-01 2.961669676005840302e-02
3.721697330474853516e-01 -2.131123393774032593e-01
-1.698714643716812134e-01 -4.017531499266624451e-02
-9.640891849994659424e-02 2.052657306194305420e-01
3.691010351758450270e-04 -4.842091351747512817e-02
8.476820774376392365e-03 2.200953960418701172e-01
1.614895015954971313e-01 -2.448700219392776489e-01
-1.476340889930725098e-01 2.154577970504760742e-01
-1.018415912985801697e-01 6.295049935579299927e-02
1.907773911952972412e-01 -1.958848536014556885e-01
-5.191219598054885864e-02 1.309217512607574463e-01
1.186112836003303528e-01 4.380055516958236694e-02
-2.959605753421783447e-01 2.760335803031921387e-01
2.772688865661621094e-01 2.903727442026138306e-02
-1.541956216096878052e-01 1.279997974634170532e-01
-3.717943280935287476e-02 9.621883183717727661e-02
1.899976581335067749e-01 -2.287991940975189209e-01
1.072654426097869873e-01 1.748640686273574829e-01
3.878290653228759766e-01 -4.084406197071075439e-01
1.106164306402206421e-01 1.634144783020019531e-01
-9.323840588331222534e-02 1.008303463459014893e-02
1.824262440204620361e-01 -1.546490639448165894e-01
3.004662692546844482e-01 -1.386407464742660522e-01
1.877029091119766235e-01 -1.680400967597961426e-01
-1.829264014959335327e-01 2.796398997306823730e-01
1.802389025688171387e-01 -7.898880541324615479e-02
-8.657445013523101807e-02 5.980905517935752869e-02
4.822698608040809631e-02 -5.754018202424049377e-02
4.686260223388671875e-02 -5.326933041214942932e-02
-6.710179895162582397e-02 1.197265982627868652e-01
-5.511733144521713257e-02 1.913641393184661865e-02
2.022658288478851318e-01 -3.519229590892791748e-01
6.813504546880722046e-02 1.395133584737777710e-01
2.283180505037307739e-01 -7.952383160591125488e-02
-1.684075966477394104e-02 -1.380591094493865967e-01
1.924482583999633789e-01 5.595778580754995346e-03
-2.097268998622894287e-01 2.734301984310150146e-01
2.021484225988388062e-01 -3.561123907566070557e-01
9.952307492494583130e-02 -2.614029347896575928e-01
1.948452088981866837e-03 6.006354838609695435e-02
1.741323769092559814e-01 -1.849493570625782013e-02
1.350149959325790405e-01 2.167424745857715607e-02
2.315066158771514893e-01 -3.777296543121337891e-01
1.142705827951431274e-01 -7.389089465141296387e-02
7.306250929832458496e-02 1.033193804323673248e-02
-1.398085504770278931e-01 3.864110708236694336e-01
-2.445576041936874390e-01 1.625742614269256592e-01
5.881061777472496033e-02 -2.757306694984436035e-01
3.081806004047393799e-01 -2.510819137096405029e-01
9.157024323940277100e-02 -2.176868543028831482e-02
1.371412724256515503e-01 -2.444318532943725586e-01
1.125416681170463562e-01 -7.533022016286849976e-02
5.919257923960685730e-02 -3.479183092713356018e-02
-1.967373788356781006e-01 2.848115004599094391e-02
-9.617170691490173340e-02 4.965598136186599731e-02
4.819191619753837585e-02 1.069812178611755371e-01
1.462645977735519409e-01 -1.938140541315078735e-01
-2.707657516002655029e-01 2.708743512630462646e-01
-1.404668483883142471e-02 -2.378641627728939056e-02
3.663428723812103271e-01 -3.662015497684478760e-01
-3.849046528339385986e-01 4.538081884384155273e-01
-1.126738712191581726e-01 -1.845950037240982056e-01
3.212802484631538391e-02 4.528001416474580765e-03
6.970896571874618530e-02 -1.155832856893539429e-01
-1.271177530288696289e-01 1.641498059034347534e-01
3.483444154262542725e-01 -3.186792433261871338e-01
-8.189554512500762939e-02 8.800723403692245483e-02
-5.396259203553199768e-02 1.008107885718345642e-02
-2.510878443717956543e-01 3.528239727020263672e-01
-3.109610378742218018e-01 -4.608136042952537537e-02
7.290890067815780640e-02 -3.496717512607574463e-01
-3.096550107002258301e-01 2.126449495553970337e-01
-7.264920324087142944e-02 1.925633400678634644e-01
7.424528896808624268e-02 -3.926671296358108521e-02
-7.337252795696258545e-02 1.921357214450836182e-02
9.349410235881805420e-02 -2.139804214239120483e-01
-7.519374787807464600e-02 1.808847337961196899e-01
-1.199493110179901123e-01 5.820474773645401001e-02
-7.817738503217697144e-02 5.388893932104110718e-02
-3.491278886795043945e-01 3.038010895252227783e-01
8.093529939651489258e-02 -1.419200003147125244e-02
1.138403862714767456e-01 2.021137624979019165e-01
1.996015459299087524e-01 -3.635544776916503906e-01
1.294044554233551025e-01 -2.282644808292388916e-01
2.419219762086868286e-01 4.750888328999280930e-03
-1.218459308147430420e-01 2.738281488418579102e-01
-4.606664180755615234e-01 4.518206417560577393e-01
-2.987613081932067871e-01 2.078609466552734375e-01
1.257592290639877319e-01 -1.619632244110107422e-01
3.291659057140350342e-01 -3.471337258815765381e-01
-1.182551085948944092e-01 1.364229768514633179e-01
-1.906535327434539795e-01 3.278444707393646240e-01
-1.728360652923583984e-01 1.643763929605484009e-01
3.236217796802520752e-01 -1.804909110069274902e-01
-1.877076178789138794e-02 5.118102207779884338e-02
3.944632709026336670e-01 -2.077396810054779053e-01
1.802094429731369019e-01 -3.235536217689514160e-01
1.112837120890617371e-01 -1.720723956823348999e-01
-2.292032986879348755e-01 1.886162608861923218e-01
2.773786187171936035e-01 -1.688771396875381470e-01
5.482249259948730469e-01 -5.466612577438354492e-01
-3.319251239299774170e-01 2.899707257747650146e-01
-8.545073121786117554e-02 -3.924266248941421509e-02
-3.799259960651397705e-01 2.952647507190704346e-01
1.937786042690277100e-01 -1.570545136928558350e-01
-8.999200165271759033e-02 9.421306848526000977e-02
2.734422124922275543e-02 -1.770534068346023560e-01
4.198136031627655029e-01 -5.329455137252807617e-01
-1.188723370432853699e-01 -3.441945835947990417e-02
-2.520425915718078613e-01 2.333634793758392334e-01
-7.484390735626220703e-01 7.048043012619018555e-01
4.255376383662223816e-02 2.303336560726165771e-01
-6.451872587203979492e-01 5.084872245788574219e-01
-6.313143670558929443e-02 1.705465912818908691e-01
4.330676794052124023e-01 -4.858238697052001953e-01
7.466776669025421143e-02 7.136087864637374878e-02
5.372121930122375488e-03 3.275928646326065063e-02
-4.302375912666320801e-01 4.856860339641571045e-01
2.262359857559204102e-01 -7.633401453495025635e-02
3.785024955868721008e-02 -2.816422581672668457e-01
3.206053003668785095e-02 -4.817367345094680786e-02
-3.335871398448944092e-01 1.441876441240310669e-01
2.188032716512680054e-01 -2.459472417831420898e-01
-1.423154771327972412e-01 2.809467539191246033e-02
1.294171512126922607e-01 -9.084954112768173218e-02
-4.215347170829772949e-01 4.588582217693328857e-01
4.215041697025299072e-01 -4.023562371730804443e-01
4.902003407478332520e-01 -5.480187535285949707e-01
-3.638793230056762695e-01 3.415770232677459717e-01
2.187157273292541504e-01 -2.245793640613555908e-01
2.411060333251953125e-01 -3.250026702880859375e-01
7.099104672670364380e-02 -7.162294536828994751e-02
-3.777854740619659424e-01 4.753614962100982666e-01
-5.254736542701721191e-01 6.378697156906127930e-01
1.914674788713455200e-01 1.043964922428131104e-01
7.306790947914123535e-01 -6.341521143913269043e-01
-4.184690415859222412e-01 4.275009930133819580e-01
3.264431953430175781e-01 -4.364561438560485840e-01
-2.199875414371490479e-01 3.459567427635192871e-01
-6.168470978736877441e-01 5.996000766754150391e-01
-2.503957748413085938e-01 4.334586560726165771e-01
-5.477607846260070801e-01 3.654508292675018311e-01
-3.021809458732604980e-01 2.779032886028289795e-01
-3.585638701915740967e-01 3.277695477008819580e-01
-3.262581825256347656e-01 3.483914732933044434e-01
2.869500592350959778e-02 3.917055577039718628e-02
5.838000774383544922e-01 -5.122607350349426270e-01
2.607347965240478516e-01 -4.805863201618194580e-01
1.797750033438205719e-02 -5.368954315781593323e-02
-2.855314016342163086e-01 1.874311119318008423e-01
-3.945536445826292038e-03 -1.687667518854141235e-01
-9.685218334197998047e-02 3.232542872428894043e-01
-2.123128324747085571e-01 2.449263632297515869e-01
-1.840423792600631714e-01 1.141888499259948730e-01
-2.284452468156814575e-01 2.871525660157203674e-02
-9.332759678363800049e-02 7.005008310079574585e-02
1.181741282343864441e-01 5.264198035001754761e-02
1.913749277591705322e-01 -1.072952747344970703e-01
-4.104179516434669495e-02 9.544557332992553711e-02
1.852926462888717651e-01 -3.300007283687591553e-01
-1.223161742091178894e-01 1.245277598500251770e-01
-7.499237358570098877e-02 -1.196251660585403442e-01
-2.856690287590026855e-01 1.253890395164489746e-01
-4.922523349523544312e-02 2.216528058052062988e-01
5.528781935572624207e-02 -1.375033706426620483e-01
-1.872436851263046265e-01 2.856052219867706299e-01
-2.726174704730510712e-02 7.615064829587936401e-02
-4.236941412091255188e-02 5.119624361395835876e-02
2.152565494179725647e-02 -9.018494188785552979e-02
-6.129560992121696472e-02 -1.269085258245468140e-01
-2.330329827964305878e-02 1.294568628072738647e-01
-1.208444982767105103e-01 1.161464750766754150e-01
-2.402002066373825073e-01 3.360466063022613525e-01
-9.705078601837158203e-02 8.268139511346817017e-02
-1.418235749006271362e-01 -1.807408290915191174e-03
-6.941244751214981079e-02 -4.570833593606948853e-02
-2.221191823482513428e-01 1.419431716203689575e-02
-2.644628286361694336e-01 2.939077615737915039e-01
-5.586675927042961121e-02 1.286762952804565430e-01
-4.782031755894422531e-03 -7.498737424612045288e-03
1.323563456535339355e-01 -3.059367090463638306e-02
-5.444655418395996094e-01 3.133259415626525879e-01
-2.169121354818344116e-01 2.381488829851150513e-01
-1.595460474491119385e-01 2.568117380142211914e-01
-3.686650469899177551e-02 -2.275303453207015991e-01
-2.933248281478881836e-01 2.035955935716629028e-01
-5.829650536179542542e-02 -6.433358788490295410e-02
1.839809268712997437e-01 -2.464331686496734619e-02
3.883201256394386292e-02 1.440984010696411133e-01
-2.714033722877502441e-01 2.394901216030120850e-01
-1.587745994329452515e-01 -5.205694586038589478e-02
3.967403620481491089e-02 1.490717753767967224e-02
-1.826369911432266235e-01 2.074865400791168213e-01
3.672610521316528320e-01 -3.536752462387084961e-01
2.427136152982711792e-01 -1.723183989524841309e-01
-2.802991569042205811e-01 1.808568835258483887e-01
-3.928004503250122070e-01 1.649534106254577637e-01
-3.401921689510345459e-02 -4.563731700181961060e-02
-2.578323148190975189e-02 -1.115494668483734131e-01
-1.516694128513336182e-01 1.413553953170776367e-01
-3.346041142940521240e-01 1.511455923318862915e-01
1.593437641859054565e-01 -4.552748799324035645e-02
-1.008114293217658997e-01 -8.128570765256881714e-02
-9.471925348043441772e-02 4.255833849310874939e-02
-4.225577414035797119e-01 3.691116571426391602e-01
-5.248110368847846985e-02 -2.302093356847763062e-01
-5.693612098693847656e-01 6.170611381530761719e-01
-2.510919570922851562e-01 1.434413492679595947e-01
1.144137606024742126e-01 -3.897759318351745605e-02
-6.943119317293167114e-02 1.604087650775909424e-01
4.415454566478729248e-01 -5.164273977279663086e-01
2.656332850456237793e-01 -3.358170390129089355e-01
