4.708125442266464233e-02 -8.489576727151870728e-02
9.045715630054473877e-02 -1.758355945348739624e-01
-5.476710572838783264e-02 2.709269523620605469e-01
-1.071938127279281616e-01 7.106563448905944824e-02
2.433987334370613098e-02 -1.436120420694351196e-01
1.607485562562942505e-01 -1.928228735923767090e-01
1.767219007015228271e-01 -3.875276446342468262e-02
3.486127555370330811e-01 -4.048736989498138428e-01
-1.976850330829620361e-01 8.530014753341674805e-02
2.504841983318328857e-01 -3.538769856095314026e-02
-1.469320654869079590e-01 2.089871317148208618e-01
-1.251250356435775757e-01 8.086764812469482422e-02
-3.428990021347999573e-02 1.843279302120208740e-01
-2.918617799878120422e-02 -1.360412240028381348e-01
1.687671691179275513e-01 -3.188384473323822021e-01
-1.713104546070098877e-01 2.280156165361404419e-01
1.983676701784133911e-01 -6.041600927710533142e-02
1.143272500485181808e-02 1.520100533962249756e-01
-2.376486808061599731e-01 2.036113590002059937e-01
-1.214514151215553284e-01 8.883653581142425537e-02
6.085031479597091675e-02 -2.168412208557128906e-01
-1.031438782811164856e-01 2.002110006287693977e-03
-3.096987120807170868e-02 -2.054568082094192505e-01
3.208537101745605469e-01 -1.274487227201461792e-01
-4.257719963788986206e-02 -1.668615192174911499e-01
-1.108976267278194427e-02 1.855468600988388062e-01
3.109707534313201904e-01 -1.346434801816940308e-01
2.028344422578811646e-01 -1.616073846817016602e-01
-4.058073163032531738e-01 2.580246925354003906e-01
3.357398211956024170e-01 -3.656086921691894531e-01
-6.721270084381103516e-02 3.173579648137092590e-02
2.131303101778030396e-01 -1.442925781011581421e-01
-9.634020924568176270e-02 1.758634150028228760e-01
3.236682713031768799e-02 1.207335516810417175e-01
-3.707462549209594727e-01 2.627754509449005127e-01
1.115365475416183472e-01 -3.889968246221542358e-02
-2.967772781848907471e-01 3.194696307182312012e-01
-2.974763810634613037e-01 2.317108809947967529e-01
3.939714729785919189e-01 -3.614446818828582764e-01
6.239421293139457703e-02 -8.860029280185699463e-02
1.412115395069122314e-01 -3.175431489944458008e-01
-2.125343494117259979e-02 -2.392501980066299438e-01
2.032011747360229492e-01 -1.039654240012168884e-01
-1.080112159252166748e-01 2.487135492265224457e-02
-2.784823253750801086e-02 -1.473024673759937286e-02
3.010457754135131836e-01 -1.613441556692123413e-01
-3.340526223182678223e-01 2.082259207963943481e-01
-1.643465012311935425e-01 1.230042800307273865e-01
3.169755265116691589e-02 6.167111545801162720e-02
1.897251009941101074e-01 -1.114597767591476440e-01
2.331063523888587952e-02 2.548877708613872528e-02
-1.240719854831695557e-01 1.654690057039260864e-01
7.771173119544982910e-02 1.826212555170059204e-02
3.495326638221740723e-01 -2.731576561927795410e-01
-4.070422351360321045e-01 3.725745975971221924e-01
-4.295488446950912476e-02 6.560805439949035645e-02
-9.194833040237426758e-02 1.467991918325424194e-01
-1.737913191318511963e-01 2.165770381689071655e-01
-3.743943572044372559e-01 3.529134690761566162e-01
-3.664364048745483160e-04 1.231478080153465271e-01
-1.637535393238067627e-01 1.656025052070617676e-01
3.769279224798083305e-03 5.495841056108474731e-02
2.335903495550155640e-01 -3.790387213230133057e-01
-5.508692190051078796e-02 1.455127149820327759e-01
3.885986506938934326e-01 -3.369113504886627197e-01
3.595294058322906494e-01 -8.120698481798171997e-02
5.277245640754699707e-01 -4.474542438983917236e-01
6.114706993103027344e-01 -5.870470404624938965e-01
2.367225438356399536e-01 -2.610245048999786377e-01
2.183064222335815430e-01 -4.098907113075256348e-01
-1.726556271314620972e-01 2.833295762538909912e-01
4.035337567329406738e-01 -2.976511418819427490e-01
1.282915771007537842e-01 -2.233993113040924072e-01
1.243138387799263000e-01 -1.842899918556213379e-01
6.030319333076477051e-01 -4.244566261768341064e-01
-3.224467039108276367e-01 2.680681943893432617e-01
-6.012517809867858887e-01 4.116854071617126465e-01
-1.841853111982345581e-01 1.829501092433929443e-01
1.427625119686126709e-01 -2.014674097299575806e-01
-4.307466447353363037e-01 5.902960300445556641e-01
5.326908230781555176e-01 -4.969486296176910400e-01
3.402512669563293457e-01 -2.920202910900115967e-01
-4.108935967087745667e-02 1.224291324615478516e-01
9.238998591899871826e-02 -7.189503405243158340e-03
3.750641047954559326e-01 -3.797787427902221680e-01
3.104775547981262207e-01 -1.197333410382270813e-01
-1.968110911548137665e-02 1.476196348667144775e-01
-4.576561972498893738e-02 2.836405932903289795e-01
2.088013589382171631e-01 -1.913623660802841187e-01
4.162177145481109619e-01 -3.581242561340332031e-01
-1.196711808443069458e-01 2.480000071227550507e-02
-9.251256473362445831e-03 5.566789582371711731e-02
-4.279495477676391602e-01 2.467917501926422119e-01
1.747088283300399780e-01 -1.130990311503410339e-01
-1.172553151845932007e-01 9.355811774730682373e-02
-2.817133963108062744e-01 1.165743842720985413e-01
-3.999223709106445312e-01 3.114097118377685547e-01
4.994246959686279297e-01 -5.829638838768005371e-01
-5.532774329185485840e-01 4.071120619773864746e-01
-1.941610127687454224e-01 1.195892095565795898e-01
1.009674891829490662e-01 -2.144156098365783691e-01
-5.747651457786560059e-01 4.328120946884155273e-01
4.898888766765594482e-01 -4.954031109809875488e-01
-1.996756158769130707e-02 1.692366749048233032e-01
-1.354199275374412537e-02 -4.217565804719924927e-02
-3.560090363025665283e-01 1.913475245237350464e-01
-1.579364947974681854e-02 -8.480498939752578735e-02
7.839728146791458130e-02 -1.209886148571968079e-01
-4.569193124771118164e-01 4.060801267623901367e-01
-1.072587743401527405e-01 2.319614402949810028e-02
1.637033969163894653e-01 7.907538861036300659e-02
1.338939219713211060e-01 -1.298957318067550659e-01
-1.318791210651397705e-01 3.429649770259857178e-01
3.423864245414733887e-01 -2.693527638912200928e-01
-7.546747475862503052e-02 4.910729452967643738e-02
-1.690246313810348511e-01 1.430602967739105225e-01
-4.522197321057319641e-02 -1.022358983755111694e-01
-2.269225716590881348e-01 1.740100234746932983e-01
-4.952238500118255615e-01 4.011474549770355225e-01
-1.263295710086822510e-01 8.442742750048637390e-03
-5.184012651443481445e-01 4.929815530776977539e-01
1.553860455751419067e-01 -8.889164775609970093e-02
-2.361250519752502441e-01 4.516163468360900879e-01
6.624939292669296265e-02 1.291733235120773315e-03
-1.774720847606658936e-02 8.120702207088470459e-02
8.534646593034267426e-03 1.599149256944656372e-01
4.405281841754913330e-01 -3.618800044059753418e-01
-2.720072567462921143e-01 1.426372528076171875e-01
4.552249312400817871e-01 -2.533017098903656006e-01
7.740588486194610596e-02 -3.396032005548477173e-02
3.598189353942871094e-02 -1.207327842712402344e-02
4.311936795711517334e-01 -3.496797084808349609e-01
-1.382915228605270386e-01 1.594405174255371094e-01
2.594097852706909180e-01 -3.458932042121887207e-01
-3.976050615310668945e-01 1.431014984846115112e-01
-2.615394294261932373e-01 1.294885575771331787e-01
-4.012016057968139648e-01 3.026302754878997803e-01
-8.799335360527038574e-02 -8.575422316789627075e-02
2.309713065624237061e-01 -3.694393634796142578e-01
1.943608820438385010e-01 -3.196521997451782227e-01
-1.830756962299346924e-01 6.310988217592239380e-02
-8.965981751680374146e-02 -5.970682576298713684e-02
-2.291699647903442383e-01 2.938233315944671631e-01
2.090135216712951660e-01 -3.099174201488494873e-01
-1.178616657853126526e-01 -3.449326381087303162e-02
-2.061097323894500732e-01 2.457773536443710327e-01
1.491636037826538086e-01 1.302106678485870361e-01
1.193574592471122742e-01 -1.687549352645874023e-01
3.274974226951599121e-01 -4.810852706432342529e-01
2.446534484624862671e-01 -3.682360053062438965e-01
3.756724670529365540e-02 2.500156760215759277e-01
1.881207674741744995e-01 -7.040861248970031738e-02
-2.632394433021545410e-01 1.630890667438507080e-01
-2.660305202007293701e-01 2.091048061847686768e-01
-2.060485482215881348e-01 7.258215546607971191e-02
1.841618269681930542e-01 -1.221075430512428284e-01
-4.935644865036010742e-01 1.704800277948379517e-01
4.039737880229949951e-01 -3.838205039501190186e-01
2.886005304753780365e-02 4.622181504964828491e-02
8.215103298425674438e-02 1.633574068546295166e-02
-2.611056528985500336e-02 3.703370317816734314e-02
-3.555179536342620850e-01 4.390888512134552002e-01
-1.676499545574188232e-01 1.609686315059661865e-01
-8.337086439132690430e-02 3.224910497665405273e-01
5.812693834304809570e-01 -3.957835435867309570e-01
1.362359821796417236e-01 -4.054265469312667847e-02
-1.495162993669509888e-01 6.605924665927886963e-02
-1.606380641460418701e-01 1.168582141399383545e-01
-3.436623141169548035e-02 9.837961941957473755e-02
1.654989272356033325e-01 -3.516864180564880371e-01
5.443343892693519592e-02 -6.948313117027282715e-02
-1.565124690532684326e-01 1.602696180343627930e-01
9.564833343029022217e-02 -2.972509525716304779e-02
2.306278198957443237e-01 -1.748313605785369873e-01
-2.914428114891052246e-01 2.161806225776672363e-01
3.491268754005432129e-01 -3.125411272048950195e-01
1.186030879616737366e-01 -2.743566036224365234e-01
-8.430594205856323242e-02 -6.237599998712539673e-02
-9.382083266973495483e-02 -5.232790485024452209e-02
3.166702985763549805e-01 -9.013798832893371582e-02
-3.650887906551361084e-01 5.667709708213806152e-01
5.356803908944129944e-02 -1.539522558450698853e-01
2.863287031650543213e-01 -1.947608739137649536e-01
-1.180454622954130173e-02 1.843775063753128052e-02
3.595590889453887939e-01 -1.004950627684593201e-01
-1.854914128780364990e-01 4.018650203943252563e-02
-3.416755795478820801e-02 3.706698119640350342e-02
-1.835044175386428833e-01 1.210010424256324768e-01
-5.443696975708007812e-01 5.158874988555908203e-01
1.233926862478256226e-01 1.251641809940338135e-01
9.624987840652465820e-02 -3.208097815513610840e-01
2.089738100767135620e-01 -5.437924712896347046e-02
2.357435822486877441e-01 -2.263428419828414917e-01
9.945801645517349243e-02 -1.598525494337081909e-01
6.960827112197875977e-02 7.317885290831327438e-03
1.695142984390258789e-01 -2.142412364482879639e-01
-2.210610918700695038e-02 -8.251751959323883057e-02
-4.671148657798767090e-01 3.324211537837982178e-01
-2.112912982702255249e-01 2.105048149824142456e-01
-2.910613082349300385e-02 -1.466786116361618042e-01
2.166242152452468872e-01 5.907281860709190369e-02
1.942928135395050049e-01 -1.561104319989681244e-02
1.866265088319778442e-01 -6.834034807980060577e-03
-1.346913576126098633e-01 1.720249950885772705e-01
-2.758953869342803955e-01 2.422788888216018677e-01
2.703556418418884277e-02 1.591700464487075806e-01
-4.306272864341735840e-01 1.637917757034301758e-01
1.091042459011077881e-01 -2.580825686454772949e-01
-4.711276292800903320e-02 4.626084491610527039e-02
-2.652854919433593750e-01 1.171770989894866943e-01
-1.743735820055007935e-01 8.990001678466796875e-02
1.591949015855789185e-01 -2.596937119960784912e-01
-4.558420181274414062e-01 4.471080005168914795e-01
2.170678973197937012e-01 -1.273281276226043701e-01
-4.813392087817192078e-02 -6.127464026212692261e-02
-7.040771096944808960e-02 -2.073235623538494110e-02
-9.612930007278919220e-03 1.397252827882766724e-01
-1.706027835607528687e-01 1.649973988533020020e-01
2.115445584058761597e-01 -1.283323168754577637e-01
1.747155785560607910e-01 -5.452216416597366333e-02
-1.656085066497325897e-02 7.207229733467102051e-02
-3.557070717215538025e-02 3.214469254016876221e-01
2.104525566101074219e-01 -1.732922345399856567e-01
-1.495509291999042034e-03 1.130168735980987549e-01
2.404505908489227295e-01 -3.491772338747978210e-02
-6.594888120889663696e-02 2.729048728942871094e-01
1.515254378318786621e-02 3.444828838109970093e-02
8.036627620458602905e-02 -1.002790629863739014e-01
1.796372085809707642e-01 -1.230723708868026733e-01
-1.472120583057403564e-01 1.625356823205947876e-01
5.591807141900062561e-02 -2.180745080113410950e-02
-1.229796335101127625e-01 -4.437082633376121521e-02
1.216079667210578918e-01 -2.827666513621807098e-02
-2.576166950166225433e-02 6.610640138387680054e-02
2.876144945621490479e-01 -3.810044527053833008e-01
4.138246476650238037e-01 -1.202055066823959351e-01
-1.271643936634063721e-01 2.186454683542251587e-01
-1.661776751279830933e-02 -9.375879913568496704e-02
6.471530348062515259e-02 -2.504621446132659912e-01
-1.807364374399185181e-01 2.014193534851074219e-01
1.689835190773010254e-01 -6.639935821294784546e-02
1.354061812162399292e-01 8.341743797063827515e-02
3.222392201423645020e-01 -1.935380548238754272e-01
-4.009878635406494141e-01 2.955884337425231934e-01
-1.836691796779632568e-01 1.673890948295593262e-01
-2.392435967922210693e-01 8.531635254621505737e-02
-2.819548249244689941e-01 2.782957553863525391e-01
-2.739611864089965820e-01 1.383795589208602905e-01
2.924394235014915466e-02 -1.513448506593704224e-01
-2.457049340009689331e-01 4.848256707191467285e-02
-3.413496315479278564e-01 7.479657232761383057e-02
-2.338035702705383301e-01 1.967281103134155273e-01
3.357361769303679466e-03 -8.205596357583999634e-02
3.897714987397193909e-02 -1.346293091773986816e-02
2.193908840417861938e-01 -3.922799527645111084e-01
1.871182024478912354e-02 9.809752553701400757e-02
