1.525290463177952915e-05 -1.598917543888092041e-01
2.219703346490859985e-01 -9.081870317459106445e-02
-1.687986552715301514e-01 7.573077827692031860e-02
7.853665202856063843e-02 -2.537759244441986084e-01
-3.900138139724731445e-01 2.797140181064605713e-01
-2.624711394309997559e-01 2.627561092376708984e-01
7.549897581338882446e-02 -2.152459919452667236e-01
-2.022443804889917374e-03 -9.279195219278335571e-02
-2.548826336860656738e-01 4.259784221649169922e-01
1.177235543727874756e-01 -5.017171055078506470e-02
-2.276431918144226074e-01 8.162002195604145527e-04
-2.426462620496749878e-01 2.626912593841552734e-01
3.087225854396820068e-01 -3.363085687160491943e-01
-3.951353132724761963e-01 2.788300216197967529e-01
-1.027017533779144287e-01 2.541839778423309326e-01
-1.650971174240112305e-01 1.442169249057769775e-01
1.294949501752853394e-01 -1.057958602905273438e-01
-1.217592433094978333e-01 2.367372512817382812e-01
3.973287343978881836e-02 9.382671117782592773e-02
3.590573966503143311e-01 -4.413079619407653809e-01
-1.766355633735656738e-01 2.173947393894195557e-01
-1.957202702760696411e-01 2.866092324256896973e-01
4.122070223093032837e-02 -3.461518138647079468e-02
-2.847848273813724518e-02 1.073570325970649719e-01
-4.510479792952537537e-02 5.197680555284023285e-03
4.569669440388679504e-02 -1.196893956512212753e-02
2.711628973484039307e-01 -9.297791868448257446e-02
-2.545498311519622803e-01 2.452355474233627319e-01
1.857593953609466553e-01 -3.143780827522277832e-01
3.372468650341033936e-01 -2.018924951553344727e-01
-4.427635669708251953e-02 -1.283310055732727051e-01
-2.700065076351165771e-02 -8.860152959823608398e-02
-2.199181765317916870e-01 5.062611401081085205e-02
4.437335208058357239e-02 1.622879803180694580e-01
3.243237137794494629e-01 -2.176930457353591919e-01
1.545687168836593628e-01 -2.648096382617950439e-01
-2.347568571567535400e-01 1.032746359705924988e-01
6.606255471706390381e-02 3.337660059332847595e-02
-2.670723199844360352e-01 4.464779496192932129e-01
4.485540464520454407e-02 -1.711635291576385498e-01
3.690352737903594971e-01 -3.342924118041992188e-01
2.113124132156372070e-01 -1.473844498395919800e-01
9.592515230178833008e-02 -1.894599050283432007e-01
-5.288040731102228165e-03 4.098036885261535645e-02
-1.311584375798702240e-02 -2.946062088012695312e-01
4.022473990917205811e-01 -2.508946657180786133e-01
2.308665663003921509e-01 -7.203357666730880737e-02
-1.401487886905670166e-01 -3.071583807468414307e-02
-3.946107625961303711e-01 2.165897935628890991e-01
-3.288845121860504150e-01 1.596607714891433716e-01
2.479604184627532959e-01 -3.679934144020080566e-01
1.091447100043296814e-01 4.792429506778717041e-02
3.243611007928848267e-02 -1.805911362171173096e-01
1.687844693660736084e-01 -6.464470922946929932e-02
9.210043400526046753e-02 -1.864548176527023315e-01
-1.394907236099243164e-01 1.574076861143112183e-01
5.418447032570838928e-02 3.524783998727798462e-03
1.113184690475463867e-01 -1.580124795436859131e-01
4.858761653304100037e-02 -4.274925962090492249e-02
1.751111596822738647e-01 -3.666444718837738037e-01
-7.600209861993789673e-02 1.658348739147186279e-01
4.083714187145233154e-01 -3.695452511310577393e-01
-3.290674686431884766e-01 3.039966821670532227e-01
-1.083998009562492371e-01 2.049739938229322433e-03
4.346804693341255188e-02 -4.500290378928184509e-02
1.492325216531753540e-01 -2.168753743171691895e-01
1.337874829769134521e-01 -2.160558998584747314e-01
1.422629803419113159e-01 -1.817513108253479004e-01
-2.680384516716003418e-01 3.108779489994049072e-01
-2.042272314429283142e-02 1.087136492133140564e-01
-2.034433484077453613e-01 1.377500295639038086e-01
1.275920718908309937e-01 2.327914163470268250e-02
-2.275525480508804321e-01 1.206816509366035461e-01
9.215486794710159302e-02 -3.562202453613281250e-01
1.261093914508819580e-01 -3.497214242815971375e-02
-2.152106761932373047e-01 2.981403768062591553e-01
-2.089015394449234009e-02 -4.217569530010223389e-02
-2.104039117693901062e-02 8.794809877872467041e-02
1.138858720660209656e-01 -1.527919620275497437e-02
-1.948905438184738159e-01 1.511866450309753418e-01
-7.642800360918045044e-02 -2.843032032251358032e-02
-1.633149385452270508e-01 2.703521847724914551e-01
-1.629683524370193481e-01 2.401437312364578247e-01
1.627693027257919312e-01 -1.107320934534072876e-01
-8.448699861764907837e-02 1.435415819287300110e-02
1.652905941009521484e-01 -3.026403188705444336e-01
-4.598738998174667358e-02 2.043104171752929688e-01
1.988443583250045776e-01 -2.769522666931152344e-01
-3.488663136959075928e-01 3.666269779205322266e-02
5.416081845760345459e-02 -2.452350407838821411e-01
-1.865048259496688843e-01 2.725038826465606689e-01
-2.125547826290130615e-01 2.870417237281799316e-01
1.514723747968673706e-01 -3.998827338218688965e-01
-1.655323356389999390e-01 3.935522213578224182e-02
-2.350592166185379028e-01 2.057181000709533691e-01
1.193915903568267822e-01 -2.491046488285064697e-01
-7.256858050823211670e-02 -2.163364179432392120e-02
-2.437280025333166122e-03 1.231204494833946228e-01
1.084982901811599731e-01 -1.285954266786575317e-01
-1.455821543931961060e-01 9.677077829837799072e-02
-1.560175269842147827e-01 2.748715281486511230e-01
3.855322599411010742e-01 -2.322701960802078247e-01
-3.912501931190490723e-01 2.909000813961029053e-01
1.055785566568374634e-01 1.042026281356811523e-01
1.931044757366180420e-01 -2.043274939060211182e-01
1.789969056844711304e-01 2.061959542334079742e-02
-5.088050290942192078e-02 7.149387896060943604e-02
-6.805606931447982788e-02 2.280611544847488403e-01
-1.996178627014160156e-01 2.095547020435333252e-01
2.260622680187225342e-01 -3.195606172084808350e-01
-3.413409292697906494e-01 2.628561854362487793e-01
2.723118476569652557e-02 -2.009215801954269409e-01
4.864857345819473267e-02 -1.962624788284301758e-01
-2.852570116519927979e-01 1.718613654375076294e-01
9.960132651031017303e-03 -7.143107801675796509e-02
-7.828950136899948120e-02 7.694593071937561035e-02
3.439115583896636963e-01 -2.968534827232360840e-01
3.410340547561645508e-01 -2.864765524864196777e-01
1.632936149835586548e-01 -1.416683048009872437e-01
2.878896594047546387e-01 -1.740995794534683228e-01
1.382557451725006104e-01 -2.292835563421249390e-01
2.646305859088897705e-01 -2.407895028591156006e-01
-9.051924198865890503e-02 -1.489903591573238373e-02
7.809253036975860596e-02 1.979740895330905914e-02
-2.110435515642166138e-01 2.062445431947708130e-01
-1.914165318012237549e-01 2.226830124855041504e-01
-1.313539743423461914e-01 4.400075599551200867e-02
-1.031129211187362671e-01 1.926543414592742920e-01
-1.228797286748886108e-01 3.614801168441772461e-01
2.688620090484619141e-01 -1.990416646003723145e-01
1.097224745899438858e-02 -1.913185045123100281e-02
1.257729828357696533e-01 -3.107755780220031738e-01
-2.574461400508880615e-01 9.543148428201675415e-02
-2.289160043001174927e-01 1.633101403713226318e-01
-9.703490138053894043e-02 1.296937316656112671e-01
-1.442176997661590576e-01 2.888232171535491943e-01
-8.265895396471023560e-02 2.551517188549041748e-01
2.701523900032043457e-01 -2.351734191179275513e-01
-1.538741439580917358e-01 1.742216199636459351e-01
-1.043527126312255859e-01 1.265638619661331177e-01
1.077042296528816223e-01 -5.912881717085838318e-02
-2.925041317939758301e-01 1.916836202144622803e-01
2.663576230406761169e-02 1.204302757978439331e-01
2.397957593202590942e-01 -1.647040992975234985e-01
-5.469965189695358276e-02 -1.311692148447036743e-01
-4.673950374126434326e-02 2.496643178164958954e-02
1.471952497959136963e-01 -2.837222516536712646e-01
3.314686417579650879e-01 -2.153421342372894287e-01
6.564690917730331421e-02 2.044955641031265259e-02
-3.197666406631469727e-01 3.614017069339752197e-01
-1.394439041614532471e-01 2.030746787786483765e-01
-1.296448409557342529e-01 1.198557093739509583e-01
-3.950308635830879211e-02 1.245844364166259766e-01
-2.027897685766220093e-01 4.715784639120101929e-02
-1.334807127714157104e-01 1.074954271316528320e-01
-3.983167707920074463e-01 2.424414604902267456e-01
-4.060216248035430908e-02 -1.551850419491529465e-02
-8.714754134416580200e-03 4.764020850416272879e-04
-3.808082640171051025e-02 -1.198555752635002136e-01
2.353060245513916016e-01 -1.685472726821899414e-01
1.881354898214340210e-01 -3.260050117969512939e-01
-2.023939490318298340e-01 -1.966709457337856293e-02
2.312820702791213989e-01 -2.017637044191360474e-01
1.464310437440872192e-01 -1.267429441213607788e-01
-4.978852570056915283e-01 3.456919491291046143e-01
1.406686194241046906e-02 9.985645860433578491e-02
-2.147665619850158691e-01 5.020759999752044678e-02
3.341089468449354172e-03 9.015446528792381287e-03
2.144387364387512207e-01 -1.231865286827087402e-01
1.756378076970577240e-02 2.743871696293354034e-02
-7.242182642221450806e-02 2.373944520950317383e-01
2.181853652000427246e-01 -1.437595784664154053e-01
-1.014955118298530579e-01 -1.924581825733184814e-02
3.615981638431549072e-01 -4.202972650527954102e-01
3.139941692352294922e-01 -3.290432095527648926e-01
-4.120306074619293213e-01 1.832887083292007446e-01
-1.468375176191329956e-01 5.017119646072387695e-02
-4.296704009175300598e-02 -1.516615897417068481e-01
2.324063479900360107e-01 -2.402738630771636963e-01
1.534854620695114136e-01 -1.157953590154647827e-01
-4.103538393974304199e-02 -2.857443876564502716e-02
1.128089055418968201e-01 -9.725762158632278442e-02
-1.028130725026130676e-01 -1.370380669832229614e-01
-1.894997954368591309e-01 1.122034192085266113e-01
-2.862409949302673340e-01 1.331483721733093262e-01
1.226220950484275818e-01 -1.898862868547439575e-01
2.121139019727706909e-01 -1.281030476093292236e-01
1.050499752163887024e-01 -1.788000911474227905e-01
-2.392655909061431885e-01 1.559052020311355591e-01
1.009763553738594055e-01 -9.076799452304840088e-02
-2.387152314186096191e-01 -9.189556539058685303e-02
1.257255822420120239e-01 -1.490221619606018066e-01
-1.253819465637207031e-02 9.890336543321609497e-02
-5.354397743940353394e-02 1.716320365667343140e-01
8.583743125200271606e-02 -1.403853483498096466e-02
3.852913677692413330e-01 -1.601677089929580688e-01
-1.340909153223037720e-01 -1.894493587315082550e-02
-2.345537990331649780e-01 3.049297630786895752e-01
-1.468519568443298340e-01 2.830415070056915283e-01
5.575362965464591980e-02 -4.345081746578216553e-02
-6.236961111426353455e-02 2.316005975008010864e-01
4.822573438286781311e-02 -5.409473553299903870e-02
2.812727726995944977e-02 -5.166301876306533813e-02
3.768020495772361755e-02 -1.514692008495330811e-01
-1.221778914332389832e-01 -5.227010697126388550e-03
1.459903419017791748e-01 8.235425688326358795e-03
3.639345988631248474e-02 1.108825802803039551e-01
1.639658510684967041e-01 -2.327970117330551147e-01
5.975716188549995422e-02 2.680147811770439148e-02
3.630661368370056152e-01 -1.398582011461257935e-01
9.165871888399124146e-02 8.223946392536163330e-02
1.783037150744348764e-04 -2.206974178552627563e-01
-2.944253087043762207e-01 1.687226891517639160e-01
-2.480480670928955078e-01 2.022017091512680054e-01
-2.909790575504302979e-01 2.241458445787429810e-01
2.366053014993667603e-01 -9.566244482994079590e-02
2.954224646091461182e-01 -1.772313266992568970e-01
7.196537405252456665e-02 -2.423473000526428223e-01
-2.497567683458328247e-01 6.660670787096023560e-02
-3.904402852058410645e-01 8.996587246656417847e-02
2.855231463909149170e-01 -3.118661940097808838e-01
-1.964492201805114746e-01 2.178935259580612183e-01
1.405136883258819580e-01 -2.144560217857360840e-01
1.214127466082572937e-01 -1.381040960550308228e-01
-3.385014086961746216e-02 1.121687516570091248e-01
2.018356025218963623e-01 -1.855971217155456543e-01
2.730455398559570312e-01 -1.430816799402236938e-01
1.866702884435653687e-01 3.226029686629772186e-03
-3.913216888904571533e-01 2.745513617992401123e-01
-1.598909050226211548e-01 6.322196871042251587e-02
-2.073599100112915039e-01 1.953719854354858398e-01
1.343704909086227417e-01 -4.922090843319892883e-02
2.551124989986419678e-01 -1.209027692675590515e-01
3.316432982683181763e-02 9.676738828420639038e-02
-7.869811356067657471e-02 2.109976261854171753e-01
9.400567412376403809e-02 -8.503971993923187256e-02
1.191302314400672913e-01 -7.991407066583633423e-02
9.794113785028457642e-02 -2.089963704347610474e-01
1.278220396488904953e-02 1.023911591619253159e-02
-2.571321427822113037e-01 2.780408561229705811e-01
1.606429927051067352e-03 -3.333722427487373352e-02
-7.661934196949005127e-02 1.921961456537246704e-01
3.205935359001159668e-01 -2.975913882255554199e-01
8.807020634412765503e-02 1.329438574612140656e-02
1.400500237941741943e-01 -1.633817330002784729e-02
9.054160118103027344e-02 -6.651838123798370361e-02
-1.552470475435256958e-01 1.125072538852691650e-01
-1.527430862188339233e-01 3.800640627741813660e-02
-9.537389129400253296e-02 2.154856175184249878e-01
1.123543232679367065e-01 -3.662789985537528992e-02
1.915357708930969238e-01 -2.373678982257843018e-01
2.651898264884948730e-01 -6.912882626056671143e-02
-7.121280580759048462e-02 -6.772093474864959717e-02
8.611442148685455322e-02 -3.699519485235214233e-02
1.906924545764923096e-01 -4.556930810213088989e-02
-1.792302280664443970e-01 1.088185086846351624e-01
