-2.580316923558712006e-02 -1.722446456551551819e-02
2.890310063958168030e-02 -1.773182600736618042e-01
5.985366925597190857e-02 6.205153092741966248e-02
1.874257624149322510e-02 -3.378224372863769531e-02
3.546952502802014351e-03 -1.223886609077453613e-01
-1.654621958732604980e-01 1.808023303747177124e-01
1.686460226774215698e-01 8.176935464143753052e-02
-7.436895370483398438e-02 -1.850004680454730988e-02
1.322486251592636108e-01 1.200252920389175415e-01
6.253594905138015747e-02 -4.618965089321136475e-02
1.154294162988662720e-01 -5.910294875502586365e-02
-5.550852417945861816e-02 -2.811359241604804993e-02
4.148955643177032471e-02 4.578046128153800964e-02
-8.805247396230697632e-02 -1.958632469177246094e-01
8.353216201066970825e-02 7.839985191822052002e-02
1.985258422791957855e-02 7.553603500127792358e-02
4.580338299274444580e-02 -1.493030786514282227e-01
-5.187263712286949158e-02 1.206998154520988464e-01
-4.902813956141471863e-02 9.469456970691680908e-02
-1.323080658912658691e-01 1.333505380898714066e-02
5.549269542098045349e-02 -1.006258055567741394e-01
-7.565973699092864990e-02 -1.063675284385681152e-01
4.480717331171035767e-02 7.074255496263504028e-02
7.674426585435867310e-02 -7.285770028829574585e-02
-1.045265570282936096e-01 -8.891084790229797363e-02
-1.287335455417633057e-01 1.106857210397720337e-01
6.607966870069503784e-02 -1.027250569313764572e-02
-8.428788185119628906e-02 7.072413712739944458e-02
-7.637947332113981247e-03 -9.973307698965072632e-02
9.777855128049850464e-02 -6.515749730169773102e-03
1.899351328611373901e-01 4.446431063115596771e-03
1.734094172716140747e-01 1.283026188611984253e-01
3.428966924548149109e-02 -1.340746879577636719e-01
-1.338153928518295288e-01 8.693995326757431030e-02
2.574953716248273849e-03 -3.592109074816107750e-03
-1.266834437847137451e-01 -9.239824861288070679e-02
-8.007695525884628296e-02 -4.147445783019065857e-02
-2.924276702105998993e-02 5.088059976696968079e-02
-6.162726879119873047e-02 -4.715432971715927124e-02
-1.154072657227516174e-01 5.478826910257339478e-02
1.157975718379020691e-01 -1.595504283905029297e-01
5.632962659001350403e-02 1.027911826968193054e-01
9.187066927552223206e-03 1.350911706686019897e-01
-1.725309938192367554e-01 -7.399707566946744919e-03
9.088620543479919434e-02 -1.032146140933036804e-01
2.373761683702468872e-02 1.562506332993507385e-02
-5.261189863085746765e-02 1.027775183320045471e-01
5.818802863359451294e-02 4.057750478386878967e-02
6.751766800880432129e-02 7.772076129913330078e-02
-1.757421530783176422e-02 9.750941768288612366e-03
-1.053334102034568787e-01 5.268668290227651596e-03
-8.344379812479019165e-02 -6.038363650441169739e-02
1.498185843229293823e-02 1.126633863896131516e-02
9.961345046758651733e-02 -6.742329150438308716e-02
-2.937179803848266602e-02 -3.507081791758537292e-02
-4.207933694124221802e-02 6.632606685161590576e-02
-4.961716011166572571e-02 -9.236818552017211914e-02
-6.227625533938407898e-02 -8.993786573410034180e-02
-9.404467046260833740e-02 1.158305332064628601e-01
-1.522130966186523438e-01 3.572314977645874023e-02
1.357139796018600464e-01 1.074054762721061707e-01
-1.123304292559623718e-01 2.908091619610786438e-02
-2.081257989630103111e-03 4.418415948748588562e-02
-1.787997186183929443e-01 -7.778256386518478394e-02
8.281853049993515015e-02 8.165385574102401733e-02
-4.508537054061889648e-02 -4.311510920524597168e-02
-5.515522509813308716e-02 -1.252696942538022995e-02
1.074272617697715759e-01 -4.317284747958183289e-02
1.151050478219985962e-01 -5.311528686434030533e-03
-2.244672551751136780e-02 1.102833524346351624e-01
2.410842292010784149e-02 3.980085253715515137e-02
1.575627326965332031e-01 -5.616473779082298279e-02
8.904352039098739624e-02 -4.485284164547920227e-02
2.439882792532444000e-02 1.430584379704669118e-04
-6.582712382078170776e-02 -3.661887720227241516e-02
9.353515505790710449e-02 2.419054694473743439e-02
-1.302472054958343506e-01 1.506327837705612183e-01
1.219640150666236877e-01 -5.592860653996467590e-02
-2.774462802335619926e-03 -1.462451554834842682e-02
5.620154365897178650e-02 -5.635774880647659302e-02
-1.149233207106590271e-01 5.155776068568229675e-02
-7.689152657985687256e-02 -3.134066238999366760e-02
1.240137740969657898e-01 -1.294346451759338379e-01
-2.664220891892910004e-02 -2.518131211400032043e-02
-6.106585264205932617e-02 -8.091051131486892700e-02
-4.744018986821174622e-02 -2.928378619253635406e-02
1.215073987841606140e-01 3.923202306032180786e-02
-1.863589137792587280e-02 1.519585549831390381e-01
5.436782911419868469e-02 -6.903345882892608643e-02
-5.570584163069725037e-02 -1.218834891915321350e-01
-6.316329538822174072e-02 -1.713940314948558807e-02
-1.442728489637374878e-01 1.034008339047431946e-02
4.249106347560882568e-02 6.479854136705398560e-02
-1.811536215245723724e-02 -4.370593652129173279e-02
1.384610682725906372e-01 2.926387591287493706e-03
1.554311532527208328e-02 9.287407621741294861e-03
1.369536519050598145e-01 1.538001745939254761e-02
-2.724312618374824524e-02 -5.363757722079753876e-03
-8.889115601778030396e-02 1.025805696845054626e-01
-1.029932275414466858e-01 7.660008221864700317e-02
-1.254350543022155762e-01 8.591257780790328979e-02
-7.074272632598876953e-02 -4.685638844966888428e-02
-6.144219636917114258e-02 6.312027573585510254e-02
4.690255597233772278e-02 -1.656353920698165894e-01
-1.022122427821159363e-01 3.729579225182533264e-02
-5.793574452400207520e-02 -2.814805600792169571e-03
-1.720688790082931519e-01 -1.949537359178066254e-02
2.242123894393444061e-02 8.917017839848995209e-04
9.353964775800704956e-02 1.643369533121585846e-02
1.019439846277236938e-01 1.070115063339471817e-02
4.134061932563781738e-02 1.433645724318921566e-03
-5.094471201300621033e-02 9.839387983083724976e-02
-1.777046620845794678e-01 -9.890179336071014404e-02
2.975392562802881002e-04 1.566406786441802979e-01
7.183335721492767334e-02 7.012929767370223999e-02
1.018986105918884277e-01 -7.724266499280929565e-02
-6.669732928276062012e-02 -3.326806053519248962e-02
-8.524226397275924683e-02 5.167068168520927429e-02
8.067670464515686035e-02 -1.926814438775181770e-03
3.103678300976753235e-02 9.326276369392871857e-03
-5.397904664278030396e-02 1.989371478557586670e-01
1.443538665771484375e-01 -6.497751921415328979e-02
4.451356455683708191e-02 3.908363357186317444e-02
-1.667694300413131714e-01 9.032676368951797485e-02
-1.005910150706768036e-02 -2.776414155960083008e-02
-4.171819612383842468e-02 1.161216106265783310e-02
1.339745428413152695e-02 6.040847301483154297e-02
-1.791843324899673462e-01 -1.009187027812004089e-01
1.267268657684326172e-01 -9.336177259683609009e-02
-2.620458975434303284e-02 -8.482002466917037964e-02
7.078650593757629395e-02 -4.886525124311447144e-02
-1.121785789728164673e-01 6.276207417249679565e-02
3.359326347708702087e-02 4.935769364237785339e-02
6.631895899772644043e-02 -1.527880877256393433e-01
1.550731360912322998e-01 -1.596791446208953857e-01
-7.133514434099197388e-02 -2.346445992588996887e-02
-8.863397873938083649e-03 -7.734906673431396484e-02
1.433375924825668335e-01 4.126282781362533569e-02
1.410385519266128540e-01 2.419782429933547974e-02
1.742996424436569214e-01 8.176463842391967773e-02
4.209818318486213684e-03 -1.167892441153526306e-01
-7.520830631256103516e-02 -1.632245630025863647e-01
1.345155090093612671e-01 -7.002770435065031052e-03
-7.701574265956878662e-02 -1.513139344751834869e-03
1.174790188670158386e-01 -9.408978372812271118e-02
1.337743015028536320e-03 4.637667909264564514e-03
5.226922780275344849e-02 1.756666749715805054e-01
6.195833161473274231e-02 -4.623555019497871399e-02
-1.155486255884170532e-01 9.782091714441776276e-03
9.151601791381835938e-02 1.445943606086075306e-03
2.963682077825069427e-02 2.045082487165927887e-02
3.429404646158218384e-02 -1.087337732315063477e-01
-1.459504384547472000e-02 -1.598656028509140015e-01
7.743711769580841064e-02 4.372572526335716248e-02
1.114388480782508850e-01 -7.891904562711715698e-02
-2.126643201336264610e-03 -8.303812891244888306e-02
-7.536897063255310059e-02 -6.134054809808731079e-02
-5.178077146410942078e-02 6.780266016721725464e-02
7.161639630794525146e-03 -7.730649411678314209e-02
7.550902664661407471e-02 -1.064822003245353699e-01
1.335038989782333374e-01 1.077992543578147888e-01
1.764513105154037476e-01 -2.653663977980613708e-03
-2.031113207340240479e-02 7.301302254199981689e-02
5.902534350752830505e-02 4.341560602188110352e-02
-5.711458995938301086e-02 -1.368439793586730957e-01
7.301258295774459839e-02 -1.196704655885696411e-01
1.406541019678115845e-01 -1.918430924415588379e-01
1.549639739096164703e-02 -1.891637803055346012e-03
2.278475277125835419e-02 2.143854647874832153e-02
1.654002666473388672e-01 1.586542464792728424e-02
4.129756614565849304e-02 -1.124415546655654907e-01
-2.483969740569591522e-02 -4.870660230517387390e-02
1.639897227287292480e-01 5.839464138261973858e-04
-5.929262563586235046e-02 -5.463755130767822266e-02
4.983071610331535339e-02 8.364906162023544312e-02
1.477978080511093140e-01 1.131248697638511658e-01
-1.498496383428573608e-01 1.238870620727539062e-01
9.953773021697998047e-02 -6.510233134031295776e-02
-5.461273342370986938e-02 3.073413623496890068e-03
-5.868036299943923950e-02 -1.874417960643768311e-01
-7.952178269624710083e-02 -5.809040740132331848e-02
2.650757506489753723e-02 -1.707841604948043823e-01
-1.381837576627731323e-01 5.237606167793273926e-02
-4.459966719150543213e-02 1.171141788363456726e-01
1.684013605117797852e-01 9.620375931262969971e-04
-8.989242464303970337e-02 -1.687340438365936279e-01
-1.403695642948150635e-01 -2.267293259501457214e-02
6.015920266509056091e-02 1.208972930908203125e-01
-3.491143882274627686e-02 3.511367738246917725e-02
2.577964961528778076e-02 -1.755071245133876801e-02
1.585656255483627319e-01 3.845322877168655396e-02
-5.601681023836135864e-02 -3.593721613287925720e-02
-4.915910586714744568e-02 7.037256844341754913e-03
8.103140443563461304e-02 -8.310352265834808350e-02
1.045260354876518250e-01 -4.385198280215263367e-02
2.262655412778258324e-03 -4.427297413349151611e-02
-5.479400977492332458e-02 6.798993051052093506e-02
-2.504220604896545410e-02 1.417343225330114365e-02
8.940959721803665161e-02 1.807370595633983612e-02
5.505387857556343079e-02 -1.500158291310071945e-02
3.358539193868637085e-02 -1.310935337096452713e-02
4.706818982958793640e-02 2.508192136883735657e-02
6.727226078510284424e-02 -1.286132037639617920e-01
-3.794614225625991821e-03 -1.144390925765037537e-01
3.866485712933354080e-05 5.892807990312576294e-02
7.132992148399353027e-02 7.040440291166305542e-02
2.190090902149677277e-02 7.571127265691757202e-02
1.028677821159362793e-01 1.679375767707824707e-01
-1.360828876495361328e-01 9.083689004182815552e-02
-1.136017311364412308e-02 2.922593057155609131e-02
1.353544443845748901e-01 -2.248781546950340271e-02
-3.024302236735820770e-02 -6.083359476178884506e-03
-1.454049497842788696e-01 5.853463336825370789e-02
-4.596094414591789246e-02 6.379059702157974243e-02
2.727031242102384567e-03 6.071357801556587219e-02
1.401269286870956421e-01 -1.608124934136867523e-02
8.042435161769390106e-03 -9.149017184972763062e-02
-3.581238910555839539e-02 1.150005087256431580e-01
8.406122773885726929e-02 -3.202409669756889343e-02
-3.151439595967531204e-03 1.877092639915645123e-03
-6.971818208694458008e-02 -1.571529954671859741e-01
1.121084317564964294e-01 -3.137581050395965576e-02
-3.102527000010013580e-02 8.597375452518463135e-02
2.943172864615917206e-02 -1.783711165189743042e-01
-1.485095620155334473e-01 -4.652876406908035278e-02
-7.889491319656372070e-02 -1.047637499868869781e-02
9.426796436309814453e-02 7.848631590604782104e-02
-1.415604539215564728e-02 1.581483334302902222e-01
1.515489723533391953e-02 -6.162859871983528137e-02
-1.049795895814895630e-01 1.219374537467956543e-01
-6.470999121665954590e-02 5.436194594949483871e-03
-7.654681056737899780e-02 1.222426220774650574e-01
-1.122820302844047546e-01 -8.474045246839523315e-02
-1.652245670557022095e-01 -3.820354491472244263e-02
-1.065573915839195251e-01 4.724261537194252014e-02
-2.340541966259479523e-02 9.135068207979202271e-02
1.373543590307235718e-01 -1.919316686689853668e-02
-1.068473514169454575e-02 2.940629795193672180e-02
9.595782309770584106e-02 -8.098883181810379028e-02
1.091219931840896606e-01 -1.618121750652790070e-02
-3.415406215935945511e-03 -7.591769099235534668e-02
-3.771264478564262390e-02 -7.028576731681823730e-02
-5.766791850328445435e-02 -6.587050855159759521e-02
1.729435175657272339e-01 -3.347850963473320007e-02
3.015344776213169098e-02 1.813353449106216431e-01
7.134974002838134766e-03 -8.283969014883041382e-02
-1.157076358795166016e-01 -1.969920657575130463e-02
-2.477629575878381729e-03 4.689178988337516785e-02
-2.909208647906780243e-02 7.358050346374511719e-02
-5.661809444427490234e-02 -4.446640238165855408e-02
-1.363452244549989700e-02 -8.943662047386169434e-03
-1.772699691355228424e-02 -4.631853476166725159e-02
-6.124068424105644226e-02 3.260838612914085388e-02
-2.177040278911590576e-02 -1.612491905689239502e-01
9.943800419569015503e-02 6.425132602453231812e-02
-1.889279633760452271e-01 -1.745274960994720459e-01
