2.878208458423614502e-02 -1.186181530356407166e-01
1.191598325967788696e-01 -3.882960882037878036e-04
9.998805820941925049e-02 -2.657587081193923950e-02
-1.416314989328384399e-01 1.375490874052047729e-01
-5.488056316971778870e-02 -1.513104140758514404e-01
5.726714804768562317e-02 -1.894743740558624268e-01
-1.021684799343347549e-02 1.954656243324279785e-01
-3.477495163679122925e-02 -3.627363475970923901e-04
-2.161263376474380493e-01 1.776930540800094604e-01
-2.519786059856414795e-01 9.748347103595733643e-02
-1.685668528079986572e-01 -5.231207236647605896e-02
1.475562304258346558e-01 -1.976257264614105225e-01
5.401365086436271667e-02 -1.594948768615722656e-01
1.339125186204910278e-01 -3.844001516699790955e-02
2.005007863044738770e-02 -1.429642140865325928e-01
-6.344835460186004639e-02 1.404990255832672119e-01
-8.251651190221309662e-03 -1.711780130863189697e-01
-7.315392047166824341e-02 -3.475867956876754761e-02
8.476993069052696228e-03 -2.923197746276855469e-01
7.626671344041824341e-02 -1.436040401458740234e-01
-2.268686145544052124e-01 -1.218822784721851349e-02
1.511810123920440674e-01 -4.194343090057373047e-02
-1.611267626285552979e-01 7.733996957540512085e-02
-1.372707039117813110e-01 4.447223618626594543e-02
-7.484501600265502930e-02 2.472704946994781494e-01
-8.781042695045471191e-02 3.250046819448471069e-02
-3.596558794379234314e-02 8.638700097799301147e-02
1.199780497699975967e-02 -1.952328830957412720e-01
-1.894315779209136963e-01 2.362111769616603851e-02
2.690624296665191650e-01 -5.457067117094993591e-02
-1.573622375726699829e-01 6.222194060683250427e-02
-9.696801006793975830e-02 7.111282646656036377e-02
-2.884973958134651184e-02 7.857958227396011353e-02
-1.715342048555612564e-03 8.506257832050323486e-02
-4.714929684996604919e-02 -6.073815375566482544e-02
1.709192804992198944e-02 9.021021425724029541e-02
-1.743231862783432007e-01 -1.105170813389122486e-03
4.117805510759353638e-04 1.016265451908111572e-01
7.353682070970535278e-02 1.732245385646820068e-01
-4.093033447861671448e-02 1.334290653467178345e-01
9.521477669477462769e-02 -1.676478795707225800e-02
1.006119251251220703e-01 -3.041427209973335266e-02
1.032206863164901733e-01 -4.937571287155151367e-02
-7.861314952606335282e-05 -7.440920174121856689e-02
-1.708775572478771210e-02 -1.367172226309776306e-03
2.397498041391372681e-01 -2.706069648265838623e-01
2.362275123596191406e-01 -6.318989396095275879e-02
1.000130102038383484e-01 -4.840923938900232315e-03
2.965864911675453186e-02 -9.881453216075897217e-02
-4.285493493080139160e-02 -2.608264684677124023e-01
-1.619813963770866394e-02 1.738922744989395142e-01
1.528906822204589844e-01 -2.417539507150650024e-01
-7.219108939170837402e-02 -3.013269305229187012e-01
-1.714770942926406860e-01 1.205540895462036133e-01
-2.471367828547954559e-02 -2.277818620204925537e-01
5.265141651034355164e-02 -4.083777219057083130e-02
2.563031315803527832e-01 -2.757302299141883850e-02
3.212909027934074402e-02 -3.828734531998634338e-02
-2.323351651430130005e-01 -2.176153846085071564e-02
1.380720455199480057e-02 -3.680855408310890198e-02
-1.746252924203872681e-01 1.311554163694381714e-01
-1.352332439273595810e-02 4.020599648356437683e-02
3.247135877609252930e-02 9.219776839017868042e-02
3.109635785222053528e-02 -1.324146687984466553e-01
-9.576394408941268921e-02 2.112023681402206421e-01
-4.566055536270141602e-02 1.389899104833602905e-01
9.143137931823730469e-02 -2.062327414751052856e-01
-7.559288293123245239e-02 1.128586456179618835e-01
1.383879482746124268e-01 -2.058220058679580688e-01
-3.259271681308746338e-01 2.460626363754272461e-01
-2.442519664764404297e-01 1.067546680569648743e-01
-1.220416277647018433e-01 1.741105318069458008e-01
-1.573979705572128296e-01 -2.472718618810176849e-02
-2.078909724950790405e-01 3.144602477550506592e-01
-1.912686824798583984e-01 3.512000441551208496e-01
-8.638042956590652466e-02 1.501141339540481567e-01
-5.402017012238502502e-02 1.821322590112686157e-01
1.641679368913173676e-02 -3.751708939671516418e-02
5.516151338815689087e-02 -6.914864480495452881e-02
-1.969320923089981079e-01 1.205413937568664551e-01
4.812123626470565796e-02 -1.224016174674034119e-01
-2.574051357805728912e-02 -2.175374887883663177e-02
3.398222029209136963e-01 -8.382745087146759033e-02
1.297454535961151123e-01 -1.185953915119171143e-01
-8.609513752162456512e-03 7.169961184263229370e-02
2.276920974254608154e-01 -1.493010073900222778e-01
-5.364222452044487000e-02 1.590434610843658447e-01
-1.114031821489334106e-01 2.504929304122924805e-01
-1.698234230279922485e-01 1.322575658559799194e-01
1.146079823374748230e-01 -1.511899679899215698e-01
1.539615094661712646e-01 -3.108805976808071136e-02
-6.023232266306877136e-02 1.149668842554092407e-01
-2.726593799889087677e-02 1.553447097539901733e-01
8.476816117763519287e-02 -1.194770783185958862e-01
-2.188976667821407318e-02 7.164911180734634399e-02
-1.934655010700225830e-01 1.063831299543380737e-01
3.084537200629711151e-02 -2.702205479145050049e-01
-1.084345504641532898e-01 5.442672222852706909e-02
2.093993574380874634e-01 -1.893715709447860718e-01
-2.652695178985595703e-01 1.757056117057800293e-01
-1.039790511131286621e-01 -6.145200878381729126e-02
-1.379655748605728149e-01 6.951535493135452271e-02
1.173204183578491211e-01 -1.161140650510787964e-01
2.818710803985595703e-01 -1.371295601129531860e-01
2.405289858579635620e-01 -1.285973638296127319e-01
7.057332992553710938e-02 -2.058968245983123779e-01
8.560092747211456299e-02 3.749803826212882996e-02
3.989388048648834229e-02 -1.538650095462799072e-01
-1.314280778169631958e-01 -3.383724018931388855e-02
7.932840287685394287e-02 -5.974207818508148193e-02
-6.053545046597719193e-03 2.088983654975891113e-01
1.441345084458589554e-02 -1.406442523002624512e-01
2.433012127876281738e-01 -2.906212806701660156e-01
-7.979630678892135620e-02 1.224654261022806168e-02
2.689336799085140228e-02 5.237706378102302551e-02
1.208212226629257202e-01 9.006194770336151123e-03
-5.882943794131278992e-02 -4.455190524458885193e-02
-1.482998728752136230e-01 7.104699313640594482e-02
2.298900932073593140e-01 -1.688995361328125000e-01
2.127594687044620514e-02 5.016830191016197205e-02
1.425307542085647583e-01 -3.162022531032562256e-01
-1.116568967700004578e-01 -7.625708729028701782e-02
1.908273249864578247e-01 -2.200559377670288086e-01
9.340829402208328247e-02 -3.197511732578277588e-01
6.738317757844924927e-02 -3.744541853666305542e-02
-1.649697497487068176e-02 2.120715081691741943e-01
9.333603829145431519e-02 -1.666275411844253540e-01
1.304804682731628418e-01 3.308138111606240273e-04
-1.187848746776580811e-01 5.764402821660041809e-02
-9.979627281427383423e-02 1.484872847795486450e-01
5.700300261378288269e-02 -8.826890587806701660e-02
1.971804946660995483e-01 -2.413330525159835815e-01
-7.881922274827957153e-02 -8.420164138078689575e-02
1.387790441513061523e-01 -1.542527824640274048e-01
-1.333458274602890015e-01 2.365061938762664795e-01
-1.621515676379203796e-02 -1.595548093318939209e-01
-2.568498253822326660e-01 -2.008464187383651733e-02
1.133216172456741333e-02 -2.531463205814361572e-01
-4.442360252141952515e-02 1.580533683300018311e-01
-2.336152642965316772e-01 7.892418652772903442e-02
-2.239148616790771484e-01 2.041084021329879761e-01
2.409878224134445190e-01 -1.833522170782089233e-01
-1.002272740006446838e-01 -3.380374610424041748e-02
4.864670708775520325e-02 -6.675866991281509399e-02
-1.899855732917785645e-01 3.431800901889801025e-01
-2.038272619247436523e-01 1.966553926467895508e-01
2.489666938781738281e-01 -1.004529818892478943e-01
2.105990797281265259e-01 -1.409227102994918823e-01
2.222096472978591919e-01 -2.093855589628219604e-01
1.500056385993957520e-01 -2.439377307891845703e-01
1.082812696695327759e-01 -5.759659036993980408e-02
-1.528871506452560425e-01 1.805618852376937866e-01
-1.368780434131622314e-01 4.960608109831809998e-02
-3.593710362911224365e-01 4.904103279113769531e-02
1.628720462322235107e-01 -1.005108579993247986e-01
9.068526327610015869e-02 -1.439246535301208496e-01
-1.069947704672813416e-01 2.173513174057006836e-01
1.093069314956665039e-01 1.013181582093238831e-01
2.497865259647369385e-01 -1.173177510499954224e-01
-1.542099267244338989e-01 1.412089765071868896e-01
1.284778714179992676e-01 1.850223168730735779e-02
-1.093451529741287231e-01 -5.464561656117439270e-02
-2.794317342340946198e-02 2.891983278095722198e-02
-1.461834907531738281e-01 1.572320014238357544e-01
-1.560305804014205933e-01 2.041304111480712891e-01
1.619793623685836792e-01 -1.908762603998184204e-01
-1.577990800142288208e-01 3.588715195655822754e-02
-6.912024319171905518e-02 -2.698089741170406342e-02
1.362868547439575195e-01 -9.508206509053707123e-03
-1.187826320528984070e-01 8.334677666425704956e-02
-1.518025994300842285e-01 2.701491415500640869e-01
-2.994620203971862793e-01 6.747260689735412598e-02
1.892352253198623657e-01 -2.521788477897644043e-01
-2.523147850297391415e-04 -7.938231527805328369e-02
-6.997430324554443359e-02 7.562669459730386734e-03
2.727769017219543457e-01 -1.439254879951477051e-01
-1.199644133448600769e-01 9.186312556266784668e-02
1.168235689401626587e-01 -1.068644970655441284e-01
8.220122009515762329e-02 -3.727955222129821777e-01
-1.262025237083435059e-01 1.371173113584518433e-01
-8.127784729003906250e-02 1.272198855876922607e-01
9.658671915531158447e-04 1.722658723592758179e-01
1.516291946172714233e-01 -1.312164813280105591e-01
2.599281966686248779e-01 -1.712661236524581909e-01
2.300490625202655792e-03 -1.184868440032005310e-01
-1.528132855892181396e-01 3.031347990036010742e-01
1.662576347589492798e-01 -1.899333447217941284e-01
-2.840366773307323456e-02 -2.039184980094432831e-02
-7.433506846427917480e-02 7.469262182712554932e-02
-2.107756137847900391e-01 5.381522327661514282e-02
-1.559356302022933960e-01 8.235502988100051880e-02
-1.111986711621284485e-01 1.323827356100082397e-01
2.697311639785766602e-01 -3.028648793697357178e-01
-1.005754396319389343e-01 9.311752021312713623e-02
-9.239623695611953735e-02 -9.128756076097488403e-02
9.305456280708312988e-02 -3.804535418748855591e-02
6.440412998199462891e-02 -6.426818668842315674e-02
1.549140512943267822e-01 -1.162029802799224854e-01
-1.819580346345901489e-01 1.286334693431854248e-01
8.596304804086685181e-02 -4.547686874866485596e-02
1.485336665064096451e-02 -1.782288402318954468e-01
-4.386280849575996399e-02 -1.385377198457717896e-01
-1.534706652164459229e-01 -7.102829962968826294e-02
-1.770639717578887939e-01 9.416441619396209717e-02
-1.279980316758155823e-02 -2.922749333083629608e-02
-1.322818081825971603e-02 -1.007018089294433594e-01
-9.599546343088150024e-02 1.169335655868053436e-02
-2.021053135395050049e-01 1.220302074216306210e-03
2.173055410385131836e-01 -1.694481372833251953e-01
2.521063573658466339e-02 1.940506994724273682e-01
1.530759334564208984e-01 -1.636775583028793335e-01
-5.825452134013175964e-02 -4.725268110632896423e-02
1.084538549184799194e-01 -4.657449666410684586e-03
1.678895503282546997e-01 6.398802157491445541e-03
3.164827078580856323e-02 7.106448709964752197e-02
-5.673016235232353210e-02 1.697992160916328430e-02
-8.503179997205734253e-03 4.183179885149002075e-02
-1.073082238435745239e-01 2.595369517803192139e-01
7.529662922024726868e-03 -2.994308471679687500e-01
2.691938541829586029e-02 1.258360501378774643e-02
4.101229831576347351e-02 -5.545289069414138794e-02
-4.090823233127593994e-02 1.273485422134399414e-01
3.058420680463314056e-02 1.109483465552330017e-01
-2.098502516746520996e-01 8.467573672533035278e-02
2.728569209575653076e-01 -1.736386865377426147e-01
-9.191843122243881226e-02 7.995302975177764893e-02
-8.939599990844726562e-02 -5.524356663227081299e-02
1.161936577409505844e-02 9.294624626636505127e-02
-2.922283252701163292e-03 7.295066118240356445e-02
1.002623289823532104e-01 -1.415665447711944580e-01
5.947411525994539261e-03 1.177341863512992859e-01
2.280647158622741699e-01 5.797160416841506958e-02
-1.321016699075698853e-01 -4.400982707738876343e-02
-1.604038625955581665e-01 9.810575842857360840e-02
-5.813470482826232910e-02 1.957769542932510376e-01
-6.237146258354187012e-02 -7.223570346832275391e-02
4.326363280415534973e-02 -5.987786501646041870e-02
-7.125364989042282104e-02 6.818342208862304688e-02
-1.071945428848266602e-01 9.871473908424377441e-02
2.513443529605865479e-01 -2.969897724688053131e-02
-1.332349628210067749e-01 4.995086044073104858e-02
-1.524745970964431763e-01 6.427182257175445557e-02
-3.310040012001991272e-02 4.412467032670974731e-02
-2.530285529792308807e-02 1.036649756133556366e-02
-1.204598974436521530e-02 -5.127351265400648117e-03
1.968764662742614746e-01 -1.667588651180267334e-01
-1.900068521499633789e-01 2.088336795568466187e-01
2.201315611600875854e-01 -2.248378098011016846e-01
2.012335360050201416e-01 -6.008452922105789185e-02
-3.417048230767250061e-02 -1.978095471858978271e-01
-3.783699870109558105e-02 -1.050658747553825378e-01
-4.833864048123359680e-02 3.279182314872741699e-02
1.378290951251983643e-01 -7.016671448945999146e-02
-1.569595932960510254e-02 1.884094253182411194e-02
-2.128837555646896362e-01 1.867717504501342773e-02
9.752254933118820190e-02 1.030612960457801819e-01
