9.805745631456375122e-02 -3.318854272365570068e-01
-1.252023279666900635e-01 2.585793137550354004e-01
6.870002299547195435e-02 1.015425845980644226e-01
-2.057510018348693848e-01 -2.576279081404209137e-02
8.176575601100921631e-02 1.169952228665351868e-01
1.529408693313598633e-01 -1.540417373180389404e-01
-1.935103684663772583e-01 2.020259201526641846e-01
1.507277190685272217e-01 -2.601271569728851318e-01
1.343394517898559570e-01 -1.479063779115676880e-01
7.506935298442840576e-02 1.523189619183540344e-02
-2.401872165501117706e-02 1.450889855623245239e-01
-1.081177666783332825e-01 2.032817006111145020e-01
2.015191316604614258e-01 -2.951676547527313232e-01
2.150516083929687738e-04 -1.320024132728576660e-01
-1.433101445436477661e-01 9.362703561782836914e-02
-1.702033728361129761e-01 1.311125755310058594e-01
-1.080722063779830933e-01 7.497476786375045776e-02
-4.385583102703094482e-02 2.373709678649902344e-01
2.165663391351699829e-01 -1.209366247057914734e-01
-1.082333270460367203e-02 -1.019834876060485840e-01
1.721470355987548828e-01 -1.759004965424537659e-02
-1.717936806380748749e-02 5.893284827470779419e-02
-1.761639714241027832e-01 1.728220731019973755e-01
-2.825932949781417847e-02 -3.368913754820823669e-02
-1.974618434906005859e-01 5.679420381784439087e-02
4.598718136548995972e-02 -2.737407088279724121e-01
1.820410490036010742e-01 -2.582864090800285339e-02
-1.263658106327056885e-01 1.519438326358795166e-01
-6.147189810872077942e-02 -3.711239248514175415e-02
-1.128134578466415405e-01 9.743407368659973145e-03
9.058023244142532349e-02 -1.805717945098876953e-01
-1.375548094511032104e-01 1.669989377260208130e-01
1.095796842128038406e-02 4.380851611495018005e-02
4.252360388636589050e-02 1.260188668966293335e-01
2.722651064395904541e-01 1.138691008090972900e-01
-1.556740999221801758e-01 5.732909776270389557e-03
8.939927071332931519e-02 -2.745847105979919434e-01
2.132767587900161743e-01 -1.097556650638580322e-01
7.434436678886413574e-02 -2.237756252288818359e-01
-2.763749100267887115e-02 -9.663250297307968140e-02
2.108557894825935364e-02 1.395407468080520630e-01
-1.276839822530746460e-01 -1.652966886758804321e-01
1.468610316514968872e-01 5.641344189643859863e-02
2.449305802583694458e-01 3.044237010180950165e-02
7.662907987833023071e-02 -1.879307255148887634e-02
-1.233456358313560486e-01 -8.497706800699234009e-02
-3.577762516215443611e-03 -2.387333065271377563e-01
-3.212783336639404297e-01 9.899457544088363647e-02
-1.244747936725616455e-01 1.397090703248977661e-01
-8.185281604528427124e-02 2.230063378810882568e-01
1.085656657814979553e-01 1.431206613779067993e-01
-1.681980937719345093e-01 1.607027798891067505e-01
1.294241249561309814e-01 3.646253317128866911e-04
-2.504017949104309082e-01 1.967957317829132080e-01
1.424039304256439209e-01 -1.622070372104644775e-01
-2.447832375764846802e-02 1.555599123239517212e-01
3.481369912624359131e-01 -1.348076313734054565e-01
-1.794058531522750854e-01 7.506468892097473145e-02
-2.198038399219512939e-01 1.712779998779296875e-01
-3.348514065146446228e-02 1.445190608501434326e-01
2.801641821861267090e-01 -2.777443528175354004e-01
-6.776468455791473389e-02 -5.780301243066787720e-02
1.264856755733489990e-02 -7.354570925235748291e-02
-2.380249053239822388e-01 2.232763618230819702e-01
1.437856107950210571e-01 -2.193793840706348419e-02
-1.348310261964797974e-01 2.460613548755645752e-01
-1.154782548546791077e-01 2.376476116478443146e-02
-1.229632645845413208e-01 -1.137356907129287720e-01
9.578300267457962036e-02 -1.944940239191055298e-01
-1.207361146807670593e-01 -6.896165758371353149e-02
-1.640932112932205200e-01 1.589168161153793335e-01
1.238299757242202759e-01 -1.036380007863044739e-01
1.980449259281158447e-01 -5.754279717803001404e-02
6.887425482273101807e-02 -6.464252620935440063e-02
-1.834294945001602173e-01 1.654683500528335571e-01
6.392276287078857422e-02 -1.649864204227924347e-02
9.959248453378677368e-02 -1.495885103940963745e-01
1.591457575559616089e-01 -6.112488731741905212e-02
-2.481404542922973633e-01 1.383883953094482422e-01
-3.674323111772537231e-02 -7.572248578071594238e-02
-2.631829977035522461e-01 1.050149835646152496e-02
-1.782363839447498322e-02 5.485879257321357727e-02
1.659535169601440430e-01 -3.707741796970367432e-01
-1.374705582857131958e-01 2.162918597459793091e-01
1.645218133926391602e-01 -2.231253534555435181e-01
1.231822967529296875e-01 -8.526757359504699707e-02
-6.489886343479156494e-02 4.527888726443052292e-03
3.490887954831123352e-02 -2.026696354150772095e-01
-2.237817347049713135e-01 1.784248352050781250e-01
3.266615271568298340e-01 8.685359498485922813e-04
-2.382864803075790405e-01 1.461524665355682373e-01
-4.198316857218742371e-02 -2.268421202898025513e-01
1.528357863426208496e-01 -4.082848504185676575e-02
1.190622970461845398e-01 -7.325724512338638306e-02
5.638739094138145447e-04 3.614133968949317932e-02
1.859696656465530396e-01 -2.198967933654785156e-01
-4.529229924082756042e-02 -1.149784680455923080e-02
-9.213371574878692627e-02 5.685348808765411377e-02
1.912082582712173462e-01 -1.232009455561637878e-01
5.171566084027290344e-02 -1.938778311014175415e-01
-2.862370610237121582e-01 2.831012904644012451e-01
8.546190708875656128e-02 -4.015186727046966553e-01
1.034717485308647156e-01 -1.639806926250457764e-01
-1.510555744171142578e-01 3.146375715732574463e-01
4.011187329888343811e-02 4.377847909927368164e-02
-7.504814863204956055e-02 4.588706046342849731e-02
-8.844821155071258545e-02 -2.942243777215480804e-02
1.301893442869186401e-01 -1.079746801406145096e-02
-1.183188185095787048e-01 9.934749454259872437e-03
-6.298481486737728119e-03 1.625044643878936768e-01
6.283448543399572372e-03 2.135187685489654541e-01
-3.686971217393875122e-02 -2.505841897800564766e-03
2.048331201076507568e-01 -5.581256747245788574e-02
-2.800048589706420898e-01 -1.125301700085401535e-02
1.741975694894790649e-01 -1.048675389029085636e-03
2.078038752079010010e-01 -8.859880268573760986e-02
-2.152015119791030884e-01 1.662437617778778076e-01
2.710954546928405762e-01 -1.937120556831359863e-01
2.075936049222946167e-01 -1.706470996141433716e-01
1.022846773266792297e-01 9.894629940390586853e-03
1.108591705560684204e-01 -1.016198173165321350e-01
-4.987365752458572388e-02 -6.878951191902160645e-02
5.919346585869789124e-02 -3.079756163060665131e-02
1.895757466554641724e-01 -1.298754215240478516e-01
1.190567389130592346e-01 -4.029545485973358154e-01
1.649973690509796143e-01 -2.102294377982616425e-02
2.472111880779266357e-01 -3.250513374805450439e-01
-1.640869975090026855e-01 2.427354902029037476e-01
1.335920393466949463e-01 1.571424305438995361e-01
1.668891161680221558e-01 -7.104522734880447388e-02
-3.351639211177825928e-02 3.432209044694900513e-02
3.358456194400787354e-01 -1.715576797723770142e-01
-1.065468043088912964e-01 -4.626623820513486862e-03
-3.405758738517761230e-02 -6.738473474979400635e-02
1.900446712970733643e-01 -1.509837657213211060e-01
-1.353170722723007202e-02 8.967612683773040771e-02
9.001176804304122925e-02 1.447483710944652557e-02
-2.911545932292938232e-01 -1.241549476981163025e-02
-1.531177610158920288e-01 5.144346132874488831e-02
2.151625417172908783e-02 1.676436215639114380e-01
8.413071185350418091e-02 -4.549475270323455334e-04
-6.856188178062438965e-02 2.710121870040893555e-01
2.805785834789276123e-02 -1.609568744897842407e-01
-1.277491729706525803e-02 -6.794336438179016113e-02
5.735303089022636414e-02 -1.392258610576391220e-02
-1.984275579452514648e-01 9.337639063596725464e-02
-7.976683229207992554e-02 1.734555810689926147e-01
-6.910399347543716431e-02 -1.339272558689117432e-01
7.529501616954803467e-02 -2.753758616745471954e-02
-5.913381651043891907e-02 1.014714539051055908e-01
2.580427825450897217e-01 -1.900791376829147339e-01
-7.840198278427124023e-02 2.364056110382080078e-01
-1.151307746767997742e-01 1.100603044033050537e-01
2.127948999404907227e-01 -2.227868288755416870e-01
2.786059677600860596e-01 -3.081258833408355713e-01
1.771441102027893066e-01 -1.373919844627380371e-01
3.289676308631896973e-01 -7.584989070892333984e-02
2.151774913072586060e-01 -1.942010521888732910e-01
-1.723449230194091797e-01 1.501543819904327393e-02
1.782777137123048306e-03 5.183123424649238586e-02
3.024559319019317627e-01 -3.455515801906585693e-01
-5.105091631412506104e-02 1.151128560304641724e-01
-1.311627179384231567e-01 5.519726872444152832e-02
2.305106222629547119e-01 -1.431710571050643921e-01
3.807221353054046631e-02 -8.690414577722549438e-02
-2.240845561027526855e-02 1.154844239354133606e-01
-2.766025066375732422e-01 4.392970725893974304e-02
-4.376234021037817001e-03 -6.445407867431640625e-02
-2.391062080860137939e-01 1.749139577150344849e-01
-7.663074648007750511e-04 -7.834998518228530884e-02
-1.917352229356765747e-01 2.103328555822372437e-01
-2.200120128691196442e-02 -1.644914299249649048e-01
-1.293360888957977295e-01 1.872744560241699219e-01
4.434109106659889221e-02 -3.225000202655792236e-02
-2.759741805493831635e-02 -2.350296080112457275e-01
5.722236633300781250e-02 -2.023193836212158203e-01
-1.297545284032821655e-01 1.296926103532314301e-02
1.828088611364364624e-01 -3.081173449754714966e-02
4.852902889251708984e-02 -6.128453090786933899e-02
-5.131102353334426880e-02 2.908851504325866699e-01
-5.551303550601005554e-02 -3.922713920474052429e-02
7.689150422811508179e-02 -8.988447487354278564e-02
-1.100979521870613098e-01 1.688707619905471802e-01
9.077899158000946045e-02 -3.541097342967987061e-01
-5.747093632817268372e-02 1.198902949690818787e-01
1.215337216854095459e-01 -3.109258832409977913e-03
1.075477451086044312e-01 -8.293364942073822021e-02
6.505323201417922974e-02 -5.993696674704551697e-02
1.237463131546974182e-01 -2.119343169033527374e-02
-1.864102780818939209e-01 2.267495691776275635e-01
7.750030606985092163e-02 -1.607674546539783478e-02
-2.449057996273040771e-01 2.164564728736877441e-01
-1.653121262788772583e-01 1.453691571950912476e-01
-4.969744011759757996e-02 2.102040797472000122e-01
6.177907809615135193e-02 1.379317194223403931e-01
1.014360487461090088e-01 1.533379703760147095e-01
-4.121278226375579834e-02 -2.140498021617531776e-03
1.551066040992736816e-01 -2.496097385883331299e-01
3.945161402225494385e-02 2.116827666759490967e-02
1.657649278640747070e-01 -1.458922773599624634e-01
1.684194356203079224e-01 4.871114622801542282e-03
1.900414675474166870e-01 6.170542165637016296e-02
-1.366567909717559814e-01 -7.846394181251525879e-02
-1.271003670990467072e-02 1.436603814363479614e-01
-7.003220915794372559e-02 -1.374254077672958374e-01
7.182005047798156738e-02 -1.666140705347061157e-01
-7.450814545154571533e-02 1.467644721269607544e-01
2.368197739124298096e-01 -1.857684552669525146e-01
-1.249725744128227234e-01 1.997499316930770874e-01
-1.527948826551437378e-01 1.450104713439941406e-01
-2.292389720678329468e-01 2.177513986825942993e-01
-1.266771405935287476e-01 2.233024388551712036e-01
1.851526498794555664e-01 -1.846982538700103760e-01
1.503822356462478638e-01 -2.883774638175964355e-01
-7.247812300920486450e-02 -1.355378031730651855e-01
-6.587239354848861694e-02 -4.933445155620574951e-02
-5.056149140000343323e-02 -4.720607772469520569e-02
-2.251389622688293457e-02 6.333120167255401611e-02
5.583313759416341782e-03 -2.564365565776824951e-01
9.258351288735866547e-03 -5.923800915479660034e-02
2.595833875238895416e-02 -6.204081699252128601e-02
1.368655860424041748e-01 4.911577329039573669e-02
1.417731642723083496e-01 -1.002891454845666885e-02
-5.478297173976898193e-02 -2.403426915407180786e-02
-4.038665443658828735e-02 -1.955711282789707184e-02
9.547333419322967529e-02 1.296415328979492188e-01
-3.425473719835281372e-02 -4.672232642769813538e-02
-1.075551956892013550e-01 1.167948395013809204e-01
-2.849305048584938049e-03 9.654676169157028198e-02
-1.119398921728134155e-01 -8.171508461236953735e-02
4.828889295458793640e-02 1.607564091682434082e-02
2.207482792437076569e-02 2.594508603215217590e-02
-7.963686250150203705e-03 3.038189001381397247e-02
2.160161286592483521e-01 -1.332756131887435913e-01
-9.134604781866073608e-02 1.102738082408905029e-01
6.632019579410552979e-02 -4.637252539396286011e-02
-1.497176140546798706e-01 6.562124192714691162e-02
-4.541506245732307434e-02 -7.461369782686233521e-02
5.816531553864479065e-02 1.180047243833541870e-01
-2.650342695415019989e-02 2.477441877126693726e-01
-2.632289007306098938e-02 1.059295386075973511e-01
-3.159854114055633545e-01 2.823466658592224121e-01
-9.268708527088165283e-02 -1.493871808052062988e-01
1.449424177408218384e-01 -7.589309662580490112e-02
4.006142169237136841e-02 -2.074861153960227966e-02
2.496668100357055664e-01 6.840420421212911606e-03
-1.434253007173538208e-01 3.592129424214363098e-02
7.042861729860305786e-02 -1.654801666736602783e-01
1.056795939803123474e-01 -3.633564710617065430e-02
9.034592658281326294e-02 -1.230567228049039841e-02
1.019260734319686890e-01 5.467512179166078568e-03
2.146557569503784180e-01 -1.044818535447120667e-01
1.349043846130371094e-01 -9.210539609193801880e-02
5.569861829280853271e-02 -1.430069059133529663e-01
-1.111654490232467651e-01 7.659456459805369377e-04
-2.333965301513671875e-01 1.185909956693649292e-01
