8.499678224325180054e-03 2.676107734441757202e-02
8.816187828779220581e-02 1.823828369379043579e-01
3.933577239513397217e-01 -8.527076244354248047e-02
-9.727533161640167236e-02 6.765563786029815674e-02
1.638923436403274536e-01 2.667193859815597534e-02
2.897669970989227295e-01 -1.094162836670875549e-01
-2.055598497390747070e-01 3.197260200977325439e-02
6.293649785220623016e-03 6.577148288488388062e-02
1.343685537576675415e-01 -3.270457983016967773e-01
3.147192299365997314e-01 -3.953218162059783936e-01
4.739941284060478210e-02 -9.088140726089477539e-02
1.852788031101226807e-01 -2.240451127290725708e-01
-7.247699797153472900e-02 1.207591891288757324e-01
1.561713367700576782e-01 5.458338558673858643e-02
-1.070694103837013245e-01 -5.371623858809471130e-02
-4.112910479307174683e-02 -1.601535826921463013e-02
2.128002792596817017e-02 2.210121303796768188e-01
6.957791000604629517e-02 -3.727924451231956482e-02
-6.696904450654983521e-02 9.310740977525711060e-02
9.975063055753707886e-02 -3.365749762451741844e-06
-1.294435262680053711e-01 2.311897873878479004e-01
4.810746386647224426e-02 -1.351235061883926392e-01
2.310758978128433228e-01 -1.528015434741973877e-01
-1.738287135958671570e-02 -7.609028369188308716e-02
9.599199891090393066e-02 -1.200882252305746078e-02
-2.437958866357803345e-02 -1.579627841711044312e-01
-1.393668055534362793e-01 5.059520155191421509e-02
-8.503683842718601227e-03 -2.329294234514236450e-01
-2.844575606286525726e-02 -7.929845154285430908e-02
1.853097081184387207e-01 -5.586840212345123291e-02
2.974461577832698822e-02 3.918154537677764893e-02
-1.483863741159439087e-01 -4.572109133005142212e-02
1.996811851859092712e-02 1.238357797265052795e-01
-1.597572416067123413e-01 2.077713459730148315e-01
9.207794815301895142e-02 9.594515711069107056e-02
-2.437324523925781250e-01 1.413717567920684814e-01
1.463846117258071899e-01 -1.470669209957122803e-01
-5.335608497262001038e-02 5.447031557559967041e-02
-1.533624380826950073e-01 -1.080991476774215698e-01
4.048622772097587585e-02 2.497067302465438843e-02
1.423230022192001343e-01 -1.129155978560447693e-01
4.856390878558158875e-02 -1.405882835388183594e-01
-1.020595207810401917e-01 3.731198236346244812e-02
4.624148830771446228e-02 -7.288096845149993896e-02
-1.499360054731369019e-01 -1.290226448327302933e-02
1.076705455780029297e-01 -6.338784843683242798e-02
-1.797254895791411400e-03 -7.782795280218124390e-02
-2.119854837656021118e-01 -6.840997934341430664e-02
-6.239705905318260193e-02 2.096098512411117554e-01
-6.340023875236511230e-02 -1.298717707395553589e-01
3.454516455531120300e-02 -1.641196459531784058e-01
-5.673393234610557556e-02 2.020222693681716919e-02
-2.808951027691364288e-02 -2.780019342899322510e-01
5.839076475240290165e-04 2.421641051769256592e-01
-1.886933110654354095e-03 -1.490306705236434937e-01
-1.433752179145812988e-01 -5.839839950203895569e-02
-1.390504091978073120e-01 -5.679763108491897583e-02
2.006738483905792236e-01 -2.030671685934066772e-01
7.356634363532066345e-03 -4.757374897599220276e-02
-7.261965423822402954e-02 1.950775533914566040e-01
7.850048691034317017e-02 -2.471000552177429199e-01
-7.768292725086212158e-02 1.030025407671928406e-01
3.709931671619415283e-02 4.600108042359352112e-02
1.094796210527420044e-01 9.577438235282897949e-02
6.212386861443519592e-02 -1.230611186474561691e-02
8.318354189395904541e-02 -1.618075221776962280e-01
3.618640601634979248e-01 -2.457050681114196777e-01
7.027178653515875340e-04 5.249853804707527161e-02
-1.853138208389282227e-01 9.557751566171646118e-02
2.202204018831253052e-01 8.134785294532775879e-02
-4.574395418167114258e-01 3.202912211418151855e-01
1.770238876342773438e-01 -3.211039602756500244e-01
6.961271762847900391e-01 -4.170504510402679443e-01
5.639072656631469727e-01 -3.750427365303039551e-01
-5.356739461421966553e-02 9.119580686092376709e-02
-7.946263253688812256e-02 2.578364685177803040e-02
-6.631314754486083984e-01 4.817189574241638184e-01
8.988517522811889648e-02 1.735464483499526978e-01
-7.088602334260940552e-02 3.232712298631668091e-02
5.290733277797698975e-02 -9.115466475486755371e-02
-2.117487639188766479e-01 2.045760005712509155e-01
-1.647843122482299805e-01 -9.530936367809772491e-03
-2.037440985441207886e-01 6.790704280138015747e-02
-3.667828068137168884e-02 5.338785797357559204e-02
-4.950153231620788574e-01 5.619173049926757812e-01
2.183614224195480347e-01 -3.138149082660675049e-01
3.355679214000701904e-01 -4.536756575107574463e-01
-4.724219813942909241e-02 6.220122799277305603e-02
1.999504417181015015e-01 -6.666790693998336792e-02
1.569544672966003418e-01 -1.449961662292480469e-01
2.784931659698486328e-01 -7.649658620357513428e-02
3.946329653263092041e-01 -3.924503922462463379e-01
-1.852461248636245728e-01 2.001138329505920410e-01
7.013905048370361328e-02 -7.458741962909698486e-02
4.896869882941246033e-03 -1.739426851272583008e-01
-2.920692861080169678e-01 2.510781288146972656e-01
-1.014147922396659851e-01 1.941232830286026001e-01
-4.633631706237792969e-01 4.406076669692993164e-01
-1.117587089538574219e-03 2.190148234367370605e-01
-3.712878525257110596e-01 4.554764926433563232e-01
1.147346347570419312e-01 -3.901275247335433960e-02
8.265276439487934113e-03 -6.866159290075302124e-02
-1.699324250221252441e-01 6.300907116383314133e-03
1.483895480632781982e-01 -2.405911684036254883e-01
3.284456431865692139e-01 -1.243013143539428711e-01
-1.328574866056442261e-01 1.494224555790424347e-02
-2.753086090087890625e-01 6.646220386028289795e-02
1.384427100419998169e-01 -2.754635214805603027e-01
-2.298122197389602661e-01 -7.414955645799636841e-02
1.617770195007324219e-01 -1.553573310375213623e-01
2.369069606065750122e-01 -2.198667079210281372e-01
1.047985348850488663e-02 -3.349519148468971252e-02
-5.491074919700622559e-02 2.106133662164211273e-02
1.316272281110286713e-02 -2.905402146279811859e-02
1.620719283819198608e-01 -1.122477576136589050e-01
4.129701992496848106e-04 6.151273474097251892e-02
2.363142818212509155e-01 -1.879158616065979004e-02
1.199809089303016663e-01 4.581831395626068115e-02
2.770917415618896484e-01 -1.152999028563499451e-01
8.162840269505977631e-03 1.081873327493667603e-01
-2.320135533809661865e-01 5.665699392557144165e-02
8.066891133785247803e-02 1.120593305677175522e-02
2.274926453828811646e-01 -3.338786065578460693e-01
-3.598633110523223877e-01 3.957539200782775879e-01
3.721222281455993652e-01 -2.949503660202026367e-01
-2.388774603605270386e-01 3.170947134494781494e-01
3.408030793070793152e-02 1.451603621244430542e-01
1.561666256748139858e-03 -1.237859800457954407e-01
-2.971289865672588348e-02 3.818811848759651184e-02
9.984540939331054688e-02 -1.140945181250572205e-01
2.006531655788421631e-01 -4.087970554828643799e-01
5.349220633506774902e-01 -5.338931083679199219e-01
-4.220939874649047852e-01 4.913225769996643066e-01
-3.374675661325454712e-02 -5.005715042352676392e-02
-5.221969634294509888e-02 2.512414157390594482e-01
4.540151357650756836e-01 -4.941445291042327881e-01
3.753641545772552490e-01 -3.833241164684295654e-01
7.976099848747253418e-02 -2.648307681083679199e-01
1.336248815059661865e-01 -1.413161456584930420e-01
6.253306567668914795e-02 -1.644889637827873230e-02
-2.538724243640899658e-01 3.565034568309783936e-01
-2.997391223907470703e-01 1.031070947647094727e-01
2.531878836452960968e-02 -1.310797631740570068e-01
4.135544598102569580e-02 -4.236103966832160950e-02
-3.401008844375610352e-01 4.884525537490844727e-01
9.396207332611083984e-02 -2.614525891840457916e-02
1.568234413862228394e-01 -1.746977269649505615e-01
6.782898902893066406e-01 -8.101326823234558105e-01
-6.698452830314636230e-01 5.731145143508911133e-01
4.702884554862976074e-01 -4.122668504714965820e-01
2.409655153751373291e-01 -8.654172718524932861e-02
-4.977833330631256104e-01 6.652639508247375488e-01
5.310384556651115417e-02 -1.620356142520904541e-01
6.245211958885192871e-01 -3.069016933441162109e-01
3.474909365177154541e-01 -2.325173020362854004e-01
1.109399273991584778e-01 1.214212505146861076e-03
-4.595162719488143921e-02 1.135422438383102417e-01
-3.392023146152496338e-01 2.103171050548553467e-01
1.226746365427970886e-01 -8.220393210649490356e-02
-7.933510839939117432e-02 1.928461641073226929e-01
-9.992332756519317627e-02 -4.458916932344436646e-02
-4.667624235153198242e-01 2.742904722690582275e-01
-3.728792369365692139e-01 3.777673542499542236e-01
-5.571103692054748535e-01 8.301106095314025879e-01
2.956430017948150635e-01 -5.864761471748352051e-01
-1.937923133373260498e-01 2.407538294792175293e-01
-1.145578771829605103e-01 -6.861134618520736694e-02
6.319445967674255371e-01 -5.901945233345031738e-01
5.866909623146057129e-01 -5.192713141441345215e-01
-1.629625409841537476e-01 3.704164326190948486e-01
-4.978488087654113770e-01 4.653615951538085938e-01
6.922907829284667969e-01 -8.508940339088439941e-01
-1.322190463542938232e-01 2.218401283025741577e-01
2.538388073444366455e-01 -2.670952379703521729e-01
-3.455766439437866211e-01 3.862882852554321289e-01
1.035883948206901550e-01 7.673680782318115234e-02
2.520968392491340637e-02 -6.587465107440948486e-02
2.841410636901855469e-01 -2.453204393386840820e-01
1.499175131320953369e-01 -3.660933971405029297e-01
3.134139180183410645e-01 -4.599887430667877197e-01
3.298026695847511292e-02 -5.932448431849479675e-03
1.612283736467361450e-01 -2.564053833484649658e-01
-5.026578903198242188e-01 5.199184417724609375e-01
-5.309903025627136230e-01 4.510185420513153076e-01
5.361234545707702637e-01 -4.595508277416229248e-01
-2.052114307880401611e-01 2.173711955547332764e-01
4.427679777145385742e-01 -4.974139928817749023e-01
-4.937034547328948975e-01 3.398136198520660400e-01
8.673126697540283203e-01 -8.908502459526062012e-01
-1.649665534496307373e-01 2.480282634496688843e-01
1.231405809521675110e-01 -1.997478008270263672e-01
-2.368020862340927124e-01 1.621896475553512573e-01
1.627964898943901062e-02 -4.047774896025657654e-02
1.509753167629241943e-01 5.114437639713287354e-02
-9.518606960773468018e-02 -1.187440603971481323e-01
1.795258820056915283e-01 -2.661874294281005859e-01
-8.572091907262802124e-02 1.368096023797988892e-01
1.660070568323135376e-01 -3.738903999328613281e-02
-2.480702251195907593e-01 2.039810419082641602e-01
3.676206469535827637e-01 -5.062057375907897949e-01
2.757903039455413818e-01 -3.733338415622711182e-01
2.579381465911865234e-01 -4.793815016746520996e-01
1.455414295196533203e-01 -3.165740370750427246e-01
3.494263291358947754e-01 -2.698871791362762451e-01
-3.209484815597534180e-01 1.537712067365646362e-01
6.243434920907020569e-02 1.221965998411178589e-02
-5.658195167779922485e-02 2.082114815711975098e-01
-5.518628656864166260e-02 5.662403255701065063e-02
-4.589676856994628906e-02 6.275030970573425293e-02
1.382013559341430664e-01 -9.820800274610519409e-02
3.326455354690551758e-01 -2.552731633186340332e-01
1.588021516799926758e-01 -2.805228233337402344e-01
-2.416437566280364990e-01 1.616432070732116699e-01
1.674880981445312500e-01 -3.774603605270385742e-01
-2.818345725536346436e-01 3.652843460440635681e-02
-5.434951782226562500e-01 4.697632193565368652e-01
-9.207284450531005859e-02 5.013242736458778381e-02
-1.827925629913806915e-02 -1.356602162122726440e-01
3.195825219154357910e-01 -3.251041471958160400e-01
-1.915277689695358276e-01 1.981420814990997314e-01
7.097417116165161133e-02 -5.104181170463562012e-02
-2.581987529993057251e-02 -1.054801344871520996e-01
-1.350907385349273682e-01 6.904362142086029053e-02
-5.257568880915641785e-02 1.273312270641326904e-01
1.084331423044204712e-01 7.641384750604629517e-02
-5.276415944099426270e-01 3.886300027370452881e-01
-2.879562079906463623e-01 3.127964735031127930e-01
-8.814468979835510254e-02 4.259015917778015137e-01
1.606020033359527588e-01 -3.937723934650421143e-01
-1.525557488203048706e-01 1.299290210008621216e-01
1.043400689959526062e-01 7.242073863744735718e-02
3.107119798660278320e-01 -3.015920817852020264e-01
9.779077768325805664e-02 -2.169523239135742188e-01
7.111900299787521362e-02 -3.760633245110511780e-02
-4.754760861396789551e-02 -2.595975808799266815e-02
4.332104027271270752e-01 -4.019755423069000244e-01
-8.895903080701828003e-02 2.416104674339294434e-01
-1.540496796369552612e-01 8.973500877618789673e-02
-2.287993282079696655e-01 1.130095571279525757e-01
1.983012408018112183e-01 -1.874204427003860474e-01
-1.083772554993629456e-01 2.198906987905502319e-01
1.718474924564361572e-01 6.404533982276916504e-02
3.037372231483459473e-01 -1.335874348878860474e-01
-9.771306067705154419e-02 -5.694838613271713257e-02
2.332201413810253143e-02 -9.259007871150970459e-02
-7.357627898454666138e-02 1.171353831887245178e-01
8.851186372339725494e-03 6.925950944423675537e-02
8.926891535520553589e-02 -2.141112536191940308e-01
5.005008578300476074e-01 -5.774091482162475586e-01
-2.799176573753356934e-01 2.150634676218032837e-01
2.859039604663848877e-01 -3.091139495372772217e-01
-1.234962046146392822e-01 2.279127836227416992e-01
4.790802597999572754e-01 -2.734597623348236084e-01
-2.004466801881790161e-01 2.984870076179504395e-01
8.890276774764060974e-03 -8.260799944400787354e-02
-3.767112195491790771e-01 1.582532972097396851e-01
