-2.248886600136756897e-02 1.890390515327453613e-01
1.665065065026283264e-02 6.723526865243911743e-02
-1.392318010330200195e-01 1.103473007678985596e-01
3.264263868331909180e-01 -3.137945532798767090e-01
2.318188175559043884e-02 -1.110843289643526077e-02
6.325834244489669800e-02 1.086997687816619873e-01
1.847596019506454468e-01 -3.039237558841705322e-01
2.242508679628372192e-01 -2.334059216082096100e-02
-2.525303661823272705e-01 2.097220718860626221e-01
1.796911358833312988e-01 -1.587478667497634888e-01
1.847119033336639404e-01 -3.204322457313537598e-01
3.739229738712310791e-01 -3.002133965492248535e-01
-1.146515980362892151e-01 8.963305503129959106e-02
-1.896094679832458496e-01 1.933419257402420044e-01
7.565517723560333252e-02 -1.925205290317535400e-01
7.606355845928192139e-02 -2.086851187050342560e-02
-1.732417494058609009e-01 2.239894866943359375e-01
3.601075410842895508e-01 -7.287979125976562500e-02
7.582738995552062988e-02 6.021920964121818542e-02
-3.107538074254989624e-02 -1.462958306074142456e-01
-1.158866807818412781e-01 1.337163150310516357e-01
-3.403237760066986084e-01 1.888732761144638062e-01
-2.033490538597106934e-01 8.443972468376159668e-02
1.805622726678848267e-01 -3.801493346691131592e-01
-1.581936478614807129e-01 -1.004391442984342575e-02
1.911706328392028809e-01 -3.295490741729736328e-01
-1.781508177518844604e-01 1.772005707025527954e-01
4.806159809231758118e-02 -5.164629966020584106e-02
2.412925362586975098e-01 -1.567943692207336426e-01
1.742838174104690552e-01 -2.976333498954772949e-01
-2.307119369506835938e-01 6.976380199193954468e-02
-1.490371534600853920e-03 -1.739567965269088745e-01
-1.236408203840255737e-01 2.899548709392547607e-01
-1.244417279958724976e-01 2.316677421331405640e-01
2.497896403074264526e-01 -2.035877257585525513e-01
5.082205682992935181e-02 -6.684710830450057983e-02
4.568937048316001892e-02 -4.613510333001613617e-03
-7.545285671949386597e-02 -1.403658185154199600e-02
-5.313244648277759552e-03 1.877162419259548187e-02
-2.587943375110626221e-01 2.537576258182525635e-01
1.391433477401733398e-01 -1.490559577941894531e-01
6.728466600179672241e-02 -8.493111282587051392e-02
-1.653070449829101562e-01 2.251514047384262085e-01
1.086652949452400208e-01 -6.720405817031860352e-02
-2.534280717372894287e-01 2.637958526611328125e-01
1.908947341144084930e-02 9.276310354471206665e-02
-2.137908488512039185e-01 1.542361825704574585e-01
-5.902802944183349609e-02 1.318466663360595703e-01
2.308792062103748322e-02 3.033140599727630615e-01
1.506999433040618896e-01 -6.109524890780448914e-02
-1.362192630767822266e-01 1.918074935674667358e-01
3.002733457833528519e-03 1.156884804368019104e-01
-3.518759310245513916e-01 8.795586973428726196e-02
-1.257206220179796219e-02 -2.639616280794143677e-02
-2.719581499695777893e-02 2.030933797359466553e-01
-4.563617333769798279e-02 8.143352717161178589e-02
-4.045769944787025452e-02 2.214569598436355591e-01
9.304870665073394775e-02 -2.311196774244308472e-01
-5.314168706536293030e-02 1.463260203599929810e-01
6.680021435022354126e-02 -7.482231408357620239e-02
1.963532865047454834e-01 -2.301771193742752075e-01
-1.726875752210617065e-01 6.814486533403396606e-02
-3.696920275688171387e-01 3.165134489536285400e-01
2.152873203158378601e-02 7.297044154256582260e-03
2.078205496072769165e-01 -7.461495697498321533e-02
-8.028353750705718994e-02 2.329279333353042603e-01
-1.931354701519012451e-01 3.749693930149078369e-01
-7.155691832304000854e-02 6.922873854637145996e-02
-1.532407552003860474e-01 1.772789508104324341e-01
2.295416034758090973e-02 -8.375582844018936157e-02
1.515108346939086914e-01 -1.167151108384132385e-01
-2.873413860797882080e-01 2.084248512983322144e-01
-1.463654637336730957e-01 2.636494338512420654e-01
7.484746724367141724e-02 -8.130870014429092407e-02
6.574340909719467163e-02 -1.921361386775970459e-01
-8.409191668033599854e-02 1.808669716119766235e-01
-1.605829745531082153e-01 8.982741087675094604e-02
-1.447396129369735718e-01 8.163896948099136353e-02
-8.556260168552398682e-02 5.103105679154396057e-02
4.280818626284599304e-02 1.950400769710540771e-01
-1.699296087026596069e-01 9.504231065511703491e-02
1.584200561046600342e-01 -2.321048676967620850e-01
5.963725969195365906e-02 1.800330355763435364e-02
1.279736459255218506e-01 1.179389581084251404e-01
1.029305439442396164e-02 1.543179601430892944e-01
-2.760479748249053955e-01 3.303750455379486084e-01
-1.148474887013435364e-01 1.114012300968170166e-01
1.366404294967651367e-01 -1.906673163175582886e-01
-1.448431909084320068e-01 -9.282396733760833740e-02
1.070104762911796570e-01 -3.194179832935333252e-01
-2.935056388378143311e-01 1.831011623144149780e-01
1.594013571739196777e-01 3.939869254827499390e-02
-3.609679639339447021e-02 -1.879658699035644531e-01
-4.194818809628486633e-02 1.751779019832611084e-01
-7.545270770788192749e-02 -6.218631193041801453e-02
-1.011508703231811523e-01 -7.461165636777877808e-02
1.220861263573169708e-02 -8.823394030332565308e-02
-1.390928477048873901e-01 6.837208569049835205e-02
1.341126412153244019e-01 -1.932251453399658203e-01
-1.220762804150581360e-01 1.474171280860900879e-01
8.817980438470840454e-02 -1.470638811588287354e-01
4.699850082397460938e-02 -2.377614937722682953e-02
-1.888654679059982300e-01 1.231966391205787659e-01
-1.079403534531593323e-01 4.321456700563430786e-02
7.298204302787780762e-02 2.685906132683157921e-03
7.384561747312545776e-02 -9.940394200384616852e-03
-5.226631462574005127e-02 -7.649257313460111618e-03
1.631376519799232483e-02 -5.305445753037929535e-03
-1.013586390763521194e-02 6.066074594855308533e-02
-7.284526526927947998e-02 -8.636857569217681885e-02
-2.111084572970867157e-02 1.834389865398406982e-01
-4.756639897823333740e-02 -1.458222717046737671e-01
-1.036471277475357056e-01 -4.088122514076530933e-04
2.516678869724273682e-01 -1.649387329816818237e-01
-3.366623520851135254e-01 1.374809890985488892e-01
-1.391800045967102051e-01 3.010763823986053467e-01
3.726264834403991699e-02 -9.888947010040283203e-02
9.364021569490432739e-02 -1.839196868240833282e-02
-7.215432077646255493e-02 5.768483504652976990e-02
1.038286760449409485e-01 -2.410754561424255371e-01
8.277661353349685669e-02 6.448809057474136353e-02
-3.954759612679481506e-02 -5.590274557471275330e-02
7.829499430954456329e-03 3.398881107568740845e-02
-1.147067099809646606e-01 -9.883995167911052704e-03
-4.261155147105455399e-03 -2.027630805969238281e-02
1.059751734137535095e-01 1.677841320633888245e-02
-1.693244129419326782e-01 -4.862092062830924988e-02
4.067807644605636597e-02 -2.201760187745094299e-02
-1.331512182950973511e-01 1.551479473710060120e-02
-2.527256011962890625e-01 1.170671805739402771e-01
-3.439598679542541504e-01 8.254400640726089478e-02
8.910369127988815308e-02 2.115259319543838501e-02
-2.754242122173309326e-01 4.025185704231262207e-01
-2.557617425918579102e-02 1.105629205703735352e-01
1.020950525999069214e-01 -2.935833632946014404e-01
2.717867493629455566e-01 -3.013329505920410156e-01
3.040326237678527832e-01 -2.497390508651733398e-01
3.334501385688781738e-01 -1.012722030282020569e-01
3.173312544822692871e-01 -3.195594251155853271e-01
3.940643072128295898e-01 -2.725510001182556152e-01
-3.889900147914886475e-01 2.462566345930099487e-01
2.521659731864929199e-01 -4.263531267642974854e-01
9.148638695478439331e-02 -7.473110407590866089e-02
4.405869916081428528e-02 -4.960659146308898926e-02
9.730952978134155273e-02 -1.734948009252548218e-01
2.339770048856735229e-01 -3.903968632221221924e-01
-2.576317079365253448e-02 -4.876719042658805847e-02
-1.574760377407073975e-01 3.951191306114196777e-01
5.293576791882514954e-02 -3.181057050824165344e-02
-3.105559051036834717e-01 1.097697168588638306e-01
-3.548103198409080505e-02 1.509587168693542480e-01
3.005334734916687012e-01 -2.938109636306762695e-01
3.390267193317413330e-01 -1.502693146467208862e-01
-7.205919921398162842e-02 8.355796337127685547e-02
1.865283399820327759e-01 -5.718002468347549438e-02
1.495427489280700684e-01 -3.934325277805328369e-01
6.187466531991958618e-02 -2.598927319049835205e-01
-2.452313601970672607e-01 2.803744971752166748e-01
-1.332017481327056885e-01 1.570365279912948608e-01
2.223855257034301758e-01 -2.682367563247680664e-01
-2.843726575374603271e-01 -4.486322868615388870e-03
-2.438664436340332031e-01 1.521724909543991089e-01
-5.375967621803283691e-01 3.125192523002624512e-01
3.618835285305976868e-02 6.022600457072257996e-02
1.304698083549737930e-02 -1.510099172592163086e-01
-3.821228630840778351e-03 8.969922363758087158e-02
-1.281027588993310928e-02 1.614840179681777954e-01
-4.834071546792984009e-02 -6.092417612671852112e-02
-1.111735925078392029e-01 4.226433578878641129e-03
1.462191045284271240e-01 -4.776562377810478210e-02
2.742882072925567627e-01 -3.044527173042297363e-01
-1.282955240458250046e-02 1.054735705256462097e-01
-4.748805239796638489e-02 7.755041867494583130e-02
-1.696057468652725220e-01 2.040649205446243286e-01
-1.967273950576782227e-01 1.628651767969131470e-01
-1.287270933389663696e-01 1.057354137301445007e-01
-1.964313387870788574e-01 2.426986098289489746e-01
-1.804775595664978027e-01 2.883214950561523438e-01
-4.300462305545806885e-01 2.223896086215972900e-01
-1.607827693223953247e-01 6.829227507114410400e-02
-5.903698038309812546e-03 8.632419258356094360e-02
4.572289809584617615e-02 -7.924312353134155273e-02
-3.432002365589141846e-01 3.237072527408599854e-01
-2.183789312839508057e-01 6.159124895930290222e-02
-1.179354116320610046e-01 1.264057159423828125e-01
6.207665801048278809e-02 3.345193108543753624e-03
-2.333289235830307007e-01 1.551418155431747437e-01
1.216534990817308426e-02 -5.980290938168764114e-03
1.976432502269744873e-01 -3.864348530769348145e-01
-3.213906586170196533e-01 2.040942162275314331e-01
3.454271256923675537e-01 -1.602136343717575073e-01
-2.859462499618530273e-01 3.530074954032897949e-01
-1.845663636922836304e-01 3.777733743190765381e-01
5.440806597471237183e-02 -1.576962321996688843e-01
-1.693246364593505859e-01 2.807651758193969727e-01
3.897606432437896729e-01 -1.338735818862915039e-01
-7.165317982435226440e-02 -2.026409208774566650e-01
1.886904090642929077e-01 -1.639870367944240570e-02
-5.053360760211944580e-02 5.713032558560371399e-02
1.836153417825698853e-01 -1.772575527429580688e-01
9.218107163906097412e-02 -2.132118642330169678e-01
2.399693988263607025e-02 1.149571537971496582e-01
-1.122841686010360718e-01 1.987222284078598022e-01
8.278200775384902954e-02 -1.204333007335662842e-01
2.572569847106933594e-01 -3.439749181270599365e-01
-3.348702564835548401e-02 1.998802274465560913e-01
1.930017024278640747e-02 -2.427068166434764862e-02
-3.889883682131767273e-02 -1.928261369466781616e-01
2.996690198779106140e-02 -4.803302139043807983e-02
3.663960695266723633e-01 -3.851079642772674561e-01
1.772080659866333008e-01 -1.984205693006515503e-01
1.587550044059753418e-01 -7.645153254270553589e-02
1.196746602654457092e-01 -1.637946516275405884e-01
-3.335466086864471436e-01 2.240741550922393799e-01
-3.026578128337860107e-01 2.941394150257110596e-01
-1.601537317037582397e-02 -6.867689639329910278e-02
-2.594685368239879608e-02 -8.916101604700088501e-02
3.467945754528045654e-01 -2.167319208383560181e-01
1.846226751804351807e-01 -1.482741534709930420e-01
8.491981029510498047e-02 -1.448090225458145142e-01
3.569744229316711426e-01 -1.634228080511093140e-01
1.341916918754577637e-01 1.370235979557037354e-01
-1.202991679310798645e-01 1.280596188735216856e-05
1.170286163687705994e-02 -1.108075007796287537e-01
-2.340921461582183838e-01 7.697053998708724976e-02
-1.890993416309356689e-01 1.356718689203262329e-01
3.639332950115203857e-01 -4.237935245037078857e-01
-3.589909970760345459e-01 8.204921334981918335e-02
2.133388072252273560e-01 -8.545298874378204346e-02
-2.642062604427337646e-01 3.634658753871917725e-01
2.495956867933273315e-01 -2.668949961662292480e-01
1.198214963078498840e-01 -2.690850794315338135e-01
-1.714037507772445679e-01 -1.717241853475570679e-02
-2.710318267345428467e-01 8.369647711515426636e-02
-4.060279130935668945e-01 2.009573876857757568e-01
6.494325399398803711e-02 -1.303195506334304810e-01
-4.414974525570869446e-02 2.088321000337600708e-01
-2.914178073406219482e-01 2.060092389583587646e-01
-4.062126576900482178e-01 2.620007097721099854e-01
-2.373836189508438110e-01 1.511065661907196045e-01
-1.348074674606323242e-01 3.469477593898773193e-01
-2.752966284751892090e-01 1.503851562738418579e-01
5.597377568483352661e-02 -8.774892240762710571e-02
8.657490462064743042e-02 -1.226023212075233459e-01
-1.630112677812576294e-01 3.778842985630035400e-01
6.397398188710212708e-03 2.053114920854568481e-01
-2.424375265836715698e-01 1.915059834718704224e-01
1.566397100687026978e-01 -2.316574007272720337e-01
-2.161503285169601440e-01 3.285973370075225830e-01
1.311128586530685425e-01 2.532236836850643158e-02
-2.158715426921844482e-01 1.814161241054534912e-01
-2.546537518501281738e-01 2.532448768615722656e-01
1.285100132226943970e-01 -1.266373395919799805e-01
-2.484724074602127075e-01 4.158345609903335571e-02
9.040225297212600708e-02 -7.429939508438110352e-02
-3.261860311031341553e-01 2.696788609027862549e-01
