-1.806691735982894897e-01 6.304081529378890991e-02
-7.913093268871307373e-02 2.181203477084636688e-02
3.856502175331115723e-01 -5.515165328979492188e-01
4.833861887454986572e-01 -3.879276216030120850e-01
-1.745897531509399414e-02 2.042504772543907166e-02
2.198023647069931030e-01 -1.314886361360549927e-01
-5.819966644048690796e-02 1.070872172713279724e-01
-7.341151684522628784e-02 3.615596592426300049e-01
-2.574600577354431152e-01 2.533551752567291260e-01
1.474195420742034912e-01 6.937684025615453720e-03
-2.190450727939605713e-01 2.118538916110992432e-01
-4.692857265472412109e-01 2.600487470626831055e-01
-5.659683942794799805e-01 4.286991655826568604e-01
-7.279323041439056396e-02 5.988130345940589905e-03
1.896353438496589661e-02 -1.049766242504119873e-01
5.436830520629882812e-01 -4.086877703666687012e-01
-2.245514281094074249e-02 -1.908949948847293854e-02
2.410286366939544678e-01 -4.156846404075622559e-01
4.781577885150909424e-01 -4.329436719417572021e-01
2.473063170909881592e-01 1.158878654241561890e-01
6.718473434448242188e-01 -5.287454724311828613e-01
5.529670715332031250e-01 -5.104355812072753906e-01
1.258839666843414307e-01 -1.645213216543197632e-01
-2.809658646583557129e-01 1.484529078006744385e-01
3.497865796089172363e-01 -3.222260773181915283e-01
-3.445629775524139404e-02 7.053761929273605347e-02
4.393406212329864502e-03 -2.678331732749938965e-02
1.418289393186569214e-01 -3.149433135986328125e-01
8.375460654497146606e-02 -1.160106901079416275e-02
-4.080295935273170471e-02 4.432008415460586548e-02
1.958888471126556396e-01 -1.340569555759429932e-01
2.925823032855987549e-01 -3.206014633178710938e-01
1.064323186874389648e-01 -1.070268377661705017e-01
4.421441256999969482e-01 -5.688008666038513184e-01
2.300647348165512085e-01 -1.360776871442794800e-01
-1.242251172661781311e-01 1.698495447635650635e-01
-3.881052136421203613e-02 2.337234318256378174e-01
-3.847463056445121765e-02 -5.025262013077735901e-03
9.425929933786392212e-02 -2.937224805355072021e-01
1.277639120817184448e-01 1.001678034663200378e-01
2.462023869156837463e-02 -1.818738132715225220e-01
4.364524483680725098e-01 -2.967448830604553223e-01
1.040031090378761292e-01 7.338859140872955322e-02
-2.031665854156017303e-02 1.805995702743530273e-01
-3.780181705951690674e-02 3.951933979988098145e-02
-2.615592479705810547e-01 2.976033091545104980e-01
8.199153840541839600e-02 9.990142285823822021e-02
-1.156163737177848816e-01 1.062323749065399170e-01
7.553079724311828613e-02 -5.618276074528694153e-02
-2.523640394210815430e-01 1.383305937051773071e-01
3.269563913345336914e-01 -3.911574482917785645e-01
-4.112154543399810791e-01 3.477792143821716309e-01
1.541505753993988037e-01 -1.330850869417190552e-01
3.334596455097198486e-01 -2.419285327196121216e-01
-3.428492844104766846e-01 4.774105846881866455e-01
6.231877580285072327e-02 -1.274523697793483734e-02
-1.055439561605453491e-01 1.698812246322631836e-01
3.771941661834716797e-01 -4.943380355834960938e-01
3.398219347000122070e-01 -5.151277780532836914e-01
1.818378716707229614e-01 -1.115927398204803467e-01
2.788057029247283936e-01 -2.526828348636627197e-01
-5.237694829702377319e-02 7.623484730720520020e-02
-5.258857607841491699e-01 5.092710852622985840e-01
3.311400115489959717e-01 -1.630615741014480591e-01
-1.568911969661712646e-01 1.215166524052619934e-01
1.790529787540435791e-01 -7.056681811809539795e-02
-3.568463623523712158e-01 5.715506076812744141e-01
-4.185027480125427246e-01 3.283905684947967529e-01
3.324386477470397949e-02 2.438380569219589233e-01
-6.806184649467468262e-01 6.187070012092590332e-01
-7.396752834320068359e-01 5.508907437324523926e-01
-6.810085177421569824e-01 4.873296022415161133e-01
4.170115292072296143e-01 -3.363145589828491211e-01
3.022099733352661133e-01 -3.153045475482940674e-01
3.533833026885986328e-01 -2.774919271469116211e-01
-1.236720681190490723e-01 3.919394314289093018e-01
3.840085566043853760e-01 -2.505970001220703125e-01
-2.595120072364807129e-01 3.118800520896911621e-01
4.398825764656066895e-01 -3.117741048336029053e-01
1.093629971146583557e-01 -8.933151513338088989e-02
7.719948291778564453e-01 -9.273136258125305176e-01
1.070634424686431885e-01 1.309069152921438217e-02
5.903933048248291016e-01 -6.260816454887390137e-01
-2.282150685787200928e-01 1.287397444248199463e-01
6.683857440948486328e-01 -6.784699559211730957e-01
-2.063446342945098877e-01 1.279605776071548462e-01
1.130187988281250000e+00 -1.030918717384338379e+00
-4.137591272592544556e-02 1.613209955394268036e-02
4.921184480190277100e-01 -6.450214982032775879e-01
1.382380723953247070e-01 -5.608586221933364868e-02
7.026770114898681641e-01 -7.857742905616760254e-01
6.663363426923751831e-02 -3.825514763593673706e-02
-7.647868990898132324e-02 -6.016917899250984192e-02
2.000951915979385376e-01 -1.989756375551223755e-01
-2.884462475776672363e-01 2.044865339994430542e-01
2.132123261690139771e-01 -2.752646505832672119e-01
1.699488013982772827e-01 -2.425450682640075684e-01
9.095373749732971191e-01 -7.924891710281372070e-01
3.348805010318756104e-01 -1.398876160383224487e-01
-6.946939826011657715e-01 6.704264879226684570e-01
4.661243259906768799e-01 -3.746743202209472656e-01
-1.119862776249647141e-02 1.688384115695953369e-01
2.021885812282562256e-01 -1.553066968917846680e-01
5.420403480529785156e-01 -5.918313860893249512e-01
1.455688923597335815e-01 -3.394918739795684814e-01
-5.743035078048706055e-01 6.206420660018920898e-01
3.806442320346832275e-01 -3.255941569805145264e-01
3.364945203065872192e-02 1.844475716352462769e-01
3.192163631319999695e-02 -1.955306082963943481e-01
2.603370845317840576e-01 -2.548699378967285156e-01
-3.619222939014434814e-01 4.908529818058013916e-01
-2.476859241724014282e-01 1.727972328662872314e-01
1.330448091030120850e-01 -1.947820484638214111e-01
-9.668151736259460449e-01 1.062714099884033203e+00
1.905288696289062500e-01 -1.312451362609863281e-01
-1.693654060363769531e-01 2.256733477115631104e-01
-8.901411890983581543e-01 7.096759080886840820e-01
6.336205452680587769e-02 4.095361754298210144e-02
-4.657031893730163574e-01 5.808854699134826660e-01
-3.191386461257934570e-01 4.685553610324859619e-01
1.271980702877044678e-01 -3.257795572280883789e-01
8.100718259811401367e-01 -8.436398506164550781e-01
-2.080740332603454590e-01 1.949294656515121460e-01
2.065545618534088135e-01 -5.310662984848022461e-01
7.860822677612304688e-01 -7.480801939964294434e-01
8.688380569219589233e-02 6.643510609865188599e-02
-9.097731709480285645e-01 1.016716122627258301e+00
4.081247150897979736e-01 -4.561780095100402832e-01
-5.040348768234252930e-01 3.793076276779174805e-01
7.808614522218704224e-02 -2.125452309846878052e-01
4.545205533504486084e-01 -4.612856209278106689e-01
-8.917661309242248535e-01 9.403152465820312500e-01
-2.244365364313125610e-01 1.219231933355331421e-01
-4.917434230446815491e-02 3.716933727264404297e-02
-5.446199178695678711e-01 7.790285348892211914e-01
-5.134522914886474609e-01 1.725007593631744385e-01
-5.519570782780647278e-02 2.741018533706665039e-01
5.932386592030525208e-02 -1.442833244800567627e-01
-8.888274431228637695e-01 8.823748826980590820e-01
-4.524400085210800171e-02 7.750935107469558716e-02
2.791934013366699219e-01 -3.861721754074096680e-01
-7.398285269737243652e-01 9.987494349479675293e-01
-3.960444331169128418e-01 6.399113684892654419e-02
5.023612380027770996e-01 -5.081869363784790039e-01
3.951504826545715332e-02 4.143191128969192505e-02
-2.201884686946868896e-01 2.019169777631759644e-01
5.475854873657226562e-01 -6.964830756187438965e-01
1.039669990539550781e+00 -9.287332892417907715e-01
5.630651116371154785e-01 -6.525066494941711426e-01
6.384820342063903809e-01 -5.868866443634033203e-01
9.900686740875244141e-01 -9.588034152984619141e-01
-4.245927333831787109e-01 5.147860646247863770e-01
2.739198207855224609e-01 -2.882757186889648438e-01
6.031624078750610352e-01 -6.009958386421203613e-01
-4.947354197502136230e-01 6.353905200958251953e-01
-3.336741626262664795e-01 4.469274580478668213e-01
2.476253956556320190e-01 -3.295489847660064697e-01
2.306556515395641327e-02 -4.963359609246253967e-02
-3.077634274959564209e-01 1.615781635046005249e-01
5.044717192649841309e-01 -5.009063482284545898e-01
1.053986474871635437e-01 -1.106924638152122498e-01
1.065869927406311035e+00 -9.955338239669799805e-01
6.949139833450317383e-01 -8.941566944122314453e-01
-2.135788053274154663e-01 2.145058214664459229e-01
-4.013433754444122314e-01 3.786790668964385986e-01
5.816912651062011719e-02 -1.394260376691818237e-01
-7.031763345003128052e-02 1.599220037460327148e-01
-6.044616103172302246e-01 5.110232830047607422e-01
3.981997668743133545e-01 -3.915372490882873535e-01
-8.450099825859069824e-01 8.725492358207702637e-01
-5.536587834358215332e-01 3.249838948249816895e-01
-5.132343173027038574e-01 5.277653336524963379e-01
-9.377365931868553162e-03 4.534325748682022095e-02
-1.324181407690048218e-01 4.906354844570159912e-02
-5.674797296524047852e-01 5.314825773239135742e-01
-7.282288074493408203e-01 6.772433519363403320e-01
-2.501287460327148438e-01 3.740371465682983398e-01
-8.055105805397033691e-01 9.990026354789733887e-01
-3.240130543708801270e-01 5.061573982238769531e-01
-2.480341866612434387e-02 -1.310999393463134766e-01
-4.228886663913726807e-01 5.580196380615234375e-01
-5.498433113098144531e-01 6.556237936019897461e-01
-7.241061925888061523e-01 6.105612516403198242e-01
-4.564076066017150879e-01 4.062589704990386963e-01
6.203837394714355469e-01 -6.875100135803222656e-01
5.665090084075927734e-01 -7.268424034118652344e-01
-9.687317907810211182e-02 1.569448411464691162e-01
-2.136038243770599365e-01 2.227735221385955811e-01
4.541901648044586182e-01 -4.995613396167755127e-01
7.701914310455322266e-01 -7.595344185829162598e-01
-3.965014517307281494e-01 4.819521307945251465e-01
3.366643786430358887e-01 -2.104427516460418701e-01
1.401428878307342529e-01 -1.930186152458190918e-01
-6.413313001394271851e-02 -3.470607101917266846e-03
2.344201952219009399e-01 -1.462275385856628418e-01
-4.854413494467735291e-02 -6.432737223803997040e-03
3.640316128730773926e-01 -1.881773322820663452e-01
8.832422643899917603e-02 5.818457901477813721e-02
-3.302213922142982483e-02 3.873693645000457764e-01
-3.749478459358215332e-01 3.564403653144836426e-01
2.425404191017150879e-01 -9.398195892572402954e-02
-2.007544413208961487e-02 9.471444040536880493e-02
-4.794157445430755615e-01 3.919974267482757568e-01
5.087501183152198792e-02 2.893134579062461853e-02
-1.499149948358535767e-01 -3.189057856798171997e-02
1.684911251068115234e-01 -9.172590076923370361e-02
-1.509484946727752686e-01 1.876229047775268555e-01
1.694201529026031494e-01 -1.913849413394927979e-01
6.218278431333601475e-04 -6.484542787075042725e-02
2.068811058998107910e-01 -2.297180444002151489e-01
1.259983927011489868e-01 2.731974609196186066e-02
-2.246414422988891602e-01 1.770688891410827637e-01
6.048626080155372620e-02 -1.359997242689132690e-01
2.290579676628112793e-01 -3.363683521747589111e-01
3.078525066375732422e-01 -3.308373391628265381e-01
7.452186942100524902e-02 -9.079642593860626221e-02
3.563349843025207520e-01 -2.680878937244415283e-01
-1.589288562536239624e-01 5.673560500144958496e-02
1.078203991055488586e-01 -2.304030209779739380e-01
5.233002454042434692e-02 -6.810005009174346924e-02
-9.203188121318817139e-02 -1.588097661733627319e-01
-2.328057028353214264e-02 -4.368250444531440735e-02
-1.372044086456298828e-01 1.061626076698303223e-01
-9.206142276525497437e-03 -1.634521633386611938e-01
2.677394822239875793e-02 -1.062461286783218384e-01
2.702158689498901367e-01 -1.021359711885452271e-01
-2.442922592163085938e-01 1.885781288146972656e-01
1.700666248798370361e-01 -5.737956613302230835e-02
-5.427368283271789551e-01 3.848395347595214844e-01
-5.914970114827156067e-02 1.433277279138565063e-01
2.835171222686767578e-01 -4.015628993511199951e-01
-2.803819477558135986e-01 2.009684890508651733e-01
8.114100247621536255e-02 -7.176236063241958618e-02
1.449887603521347046e-01 -2.381514906883239746e-01
-1.966600418090820312e-01 -2.902057021856307983e-02
-1.201215088367462158e-01 8.857439272105693817e-03
-4.547156766057014465e-02 1.764290630817413330e-01
-2.214423716068267822e-01 4.206514358520507812e-01
2.722011208534240723e-01 -3.857013285160064697e-01
2.701325118541717529e-01 -1.025257632136344910e-01
-9.326108545064926147e-02 -5.803741514682769775e-02
-3.319035470485687256e-02 1.670801788568496704e-01
5.103677511215209961e-01 -3.411266207695007324e-01
7.664217799901962280e-02 -9.608551859855651855e-02
2.445401549339294434e-01 -3.150492608547210693e-01
3.552668169140815735e-02 -3.648737072944641113e-02
1.488228291273117065e-01 -9.825325757265090942e-02
2.876149415969848633e-01 -3.850211799144744873e-01
-2.666763067245483398e-01 1.240056529641151428e-01
1.679473519325256348e-01 -1.486256122589111328e-01
6.463188678026199341e-02 4.454176500439643860e-02
3.979261219501495361e-01 -5.255314111709594727e-01
1.419813036918640137e-01 4.061206057667732239e-02
2.221423387527465820e-02 -3.800274059176445007e-02
-3.367635607719421387e-01 2.934154570102691650e-01
-3.407339751720428467e-02 9.597185254096984863e-02
