9.240472316741943359e-02 -9.083922207355499268e-02
1.809948831796646118e-01 -7.229896634817123413e-02
5.259529501199722290e-02 -5.850026383996009827e-02
-1.752601414918899536e-01 -8.342907764017581940e-03
-2.402541600167751312e-02 7.657500449568033218e-03
-5.334687605500221252e-02 -1.357390135526657104e-01
-6.777402758598327637e-02 -6.787692010402679443e-02
-5.883885920047760010e-02 1.398987621068954468e-01
-3.006164915859699249e-02 1.160372123122215271e-01
8.085994049906730652e-03 -5.572939664125442505e-02
-2.116927877068519592e-02 -3.297692909836769104e-02
1.201315447688102722e-01 -4.362041130661964417e-02
-2.999008446931838989e-02 4.715395718812942505e-02
-1.052054315805435181e-01 -4.606081172823905945e-02
-5.031990259885787964e-02 -4.647609312087297440e-03
-1.508906763046979904e-02 -1.111052185297012329e-01
-2.397002577781677246e-01 -5.687602236866950989e-02
2.011587098240852356e-02 -4.035075008869171143e-02
-1.192576661705970764e-01 -2.982324920594692230e-02
-1.608512923121452332e-02 -1.568281278014183044e-02
-1.174206361174583435e-01 9.867400676012039185e-02
-1.113744601607322693e-01 -5.428366828709840775e-03
1.569226570427417755e-02 -1.065108254551887512e-01
7.835116237401962280e-02 -4.441943019628524780e-02
3.001036588102579117e-03 9.880787879228591919e-02
3.971281647682189941e-02 1.013351008296012878e-01
1.128413304686546326e-01 -5.176322534680366516e-02
8.935979008674621582e-02 -1.185278641059994698e-03
-9.625302255153656006e-02 -5.607908964157104492e-02
-5.780946090817451477e-02 -1.035195775330066681e-02
1.711528897285461426e-01 -2.295787334442138672e-01
-9.050766378641128540e-02 -6.307694595307111740e-03
1.477136462926864624e-01 1.244638464413583279e-03
-1.175871267914772034e-01 1.744595468044281006e-01
-6.457517296075820923e-02 6.184136494994163513e-02
8.659642771817743778e-04 -1.008432656526565552e-01
2.219319716095924377e-02 -7.325570285320281982e-02
-1.365069150924682617e-01 1.106583103537559509e-01
1.214119940996170044e-01 4.884301498532295227e-02
4.089180752635002136e-02 -7.420011330395936966e-03
-1.357174068689346313e-01 7.849081605672836304e-02
-1.237358823418617249e-01 -5.442319810390472412e-02
1.049615293741226196e-01 -4.434959217905998230e-02
5.760040134191513062e-02 -1.399886757135391235e-01
6.601730734109878540e-02 8.798891305923461914e-02
2.154035307466983795e-02 2.084710001945495605e-01
7.064933329820632935e-02 5.643024668097496033e-02
-1.155654266476631165e-01 -5.063725635409355164e-02
1.056927349418401718e-02 9.463096410036087036e-02
7.351421564817428589e-02 -9.102903306484222412e-02
-1.530132293701171875e-01 2.294898033142089844e-02
1.851394772529602051e-03 -5.212650820612907410e-02
4.542001709342002869e-02 6.122270226478576660e-02
-7.804527878761291504e-02 1.328315883874893188e-01
5.752874538302421570e-02 -1.207493692636489868e-01
-1.536197215318679810e-01 1.766544580459594727e-01
-1.051456630229949951e-01 1.605562865734100342e-02
1.101696398109197617e-02 2.061245590448379517e-02
7.896780967712402344e-02 3.304659575223922729e-02
-6.864599883556365967e-02 1.316221803426742554e-01
9.084733575582504272e-02 3.902227059006690979e-02
-1.205668747425079346e-01 -8.780694752931594849e-02
9.070198237895965576e-02 3.197172656655311584e-02
1.021983250975608826e-01 -4.874557629227638245e-02
1.427535414695739746e-01 -2.921417653560638428e-01
1.265604943037033081e-01 -1.288278996944427490e-01
-5.887500196695327759e-02 1.486504375934600830e-01
6.969191133975982666e-03 1.411644518375396729e-01
-2.054182440042495728e-01 1.360718011856079102e-01
-8.035863190889358521e-02 9.143289178609848022e-02
-1.138281822204589844e-01 2.057697921991348267e-01
-7.086189091205596924e-02 1.253485828638076782e-01
2.917248755693435669e-02 -1.145963370800018311e-01
1.230738162994384766e-01 -1.810226589441299438e-01
2.010506093502044678e-01 -7.371832430362701416e-02
6.473157554864883423e-02 -1.828406900167465210e-01
-6.279171258211135864e-02 1.318763494491577148e-01
-8.915186673402786255e-02 -7.101564668118953705e-03
-1.927258260548114777e-02 -2.262760549783706665e-01
1.486001461744308472e-01 -1.033482700586318970e-01
-1.851212829351425171e-01 1.346183866262435913e-01
1.024079620838165283e-01 -1.956761069595813751e-02
-9.458055347204208374e-02 5.254049226641654968e-02
-6.750071793794631958e-02 -9.035316109657287598e-02
-2.752265036106109619e-01 1.814962625503540039e-01
9.045305103063583374e-02 -6.855676323175430298e-02
2.923054695129394531e-01 -1.892174333333969116e-01
1.472438126802444458e-01 -1.843782328069210052e-02
-2.057145088911056519e-01 1.362276524305343628e-01
-4.539739713072776794e-02 -3.250605426728725433e-03
1.092861592769622803e-01 -2.066858261823654175e-01
1.177731156349182129e-01 -3.358102440834045410e-01
-9.420958161354064941e-02 -1.575239002704620361e-01
1.151494458317756653e-01 -2.004869282245635986e-02
4.095377624034881592e-01 -3.308370411396026611e-01
-2.977636754512786865e-01 1.426121592521667480e-01
-7.919722236692905426e-03 -2.496947161853313446e-02
-5.223543047904968262e-01 2.016156017780303955e-01
-4.181437566876411438e-02 -8.209182322025299072e-02
1.428888589143753052e-01 -5.860420316457748413e-02
4.883952811360359192e-02 -1.105375513434410095e-01
-1.417797058820724487e-01 -8.840849250555038452e-02
6.868552416563034058e-02 -2.353822439908981323e-02
-5.377748981118202209e-02 1.147563531994819641e-01
-2.201915830373764038e-01 2.278944700956344604e-01
-1.509345322847366333e-01 1.815124154090881348e-01
3.332301676273345947e-01 -2.373188287019729614e-01
1.135252192616462708e-01 -2.426584362983703613e-01
-4.400254413485527039e-02 6.054858863353729248e-02
7.813517004251480103e-02 -1.346076279878616333e-01
-2.378793619573116302e-02 -1.227716803550720215e-01
5.294738337397575378e-02 8.353915065526962280e-02
-1.096366196870803833e-01 -8.726935833692550659e-02
-1.137307062745094299e-01 1.516979336738586426e-01
-2.921258211135864258e-01 1.552472412586212158e-01
1.261555850505828857e-01 -7.542322389781475067e-03
3.045216202735900879e-01 2.567053399980068207e-02
-8.318747580051422119e-02 1.771548539400100708e-01
2.317363768815994263e-01 -3.222450613975524902e-01
-1.626090705394744873e-01 3.462637960910797119e-01
-2.730262875556945801e-01 2.793630659580230713e-01
1.098430007696151733e-01 1.201549023389816284e-01
5.034670233726501465e-02 5.902016162872314453e-02
-2.103613913059234619e-01 3.093940615653991699e-01
1.124177221208810806e-02 -2.556025087833404541e-01
-1.137451007962226868e-01 5.590103566646575928e-02
-3.612537309527397156e-02 1.000353544950485229e-01
3.162601590156555176e-01 -2.384557425975799561e-01
6.808009743690490723e-01 -3.850359320640563965e-01
2.470950186252593994e-01 -3.919410407543182373e-01
8.102872222661972046e-02 -2.047650218009948730e-01
-6.312772035598754883e-01 5.732576251029968262e-01
4.911168217658996582e-01 -4.738194048404693604e-01
1.298608928918838501e-01 -2.074158787727355957e-01
-2.199209630489349365e-01 4.411219060420989990e-01
-3.673070967197418213e-01 5.427910089492797852e-01
2.675678133964538574e-01 -1.660642623901367188e-01
2.886544167995452881e-01 -2.737475931644439697e-01
5.547315254807472229e-02 -2.145283818244934082e-01
8.362936973571777344e-02 -1.423011869192123413e-01
-5.674599409103393555e-01 5.621255636215209961e-01
-1.672043502330780029e-01 1.166594699025154114e-01
-3.263861536979675293e-01 5.006572008132934570e-01
-1.622530817985534668e-01 8.415409922599792480e-02
-6.154496073722839355e-01 4.757355153560638428e-01
-1.924603432416915894e-01 8.848815411329269409e-02
6.249021887779235840e-01 -6.616309881210327148e-01
-2.078136652708053589e-01 3.231844007968902588e-01
4.649664461612701416e-02 -7.497173547744750977e-02
-1.734648048877716064e-01 3.327498733997344971e-01
5.261925458908081055e-01 -5.593661069869995117e-01
2.248054742813110352e-01 -3.073107302188873291e-01
3.797318637371063232e-01 -2.788586318492889404e-01
2.994579672813415527e-01 -5.256481170654296875e-01
5.458926558494567871e-01 -5.346496701240539551e-01
2.027955800294876099e-01 -5.126560851931571960e-02
-2.086736261844635010e-01 1.648238003253936768e-01
1.829075962305068970e-01 5.418428336270153522e-04
4.595479369163513184e-01 -6.738275885581970215e-01
-2.251499742269515991e-01 2.347014546394348145e-01
5.709072351455688477e-01 -5.189268589019775391e-01
-4.190384745597839355e-01 1.733940839767456055e-01
-2.714037597179412842e-01 6.544216871261596680e-01
-1.111816465854644775e-01 1.841958016157150269e-01
-5.699387192726135254e-02 1.415872871875762939e-01
-2.285243421792984009e-01 1.244582161307334900e-01
-2.018511593341827393e-01 5.857133120298385620e-02
-2.506764531135559082e-01 7.864861935377120972e-02
-1.876979023218154907e-01 1.063445284962654114e-01
-2.754395902156829834e-01 5.460409075021743774e-02
6.334164738655090332e-01 -4.197395443916320801e-01
4.132518768310546875e-01 -4.066732227802276611e-01
2.326352000236511230e-01 -2.954612076282501221e-01
-4.229564368724822998e-01 5.495592355728149414e-01
2.669402956962585449e-01 -4.267875850200653076e-01
1.664780527353286743e-01 -1.810523122549057007e-01
5.052881240844726562e-01 -6.181662082672119141e-01
5.617539882659912109e-01 -5.529528856277465820e-01
-4.755779728293418884e-02 5.954279378056526184e-02
-1.804348975419998169e-01 2.335776537656784058e-01
4.482345283031463623e-01 -2.829441428184509277e-01
-5.741789937019348145e-01 4.262171387672424316e-01
5.492477416992187500e-01 -4.078360497951507568e-01
-5.059680342674255371e-01 6.608204841613769531e-01
3.220044374465942383e-01 -2.643178105354309082e-01
-2.120703160762786865e-01 3.543309867382049561e-01
4.771877825260162354e-01 -4.054024815559387207e-01
-4.471773803234100342e-01 2.413294762372970581e-01
1.772377043962478638e-01 -3.029152154922485352e-01
-1.267656236886978149e-01 3.561347723007202148e-02
-4.069573879241943359e-01 3.973284363746643066e-01
3.505379855632781982e-01 -2.381871193647384644e-01
6.012806892395019531e-01 -7.011075615882873535e-01
2.429479360580444336e-01 -2.811859548091888428e-01
-2.565805315971374512e-01 1.396665573120117188e-01
-3.550836145877838135e-01 3.126485347747802734e-01
5.634785816073417664e-02 2.044283971190452576e-02
4.453802481293678284e-02 -6.587165594100952148e-02
-4.076574146747589111e-01 4.785915315151214600e-01
-4.034793674945831299e-01 3.848898708820343018e-01
8.791963011026382446e-02 -1.111368983983993530e-01
1.734613776206970215e-01 -3.316251188516616821e-02
8.916956186294555664e-02 6.895963847637176514e-02
4.998097196221351624e-02 4.345433041453361511e-02
-1.405793279409408569e-01 9.733858704566955566e-02
-4.524475634098052979e-01 4.661051332950592041e-01
1.460508257150650024e-01 -3.394082561135292053e-02
1.101721357554197311e-02 8.402689546346664429e-02
-5.144811272621154785e-01 4.653518497943878174e-01
3.438681066036224365e-01 -2.406068742275238037e-01
2.244410477578639984e-02 1.051092967391014099e-01
-3.033664226531982422e-01 3.290641307830810547e-01
-1.458048820495605469e-01 2.312346845865249634e-01
3.244749829173088074e-02 1.038573496043682098e-02
1.618449985980987549e-01 -3.112435936927795410e-01
1.099332571029663086e-01 -9.668722003698348999e-02
-3.160344064235687256e-02 2.896631658077239990e-01
1.878533363342285156e-01 -1.804918646812438965e-01
1.467282921075820923e-01 -3.823524117469787598e-01
1.507588028907775879e-01 -3.149378001689910889e-01
-2.972881495952606201e-01 1.598511636257171631e-01
1.652476191520690918e-01 -2.609571442008018494e-02
5.888361930847167969e-01 -5.087024569511413574e-01
-5.564163923263549805e-01 7.058252096176147461e-01
7.769811153411865234e-02 1.154942587018013000e-01
-6.306877732276916504e-01 4.059161245822906494e-01
-9.807734191417694092e-02 3.535703197121620178e-02
4.644305631518363953e-02 1.005419045686721802e-01
-8.351847529411315918e-02 -1.066726050339639187e-03
3.850429132580757141e-02 2.262824922800064087e-01
2.196460813283920288e-01 -8.435928821563720703e-02
8.179925382137298584e-02 -2.335392236709594727e-01
-2.215418219566345215e-01 2.578482031822204590e-01
-1.177532598376274109e-02 5.369114503264427185e-02
3.917468786239624023e-01 -3.044511973857879639e-01
1.256596744060516357e-01 -1.880718469619750977e-01
7.221493124961853027e-02 9.492867439985275269e-02
-4.607781171798706055e-01 6.698856353759765625e-01
1.127058416604995728e-01 -3.198605030775070190e-02
1.425509899854660034e-01 -1.385023742914199829e-01
2.684372365474700928e-01 -1.518120318651199341e-01
-3.433976322412490845e-02 -2.058872729539871216e-01
-1.127429679036140442e-01 8.067814260721206665e-02
9.390504658222198486e-02 9.214586019515991211e-02
1.493920236825942993e-01 -2.944899797439575195e-01
-5.667898654937744141e-01 3.762388527393341064e-01
2.041059434413909912e-01 -2.951580882072448730e-01
-5.927549600601196289e-01 5.166411399841308594e-01
-9.919613599777221680e-02 6.920879334211349487e-02
-1.416660994291305542e-01 -1.963542029261589050e-02
3.738574087619781494e-01 -7.893623411655426025e-02
-1.672834306955337524e-01 2.647251486778259277e-01
4.514447450637817383e-01 -2.378043830394744873e-01
-9.622699767351150513e-02 2.862733975052833557e-02
-4.634188115596771240e-01 5.042277574539184570e-01
3.318529203534126282e-02 -1.850187778472900391e-01
