1.623058170080184937e-01 -1.723421066999435425e-01
-2.237618863582611084e-01 1.159316450357437134e-01
2.721931040287017822e-01 -2.593695223331451416e-01
-2.701456546783447266e-01 1.707165539264678955e-01
-3.491387069225311279e-01 2.859530597925186157e-02
6.500617414712905884e-02 -2.158439308404922485e-01
4.966479539871215820e-02 1.053953915834426880e-01
-1.629007905721664429e-01 1.310896724462509155e-01
1.629024296998977661e-01 9.376566857099533081e-02
-1.036853119730949402e-01 1.501055806875228882e-02
-4.927786439657211304e-02 1.886444836854934692e-01
1.434566676616668701e-01 -6.914488226175308228e-02
-6.780695915222167969e-02 -6.378618627786636353e-02
1.666751056909561157e-01 -4.253487661480903625e-02
7.170967757701873779e-02 -9.964160621166229248e-03
-3.219212964177131653e-02 -1.156526282429695129e-01
-1.199984997510910034e-01 -4.240255057811737061e-02
1.040679588913917542e-01 8.174996078014373779e-02
-8.230869658291339874e-03 8.801020681858062744e-03
1.357894670218229294e-02 9.536289423704147339e-02
-9.646668285131454468e-02 -1.510707568377256393e-02
-2.152811437845230103e-01 1.052717790007591248e-01
9.277036041021347046e-02 -5.268752202391624451e-02
2.020859718322753906e-01 3.233854845166206360e-02
3.628414357081055641e-03 -8.540428429841995239e-02
8.415120095014572144e-02 -7.371200621128082275e-02
1.682076901197433472e-01 -1.230682153254747391e-02
1.518545746803283691e-01 1.078117545694112778e-02
-1.790794432163238525e-01 -4.074024036526679993e-02
1.585006713867187500e-01 -2.377778291702270508e-01
2.241854518651962280e-01 -9.453737735748291016e-02
1.002157330513000488e-01 -7.597169280052185059e-02
1.012843940407037735e-02 -1.229409575462341309e-01
7.465577125549316406e-02 -5.252373591065406799e-02
-1.626533120870590210e-01 2.237029075622558594e-01
-2.073889970779418945e-01 2.054395973682403564e-01
2.958003617823123932e-02 1.610845178365707397e-01
8.623347617685794830e-03 1.711094230413436890e-01
-1.451481133699417114e-01 4.834096878767013550e-02
-8.092544227838516235e-02 1.993412151932716370e-02
-1.754937171936035156e-01 -1.488810926675796509e-01
1.077409610152244568e-01 -2.064294368028640747e-01
7.511729747056961060e-02 7.845000177621841431e-02
1.219326481223106384e-01 -1.106586754322052002e-01
5.364229902625083923e-02 4.327774420380592346e-02
-1.254430878907442093e-02 -1.008190214633941650e-01
8.061896264553070068e-02 -1.365374922752380371e-01
-3.905837610363960266e-02 2.933928556740283966e-02
4.502160102128982544e-02 -5.969746783375740051e-02
1.690607331693172455e-02 1.805962175130844116e-01
1.594882309436798096e-01 -1.810550540685653687e-01
-1.290619075298309326e-01 1.801110357046127319e-01
1.924191266298294067e-01 -2.897513471543788910e-02
-4.730271920561790466e-02 -4.764553159475326538e-02
-5.378085747361183167e-02 -2.282122522592544556e-01
-2.289280742406845093e-01 1.827679425477981567e-01
1.552130728960037231e-01 -1.144431233406066895e-01
-1.420391649007797241e-01 -1.299583911895751953e-01
5.430847872048616409e-03 9.664373844861984253e-02
-1.283165216445922852e-01 -8.380316197872161865e-02
2.872607298195362091e-02 -1.199996098875999451e-01
2.753559350967407227e-01 -9.500804543495178223e-02
2.377207018435001373e-02 -1.873904168605804443e-01
-1.324984058737754822e-02 -5.053324624896049500e-02
1.599407643079757690e-01 -1.896481513977050781e-01
-1.730114780366420746e-02 1.135428901761770248e-02
1.553972214460372925e-01 -1.335924714803695679e-01
-2.224039286375045776e-01 2.180940806865692139e-01
-3.423017263412475586e-02 -2.215358894318342209e-03
1.197814419865608215e-01 -1.666282117366790771e-01
-1.538997739553451538e-01 2.355073690414428711e-01
6.883896142244338989e-02 -1.720148622989654541e-01
-6.838032603263854980e-02 3.056747615337371826e-01
1.288194805383682251e-01 -4.959822073578834534e-02
2.443083375692367554e-01 -1.654006242752075195e-01
1.148445159196853638e-01 -3.615180030465126038e-02
-5.903481692075729370e-02 -3.149107098579406738e-02
8.050475269556045532e-02 9.067450650036334991e-03
-9.409485012292861938e-02 1.368502676486968994e-01
2.390902042388916016e-01 -1.909644156694412231e-01
-3.712363913655281067e-02 -4.900247231125831604e-02
-1.179511193186044693e-02 -6.002378463745117188e-02
1.563735492527484894e-02 1.217823773622512817e-01
7.331552356481552124e-02 -6.878840178251266479e-02
2.752272877842187881e-03 9.963762015104293823e-02
-1.370813399553298950e-01 1.880395561456680298e-01
1.216775551438331604e-01 6.085041537880897522e-02
-9.869214892387390137e-02 1.787009835243225098e-01
4.101931676268577576e-02 4.524546489119529724e-02
-2.233542948961257935e-01 2.136841043829917908e-02
9.411735087633132935e-02 -5.677261576056480408e-02
-2.253488004207611084e-01 8.333557844161987305e-02
-2.022928558290004730e-02 1.494724750518798828e-01
1.660403311252593994e-01 -1.336270123720169067e-01
2.206340581178665161e-01 -1.607080399990081787e-01
-3.790124878287315369e-02 -1.083407029509544373e-01
1.014621853828430176e-01 3.527014702558517456e-02
-1.476644575595855713e-01 -1.145883426070213318e-01
-1.425047963857650757e-01 1.337600946426391602e-01
-8.661340177059173584e-02 1.024717241525650024e-01
-1.782528460025787354e-01 1.747654229402542114e-01
-2.643852308392524719e-02 -1.817651279270648956e-02
-1.266927421092987061e-01 1.415618509054183960e-01
-1.034044623374938965e-01 2.277719229459762573e-01
-3.373327553272247314e-01 2.959193885326385498e-01
-1.088309660553932190e-01 -1.010191291570663452e-01
-1.901191920042037964e-01 2.904899045825004578e-02
1.467481404542922974e-01 1.466782670468091965e-02
-1.999183930456638336e-02 -1.196817234158515930e-01
1.875227242708206177e-01 -2.164500802755355835e-01
1.089651063084602356e-01 -8.427590876817703247e-02
-5.870865657925605774e-02 -2.562557719647884369e-02
-4.328060895204544067e-02 -3.070232272148132324e-02
1.390755772590637207e-01 1.054603978991508484e-01
4.266451671719551086e-02 -1.260526329278945923e-01
-4.567866399884223938e-02 -3.954781219363212585e-02
3.220991790294647217e-02 -6.586880981922149658e-02
1.875005066394805908e-01 -1.863825172185897827e-01
8.854358643293380737e-02 -1.745233088731765747e-01
-2.770411409437656403e-02 3.272351250052452087e-02
-1.977253556251525879e-01 -1.706633269786834717e-01
1.555411219596862793e-01 -6.128834187984466553e-02
-1.049881651997566223e-01 -9.637072682380676270e-03
1.960469931364059448e-01 -3.148834779858589172e-02
9.688979387283325195e-02 -1.722238212823867798e-01
4.653854668140411377e-02 -2.166425287723541260e-01
5.034157261252403259e-02 -8.597443997859954834e-02
2.769340062513947487e-03 9.359034150838851929e-02
1.056399717926979065e-01 -2.924276590347290039e-01
-8.204603195190429688e-02 1.062717735767364502e-01
1.512459199875593185e-02 -1.814492791891098022e-02
-1.941794008016586304e-01 2.653411924839019775e-01
-1.956563144922256470e-01 8.850389719009399414e-02
3.266554474830627441e-01 -1.792489439249038696e-01
-1.248109266161918640e-01 3.099869191646575928e-01
2.990354895591735840e-01 -1.635967642068862915e-01
-2.007677704095840454e-01 1.054950803518295288e-01
2.455952465534210205e-01 -1.451067328453063965e-01
-8.267500437796115875e-03 1.340169757604598999e-01
-7.397519797086715698e-02 -1.637848466634750366e-01
-3.507635369896888733e-02 1.830363459885120392e-02
1.225617974996566772e-01 -1.848489195108413696e-01
-3.091074712574481964e-02 7.672595977783203125e-02
2.266896516084671021e-01 -1.212112605571746826e-01
-1.846057176589965820e-01 3.326021134853363037e-02
1.459279954433441162e-01 -2.111170291900634766e-01
1.678103953599929810e-02 1.558492332696914673e-01
-2.397059202194213867e-01 2.232839763164520264e-01
1.065434813499450684e-01 -1.427160501480102539e-01
-1.379010379314422607e-01 2.151554971933364868e-01
3.093884289264678955e-01 -3.160250484943389893e-01
8.654799312353134155e-02 -1.508149504661560059e-01
2.691678106784820557e-01 -1.850272119045257568e-01
4.825044795870780945e-02 -2.428211867809295654e-01
-7.311846315860748291e-02 -4.227789863944053650e-02
-1.106311976909637451e-01 2.497186660766601562e-01
-1.935055255889892578e-01 1.703728288412094116e-01
3.146360516548156738e-01 -3.126176893711090088e-01
2.304102331399917603e-01 -2.710197269916534424e-01
1.891302317380905151e-01 -1.769018620252609253e-01
-4.750978946685791016e-02 2.030593156814575195e-02
-6.246000155806541443e-02 -1.125112697482109070e-01
-1.930269896984100342e-01 2.242514789104461670e-01
-2.043263018131256104e-01 7.216046005487442017e-02
-2.996333502233028412e-02 -4.159732721745967865e-03
-1.150000393390655518e-01 -1.133627071976661682e-01
-1.561377942562103271e-01 1.888608187437057495e-01
1.543362587690353394e-01 -5.944191664457321167e-02
-2.589557170867919922e-01 3.741860687732696533e-01
2.287469208240509033e-01 -2.475968562066555023e-02
-4.989928007125854492e-02 -2.429214864969253540e-01
9.607250243425369263e-02 -1.990883946418762207e-01
8.613598346710205078e-02 -9.767188876867294312e-02
6.906714290380477905e-02 -1.360745131969451904e-01
7.293719798326492310e-02 -1.741866581141948700e-02
-1.834792494773864746e-01 2.028135061264038086e-01
-1.614391990005970001e-02 -4.514282196760177612e-02
2.026386111974716187e-01 -1.103942841291427612e-01
-1.267355233430862427e-01 4.599883034825325012e-02
-2.361086755990982056e-01 1.371774822473526001e-01
-2.969750389456748962e-02 1.343638747930526733e-01
2.840139567852020264e-01 -2.849885029718279839e-03
5.772865843027830124e-03 -1.392046958208084106e-01
-3.819983601570129395e-01 2.286089062690734863e-01
2.469350248575210571e-01 -3.546833992004394531e-01
-8.486312627792358398e-02 2.550485432147979736e-01
9.812650270760059357e-03 -3.680183738470077515e-02
3.137839138507843018e-01 -2.207547277212142944e-01
-3.291004896163940430e-02 -1.007105857133865356e-01
2.374255359172821045e-01 -2.375229001045227051e-01
7.031001895666122437e-02 -1.595361679792404175e-01
-2.593837976455688477e-01 2.581215202808380127e-01
5.077623762190341949e-03 -8.984183520078659058e-02
-1.114946678280830383e-01 -5.671346932649612427e-02
1.103558614850044250e-01 3.091914113610982895e-03
-1.281710267066955566e-01 3.145776987075805664e-01
-2.607804536819458008e-01 9.757662564516067505e-02
2.357139289379119873e-01 -2.424760460853576660e-01
-1.870680749416351318e-01 1.610913425683975220e-01
-4.586094990372657776e-02 8.103542774915695190e-02
-2.217930927872657776e-02 6.902448087930679321e-02
-5.224479362368583679e-02 4.497741907835006714e-02
1.084669306874275208e-01 -2.735523581504821777e-01
9.513937681913375854e-02 4.553844034671783447e-02
-5.042710155248641968e-02 -3.621004521846771240e-02
1.170102413743734360e-02 -4.956463351845741272e-02
-9.805063717067241669e-03 6.100356578826904297e-02
1.341388970613479614e-01 -1.891504526138305664e-01
1.586304418742656708e-02 -1.024665534496307373e-01
-5.138390511274337769e-02 -8.062814176082611084e-02
-9.003701061010360718e-02 1.685624718666076660e-01
1.043403595685958862e-01 -5.936092510819435120e-02
-1.481523644179105759e-02 -7.053773105144500732e-02
-2.168453186750411987e-01 1.043115854263305664e-01
-1.577618271112442017e-01 9.337149560451507568e-02
-7.178090978413820267e-03 -4.063894227147102356e-02
1.447112411260604858e-01 -2.344592213630676270e-01
-4.189354926347732544e-02 7.964971661567687988e-02
1.054196879267692566e-01 6.291634403169155121e-03
1.302245557308197021e-01 8.175930380821228027e-02
-1.142403762787580490e-02 2.505807578563690186e-01
1.846414618194103241e-02 -1.687596887350082397e-01
1.565183699131011963e-01 -6.796700507402420044e-02
6.406947970390319824e-03 -2.380454391241073608e-01
1.445235162973403931e-01 -6.449680775403976440e-02
-2.647294700145721436e-01 1.380252372473478317e-02
-8.130809292197227478e-04 2.292582690715789795e-01
4.925676435232162476e-02 1.851032078266143799e-01
1.599044799804687500e-01 -5.776470527052879333e-02
3.100236319005489349e-02 -8.340531587600708008e-02
-4.363102093338966370e-02 -5.795879289507865906e-03
7.134857028722763062e-02 -1.541253030300140381e-01
-2.508904635906219482e-01 4.425771161913871765e-02
9.271631389856338501e-02 -5.297854542732238770e-03
1.042563021183013916e-01 -8.267048746347427368e-02
1.489305645227432251e-01 4.149442911148071289e-02
-2.033487111330032349e-01 -2.567343600094318390e-02
-3.517484664916992188e-02 -1.989042460918426514e-01
-6.264545768499374390e-02 8.916451036930084229e-02
-1.678158529102802277e-02 9.855605661869049072e-02
-1.431488338857889175e-02 -3.423672914505004883e-02
-1.677987724542617798e-02 -1.032658889889717102e-01
9.434584528207778931e-02 -5.671293288469314575e-02
-2.849005460739135742e-01 1.753831505775451660e-01
-4.805726464837789536e-03 -7.220377027988433838e-02
4.235587641596794128e-02 -2.177518457174301147e-01
-4.888729657977819443e-03 -1.591570079326629639e-01
-1.411023139953613281e-01 5.553882569074630737e-02
-3.235609456896781921e-02 -3.634673729538917542e-02
-1.196222193539142609e-02 -1.653659194707870483e-01
-2.384873777627944946e-01 -8.199571818113327026e-02
2.199128866195678711e-01 -2.161393931601196527e-04
1.100630611181259155e-01 -6.808216124773025513e-02
3.043301403522491455e-01 -2.240009307861328125e-01
9.138327836990356445e-02 -1.048136129975318909e-01
3.334714472293853760e-02 -1.613893173635005951e-02
