-5.534739419817924500e-02 1.302236467599868774e-01
-5.668472498655319214e-02 2.176791578531265259e-01
-1.432297378778457642e-01 2.660742402076721191e-02
1.649995148181915283e-01 -9.470099955797195435e-02
8.550191670656204224e-02 5.204108729958534241e-02
1.144481301307678223e-01 -4.059306904673576355e-02
-2.530478127300739288e-02 -1.124278083443641663e-01
1.514202207326889038e-01 -4.038860648870468140e-02
3.084168024361133575e-02 -9.126468002796173096e-02
8.834898471832275391e-02 -1.449769735336303711e-01
-1.154439076781272888e-01 5.508003756403923035e-02
-1.094987019896507263e-01 1.255350112915039062e-01
-1.174085140228271484e-01 -1.126884743571281433e-01
-1.075992509722709656e-01 5.382289737462997437e-02
1.685694046318531036e-02 6.481010466814041138e-02
4.032896086573600769e-02 4.417805001139640808e-02
-4.077235609292984009e-02 -2.075901068747043610e-02
1.588847860693931580e-02 1.204339861869812012e-01
4.782032966613769531e-02 2.455366402864456177e-02
7.140208035707473755e-04 7.698778808116912842e-02
7.913067936897277832e-02 -9.299816936254501343e-02
-8.532778918743133545e-02 1.451413631439208984e-01
1.624870747327804565e-01 -1.298599541187286377e-01
-8.380241692066192627e-02 -1.101929098367691040e-01
2.131082862615585327e-01 -1.651492565870285034e-01
2.487135529518127441e-01 -9.860905259847640991e-02
1.316988766193389893e-01 -1.017350032925605774e-01
-2.635006979107856750e-02 8.957671525422483683e-05
2.909400872886180878e-02 3.338582441210746765e-02
-2.443419694900512695e-01 7.142004370689392090e-02
1.301949378103017807e-02 -4.422607272863388062e-02
9.141761064529418945e-02 -9.375672042369842529e-02
-1.039916202425956726e-01 -4.383420944213867188e-02
1.839307397603988647e-01 -1.202586758881807327e-02
5.847803130745887756e-02 3.332099691033363342e-02
2.332086488604545593e-02 1.047336459159851074e-01
7.391503453254699707e-02 6.441823393106460571e-02
-9.477787464857101440e-02 -1.968155615031719208e-03
6.306255608797073364e-02 -1.042810920625925064e-02
-9.785125404596328735e-02 -6.763593107461929321e-02
-7.101729512214660645e-03 3.355474770069122314e-02
3.798549249768257141e-02 9.808731079101562500e-02
3.454547375440597534e-02 1.167433187365531921e-01
6.545541435480117798e-02 6.958094239234924316e-02
1.755570620298385620e-02 -3.443222865462303162e-02
-1.033629775047302246e-01 7.838330417871475220e-02
-1.440699398517608643e-01 1.685609966516494751e-01
-4.032094962894916534e-03 -1.032899767160415649e-01
-1.519637554883956909e-01 -1.876286603510379791e-02
-2.622121945023536682e-02 -8.773069083690643311e-02
8.462393283843994141e-02 3.813365474343299866e-02
-1.499554216861724854e-01 3.316479548811912537e-02
-3.468242660164833069e-02 1.381563395261764526e-01
5.221464857459068298e-02 5.784180387854576111e-02
6.505434215068817139e-02 5.455858260393142700e-02
-8.569986373186111450e-02 1.743869781494140625e-01
-8.289265632629394531e-02 2.239949852228164673e-01
6.062601879239082336e-02 1.025400906801223755e-01
1.057862341403961182e-01 -9.691513329744338989e-02
6.941549945622682571e-03 9.294871240854263306e-03
2.019996289163827896e-03 -1.024739444255828857e-01
3.196975588798522949e-02 -6.402513384819030762e-02
-1.228916794061660767e-01 2.647294895723462105e-03
-5.395101755857467651e-02 -9.125021100044250488e-02
1.977499015629291534e-02 -9.003746509552001953e-02
-4.044831544160842896e-02 -6.949701160192489624e-02
2.499808557331562042e-02 -5.098433792591094971e-02
1.615406125783920288e-01 -1.180242747068405151e-01
1.604560390114784241e-02 4.151372984051704407e-02
6.649290770292282104e-02 -1.099720299243927002e-01
7.474239170551300049e-02 6.211324036121368408e-02
-1.181046888232231140e-01 -2.336352877318859100e-02
-6.506370753049850464e-02 -4.535670205950737000e-02
1.171689331531524658e-01 -7.432698458433151245e-02
7.922621816396713257e-02 2.395966090261936188e-02
-1.506899893283843994e-01 -1.803783774375915527e-01
2.293492257595062256e-01 -1.315921694040298462e-01
-3.723637014627456665e-02 8.806303143501281738e-03
-4.646611958742141724e-02 6.537498533725738525e-02
7.472151517868041992e-02 2.473387680947780609e-02
-3.298658877611160278e-02 1.442871689796447754e-01
-1.759835891425609589e-02 4.474921151995658875e-02
-6.077789142727851868e-02 1.790409684181213379e-01
-1.709946990013122559e-02 1.287171840667724609e-01
1.052444428205490112e-01 -1.231040954589843750e-01
-8.539026975631713867e-02 6.928372383117675781e-02
-7.715148478746414185e-02 -1.395233422517776489e-01
1.123644188046455383e-01 -7.918693870306015015e-02
1.413182616233825684e-01 3.291615098714828491e-02
-1.415935009717941284e-01 -1.027227565646171570e-01
-1.514317933470010757e-02 1.470938674174249172e-03
2.549812495708465576e-01 5.490850284695625305e-02
1.579881459474563599e-01 -1.503522694110870361e-01
-6.082106754183769226e-02 6.887413561344146729e-02
-2.719420194625854492e-02 5.502655729651451111e-02
-3.475252166390419006e-02 -7.501398772001266479e-02
-1.832140833139419556e-01 1.834746748208999634e-01
1.535656750202178955e-01 2.680461667478084564e-02
-1.297656446695327759e-02 4.200953617691993713e-02
2.982935607433319092e-01 -6.784250587224960327e-02
-2.432685904204845428e-02 5.393456667661666870e-02
-1.109842956066131592e-02 8.238471299409866333e-02
-1.008677035570144653e-01 7.131352275609970093e-02
-4.391143471002578735e-02 2.676708251237869263e-02
-5.373807251453399658e-02 1.782381534576416016e-01
-4.270891100168228149e-02 4.485370218753814697e-02
-1.197768747806549072e-01 8.796012401580810547e-02
-1.681932955980300903e-01 -5.279970541596412659e-02
1.138864010572433472e-01 3.845683857798576355e-02
-5.815710872411727905e-02 1.163381710648536682e-02
1.547688096761703491e-01 5.425434187054634094e-02
-1.139091551303863525e-01 2.177670039236545563e-02
-8.246929198503494263e-02 -1.141991019248962402e-01
1.096256449818611145e-01 -3.887904342263936996e-03
-8.434145152568817139e-02 -1.385360062122344971e-01
-8.678987622261047363e-02 9.996309876441955566e-03
1.793622970581054688e-01 2.132202312350273132e-02
2.531102113425731659e-02 -5.039700865745544434e-02
-1.725495606660842896e-01 4.415162280201911926e-02
2.176813334226608276e-01 8.457610011100769043e-02
-1.531388014554977417e-01 5.763464048504829407e-02
-1.582693606615066528e-01 8.746132999658584595e-02
-1.425133794546127319e-01 1.348802298307418823e-01
1.244804486632347107e-01 4.333830904215574265e-03
1.042036935687065125e-01 -4.069425165653228760e-02
5.740819033235311508e-03 -5.580220744013786316e-02
-8.575528115034103394e-02 8.222902566194534302e-02
1.638721376657485962e-01 2.655306272208690643e-02
1.307925432920455933e-01 -4.893726110458374023e-02
-3.714274615049362183e-02 -1.722993850708007812e-01
5.779445916414260864e-02 6.832984089851379395e-02
-1.298903524875640869e-01 1.285831257700920105e-02
-4.532509297132492065e-02 -4.265992343425750732e-02
-1.133780479431152344e-01 1.954710781574249268e-01
8.542526513338088989e-02 -3.567339107394218445e-02
1.037658005952835083e-01 1.882671564817428589e-01
3.264252468943595886e-02 1.172763854265213013e-01
-3.836356801912188530e-03 1.339224427938461304e-01
-6.745025515556335449e-02 -1.439033891074359417e-03
2.489452436566352844e-02 -8.775383979082107544e-02
-5.896109156310558319e-03 -1.282806694507598877e-01
-1.335434168577194214e-01 -2.942672185599803925e-02
-1.629956662654876709e-01 1.150053516030311584e-01
-4.181134514510631561e-03 1.988151818513870239e-01
7.739831507205963135e-02 -2.152336947619915009e-02
-1.156749669462442398e-02 -1.856963522732257843e-02
-1.705357432365417480e-01 3.892374411225318909e-02
-1.046995520591735840e-01 1.277911663055419922e-01
-1.885427981615066528e-01 -1.884276792407035828e-02
-2.609647214412689209e-01 1.267184168100357056e-01
-1.209235861897468567e-01 1.023610904812812805e-01
-5.364722013473510742e-02 -4.116984456777572632e-02
3.135768324136734009e-02 -6.705831736326217651e-02
2.083572000265121460e-01 -1.277118474245071411e-01
-6.785423308610916138e-02 1.331398338079452515e-01
-1.218279376626014709e-01 2.001047432422637939e-01
2.309508621692657471e-01 1.414329372346401215e-02
1.318334192037582397e-01 -9.146101027727127075e-02
-1.137167438864707947e-01 -1.192471608519554138e-01
-4.239955917000770569e-02 -2.503440901637077332e-02
-9.682545810937881470e-02 -4.142639413475990295e-02
1.335146725177764893e-01 -3.936998918652534485e-02
-2.806130237877368927e-02 6.527031958103179932e-02
2.090867459774017334e-01 3.180416673421859741e-02
5.703792721033096313e-02 4.064313694834709167e-02
-1.452911347150802612e-01 -1.273581683635711670e-01
-2.605545148253440857e-02 4.617588222026824951e-02
-2.671398594975471497e-02 8.717183023691177368e-02
-3.673232719302177429e-02 7.801689207553863525e-02
-3.644752874970436096e-02 4.743181541562080383e-02
1.009054929018020630e-01 -8.437311649322509766e-02
-8.271650224924087524e-02 -1.000330969691276550e-01
-3.851497173309326172e-02 2.162434309720993042e-01
-1.146825030446052551e-01 -6.822030991315841675e-02
7.446400821208953857e-02 -1.332534104585647583e-01
-2.012670934200286865e-01 -1.000567451119422913e-01
3.674203529953956604e-02 -3.559294715523719788e-02
-1.246261820197105408e-01 -6.785872578620910645e-02
-2.553581297397613525e-01 1.464093178510665894e-01
1.588629484176635742e-01 -2.361056208610534668e-01
1.301900744438171387e-01 -4.675604403018951416e-02
2.181135490536689758e-02 -7.150366157293319702e-02
6.941462308168411255e-02 5.665780231356620789e-02
-3.436287865042686462e-02 -4.971376154571771622e-03
-3.853348782286047935e-03 1.276272088289260864e-01
2.726859785616397858e-02 2.772673731669783592e-03
5.310050398111343384e-02 -1.047102510929107666e-01
8.709129691123962402e-02 2.884217724204063416e-02
2.105175405740737915e-01 -1.148548796772956848e-01
7.129210978746414185e-02 -1.131286025047302246e-01
-3.491570428013801575e-02 -1.620475649833679199e-01
1.373208016157150269e-01 -2.827411703765392303e-02
-4.960498213768005371e-02 6.227488070726394653e-02
1.081629842519760132e-01 4.503877833485603333e-03
8.904063701629638672e-02 -4.604914691299200058e-03
-1.791462302207946777e-01 9.778133034706115723e-02
5.505891889333724976e-02 -1.228926554322242737e-01
-1.744321882724761963e-01 4.645844176411628723e-02
6.975225359201431274e-02 -1.580525636672973633e-01
7.499665021896362305e-02 5.705117806792259216e-02
-1.028744503855705261e-01 -8.667422086000442505e-02
-3.298997133970260620e-02 4.249427467584609985e-02
-1.276032440364360809e-02 3.225817531347274780e-02
-6.539572030305862427e-02 -6.960202008485794067e-02
8.933893404901027679e-03 -1.771253198385238647e-01
2.511564455926418304e-02 -6.645565479993820190e-02
1.229127421975135803e-01 -1.657598018646240234e-01
8.182104676961898804e-03 -1.641473323106765747e-01
-5.877661705017089844e-02 1.636356860399246216e-02
-8.985617011785507202e-02 -2.306976914405822754e-02
-4.193102568387985229e-02 1.792797595262527466e-01
-5.110785365104675293e-02 -1.301112622022628784e-01
-1.014028340578079224e-01 6.618437170982360840e-02
-1.405142396688461304e-01 -6.765560805797576904e-02
-9.199920296669006348e-02 -1.835522940382361412e-03
3.028484433889389038e-02 -4.825280979275703430e-02
-5.275961756706237793e-02 -4.571359604597091675e-02
7.164279371500015259e-02 -1.089096814393997192e-01
-1.108204275369644165e-01 2.363154888153076172e-01
-4.959927126765251160e-02 6.189598515629768372e-02
3.551017120480537415e-02 9.228803217411041260e-02
4.149862751364707947e-02 7.178726792335510254e-02
-4.422501474618911743e-02 6.922335177659988403e-02
1.511080861091613770e-01 -5.919681489467620850e-02
-1.977075934410095215e-01 7.255130261182785034e-02
1.760046929121017456e-01 -9.697967767715454102e-02
2.354989014565944672e-02 -1.467502713203430176e-01
-4.956444725394248962e-02 -2.399940229952335358e-02
8.557635545730590820e-02 -2.904954552650451660e-02
3.898551687598228455e-02 6.589974462985992432e-02
-6.803093105554580688e-02 -2.847514115273952484e-02
-1.281934231519699097e-01 1.446771714836359024e-02
1.069469302892684937e-01 1.278355866670608521e-01
8.090794831514358521e-02 -2.002039849758148193e-01
1.431422531604766846e-01 -2.096449285745620728e-01
1.072310134768486023e-01 -9.236869961023330688e-02
5.927390884608030319e-03 1.253756731748580933e-01
1.857688874006271362e-01 -9.845850989222526550e-03
5.180459842085838318e-02 -6.262965500354766846e-02
-2.211804874241352081e-02 1.822892576456069946e-01
-8.980658021755516529e-04 5.617450457066297531e-03
-3.431680798530578613e-02 1.363694784231483936e-03
-5.768948420882225037e-02 -3.347013145685195923e-02
6.095970794558525085e-02 3.447363153100013733e-02
3.975753858685493469e-02 -6.803096085786819458e-02
-8.965756744146347046e-02 9.811357408761978149e-02
1.272099167108535767e-01 -6.213147565722465515e-02
-2.471823096275329590e-01 1.344677805900573730e-01
-1.068708226084709167e-01 1.967824101448059082e-01
7.524839043617248535e-02 1.384613811969757080e-01
-1.361124068498611450e-01 1.143291071057319641e-01
1.103489473462104797e-01 -1.677602231502532959e-01
-1.507989913225173950e-01 1.091247648000717163e-01
1.658204793930053711e-01 -1.389568950980901718e-02
1.888889074325561523e-02 -6.988613307476043701e-02
2.216230332851409912e-02 6.374556571245193481e-02
