1.869522780179977417e-02 2.857841737568378448e-02
2.489458322525024414e-01 -2.382728271186351776e-02
-4.395899549126625061e-02 3.040300495922565460e-02
-9.758757799863815308e-02 9.819573909044265747e-02
-6.074415892362594604e-02 2.286586910486221313e-01
2.832292765378952026e-02 -5.737729370594024658e-02
1.627171784639358521e-01 6.740095466375350952e-02
-3.252837955951690674e-01 2.028283327817916870e-01
1.468806117773056030e-01 -2.330337315797805786e-01
-6.634154319763183594e-01 5.157531499862670898e-01
-2.459590733051300049e-01 2.557210922241210938e-01
-2.726522646844387054e-02 1.073524877429008484e-01
5.982748232781887054e-03 -5.901750177145004272e-02
-1.807024702429771423e-02 4.979565367102622986e-02
5.237061902880668640e-02 -6.170926615595817566e-03
-3.451535478234291077e-02 3.810350596904754639e-02
3.524258136749267578e-01 -2.732226252555847168e-01
3.709442913532257080e-02 1.318412572145462036e-01
2.536370158195495605e-01 -4.202685952186584473e-01
2.071558833122253418e-01 -9.415575861930847168e-02
-1.677835583686828613e-01 2.969789505004882812e-01
2.981061488389968872e-02 -5.859065428376197815e-02
-6.181051954627037048e-02 -7.423958927392959595e-02
1.775464713573455811e-01 -2.129591852426528931e-01
-5.397171974182128906e-01 4.047822654247283936e-01
7.335279136896133423e-02 -2.439649030566215515e-02
2.756952345371246338e-01 -8.171814680099487305e-02
4.879188239574432373e-01 -3.894138336181640625e-01
-5.064135789871215820e-01 5.450529456138610840e-01
1.344215571880340576e-01 -2.204811722040176392e-01
3.651485443115234375e-01 -1.640022546052932739e-01
1.391223967075347900e-01 4.139162972569465637e-02
3.195643723011016846e-01 -1.750303506851196289e-01
-2.874144017696380615e-01 2.898669242858886719e-01
1.482098549604415894e-01 5.464281141757965088e-02
4.867863357067108154e-01 -4.996671974658966064e-01
-3.128851056098937988e-01 4.478519856929779053e-01
2.246873229742050171e-01 -2.886316478252410889e-01
2.199636101722717285e-01 -7.978828251361846924e-02
-1.549839824438095093e-01 9.954030811786651611e-02
4.224621057510375977e-01 -4.253697097301483154e-01
-7.333251833915710449e-02 3.305023908615112305e-01
1.993031948804855347e-01 -3.934038579463958740e-01
-6.708538532257080078e-02 -9.286995977163314819e-02
-3.516271412372589111e-01 1.530616730451583862e-01
8.257824927568435669e-02 -9.867395460605621338e-02
2.185475453734397888e-02 -8.945383876562118530e-02
-2.451680600643157959e-01 1.065481901168823242e-01
-2.042154520750045776e-01 2.019883394241333008e-01
-1.338468044996261597e-01 2.443292438983917236e-01
-1.522183567285537720e-01 1.940628290176391602e-01
5.766465067863464355e-01 -4.897997975349426270e-01
1.485129296779632568e-01 -2.465170919895172119e-01
4.690121114253997803e-01 -4.150904417037963867e-01
2.162811011075973511e-01 -4.269365668296813965e-01
3.808885440230369568e-02 -1.318236440420150757e-01
-2.092705965042114258e-01 3.683302104473114014e-01
2.864474430680274963e-02 -4.386016353964805603e-02
3.857551813125610352e-01 -2.738506495952606201e-01
-2.430239319801330566e-01 3.090084344148635864e-02
1.886080764234066010e-02 1.635655313730239868e-01
2.509212195873260498e-01 -3.527905642986297607e-01
-1.583506464958190918e-01 2.310177534818649292e-01
-5.322915911674499512e-01 5.139212608337402344e-01
-1.985306739807128906e-01 3.431176841259002686e-01
-6.733614951372146606e-02 2.076744884252548218e-01
-5.040318146347999573e-02 1.386856585741043091e-01
-1.154165714979171753e-01 2.338185608386993408e-01
3.918897509574890137e-01 -4.719580411911010742e-01
3.296406194567680359e-02 9.969566762447357178e-02
-2.077622413635253906e-01 2.977645099163055420e-01
1.082751527428627014e-02 -7.358297705650329590e-02
-2.362347990274429321e-01 3.853713274002075195e-01
2.647552788257598877e-01 -2.097067981958389282e-01
-5.649071931838989258e-01 4.945472180843353271e-01
-1.396338462829589844e+00 1.191723585128784180e+00
4.916380047798156738e-01 -4.386860430240631104e-01
8.238310366868972778e-02 -5.301954597234725952e-02
-5.527088046073913574e-01 6.553832888603210449e-01
-7.412636280059814453e-01 8.010069131851196289e-01
2.827980518341064453e-01 -3.791604340076446533e-01
-9.635112285614013672e-01 9.129692912101745605e-01
1.205750182271003723e-01 -2.057285457849502563e-01
4.333505630493164062e-01 -5.378929376602172852e-01
-2.289036661386489868e-02 1.144352927803993225e-01
2.250020354986190796e-01 -1.124087199568748474e-01
1.669311523437500000e-01 -8.015777170658111572e-02
1.042254418134689331e-01 -3.502402603626251221e-01
-9.605014324188232422e-01 7.685869932174682617e-01
3.830286860466003418e-01 -5.864787101745605469e-01
3.521640598773956299e-01 -3.757827877998352051e-01
6.805883049964904785e-01 -7.048105597496032715e-01
-2.655424475669860840e-01 2.048065513372421265e-01
2.752658724784851074e-01 -2.117067724466323853e-01
6.226506829261779785e-01 -6.484643220901489258e-01
1.117872446775436401e-01 -3.171681761741638184e-01
-4.166500270366668701e-01 6.245581507682800293e-01
3.409491777420043945e-01 -7.546798884868621826e-02
-4.132727980613708496e-01 4.431854784488677979e-01
1.001750469207763672e+00 -9.288687109947204590e-01
-8.405383229255676270e-01 8.163816332817077637e-01
3.855510354042053223e-01 -4.371398687362670898e-01
7.298837900161743164e-01 -5.694216489791870117e-01
-8.985973000526428223e-01 8.667477965354919434e-01
8.440533876419067383e-01 -9.916843771934509277e-01
2.619309425354003906e-01 -2.742383182048797607e-01
2.680464386940002441e-01 -1.887398511171340942e-01
2.682753503322601318e-01 -2.620463669300079346e-01
-8.088295459747314453e-01 6.813429594039916992e-01
-1.571998745203018188e-01 5.217362940311431885e-02
1.116402968764305115e-01 -5.884459707885980606e-03
-1.906843781471252441e-01 2.212458103895187378e-01
3.342761397361755371e-01 -5.509527921676635742e-01
-5.372211933135986328e-01 6.166225671768188477e-01
1.497597340494394302e-02 5.803349893540143967e-03
6.395847201347351074e-01 -5.725805163383483887e-01
4.354199171066284180e-01 -3.335626423358917236e-01
8.069462776184082031e-01 -5.440567731857299805e-01
9.752694517374038696e-02 -1.134502217173576355e-01
-2.975766658782958984e-01 2.066036313772201538e-01
6.257270276546478271e-02 -2.094936184585094452e-02
-1.257450103759765625e+00 1.297637701034545898e+00
-2.608305215835571289e-01 2.749015092849731445e-01
2.909842431545257568e-01 -3.315466344356536865e-01
-2.274892628192901611e-01 1.601761281490325928e-01
7.275956273078918457e-01 -6.931160092353820801e-01
-8.822430968284606934e-01 1.055845022201538086e+00
-2.284883335232734680e-02 -1.516538672149181366e-02
1.804771646857261658e-02 8.190293610095977783e-02
2.212227135896682739e-02 -4.865205287933349609e-02
5.434011220932006836e-01 -5.142741799354553223e-01
-3.319289982318878174e-01 2.986613214015960693e-01
3.333089053630828857e-01 -3.517088294029235840e-01
-7.814106941223144531e-01 6.760349869728088379e-01
-1.868446618318557739e-01 9.567205607891082764e-02
-2.145384103059768677e-01 2.565682530403137207e-01
8.814263939857482910e-01 -1.004798173904418945e+00
-1.094214059412479401e-02 7.222634553909301758e-02
-2.706381380558013916e-01 1.996959000825881958e-01
-2.788921594619750977e-01 3.773418366909027100e-01
-9.892399907112121582e-01 1.083135247230529785e+00
-3.172956705093383789e-01 2.710340619087219238e-01
-3.377062976360321045e-01 5.766680836677551270e-01
-2.696673870086669922e-01 6.717573851346969604e-02
-2.365183532238006592e-01 1.984844952821731567e-01
-3.242491483688354492e-01 2.966221570968627930e-01
-1.350909173488616943e-01 2.912682592868804932e-01
3.907145857810974121e-01 -4.727032780647277832e-01
7.261141389608383179e-02 -2.317920625209808350e-01
-3.891165256500244141e-01 4.499499499797821045e-01
-2.276025339961051941e-02 -6.978106498718261719e-02
3.473989963531494141e-01 -3.362068235874176025e-01
-2.543487250804901123e-01 5.331474915146827698e-02
-4.466734230518341064e-01 4.756820797920227051e-01
-4.415363669395446777e-01 3.685854077339172363e-01
-9.494085609912872314e-02 -9.609629958868026733e-02
2.117833048105239868e-01 -3.712362945079803467e-01
-3.154608607292175293e-01 5.262161493301391602e-01
-2.651220262050628662e-01 3.684605658054351807e-01
-1.209808364510536194e-01 1.183790117502212524e-01
1.301782131195068359e-01 -2.568719089031219482e-01
2.700594961643218994e-01 -2.631432116031646729e-01
6.389155387878417969e-01 -5.974023342132568359e-01
1.472983229905366898e-02 1.522825211286544800e-01
-4.438822865486145020e-01 4.814897179603576660e-01
-4.667088389396667480e-01 6.550933122634887695e-01
-3.672581911087036133e-01 2.647306323051452637e-01
-4.833648800849914551e-01 6.235476732254028320e-01
-4.156979322433471680e-01 3.239636123180389404e-01
4.519255459308624268e-02 -4.738283902406692505e-02
5.595730543136596680e-01 -4.280656576156616211e-01
4.745137989521026611e-01 -3.837893009185791016e-01
3.517917692661285400e-01 -4.424015581607818604e-01
-1.593129336833953857e-01 9.466085582971572876e-02
-1.473388075828552246e-01 2.478088736534118652e-01
-4.089814126491546631e-01 2.989466488361358643e-01
-2.883321419358253479e-02 -7.244836539030075073e-02
4.370952248573303223e-01 -5.256527066230773926e-01
-9.124575182795524597e-03 -6.445497740060091019e-03
8.669976145029067993e-02 -6.042252853512763977e-02
1.930704414844512939e-01 -2.933292388916015625e-01
-2.828287780284881592e-01 2.842235267162322998e-01
5.896271392703056335e-02 -1.603700071573257446e-01
-6.444007158279418945e-02 1.921937912702560425e-01
2.630921900272369385e-01 -6.130619719624519348e-02
-6.068423986434936523e-01 3.604824244976043701e-01
6.296911835670471191e-02 -6.329779326915740967e-02
-3.629110157489776611e-01 1.541959941387176514e-01
1.575287580490112305e-01 -6.103660911321640015e-02
-1.693833619356155396e-01 1.606819629669189453e-01
3.867337107658386230e-01 -3.949776291847229004e-01
4.068594276905059814e-01 -2.774673700332641602e-01
-1.846762299537658691e-01 2.034977823495864868e-01
1.486080735921859741e-01 -2.269989848136901855e-01
2.899290919303894043e-01 -2.581984400749206543e-01
5.016751214861869812e-02 -2.788733243942260742e-01
7.289621978998184204e-02 -1.522586792707443237e-01
-1.993757486343383789e-01 2.762701213359832764e-01
1.416449993848800659e-01 -9.362910874187946320e-03
-7.758952677249908447e-02 -1.591460080817341805e-03
5.037592723965644836e-02 -2.754453197121620178e-02
-4.733201563358306885e-01 5.620311498641967773e-01
-6.232688203454017639e-02 1.640458256006240845e-01
-3.221477866172790527e-01 3.562308549880981445e-01
-2.080406248569488525e-01 5.413338541984558105e-03
-3.523133397102355957e-01 2.296346276998519897e-01
-1.635344624519348145e-01 2.177046984434127808e-02
1.474559423513710499e-03 7.216776907444000244e-02
2.793941497802734375e-01 -1.272526681423187256e-01
-1.027102023363113403e-01 1.991059780120849609e-01
1.811866015195846558e-01 -1.591400206089019775e-01
3.140309154987335205e-01 -3.089774549007415771e-01
1.237228214740753174e-01 -2.305699586868286133e-01
-9.296260029077529907e-02 -1.134297698736190796e-01
7.523633837699890137e-01 -7.330086231231689453e-01
-1.764393039047718048e-02 -2.320830374956130981e-01
-3.887364268302917480e-02 7.663758844137191772e-02
-4.111962914466857910e-01 4.184598028659820557e-01
-8.642902225255966187e-02 1.002770736813545227e-01
-2.526901960372924805e-01 3.198418319225311279e-01
-1.854515075683593750e-01 5.167754366993904114e-02
3.161279112100601196e-02 -8.749033510684967041e-02
-1.080493479967117310e-01 -5.776607617735862732e-02
1.332313716411590576e-01 -1.923370510339736938e-01
-1.986721605062484741e-01 2.555284500122070312e-01
1.549503952264785767e-01 -2.566733360290527344e-01
2.347704172134399414e-01 -2.714499831199645996e-01
-3.577018529176712036e-02 2.886097431182861328e-01
-4.113529324531555176e-01 4.369607865810394287e-01
-2.418220788240432739e-01 6.556298583745956421e-02
1.082433015108108521e-01 -9.767070412635803223e-02
-2.444873303174972534e-01 1.518309563398361206e-01
-8.473361283540725708e-02 3.708584606647491455e-02
9.583188593387603760e-02 -3.385178148746490479e-01
-2.302120178937911987e-01 1.802978068590164185e-01
-1.492497324943542480e-02 -3.818252682685852051e-02
5.967144388705492020e-04 -6.522320210933685303e-02
1.349935680627822876e-01 -9.241680055856704712e-02
-1.435450911521911621e-01 1.427686512470245361e-01
1.806614249944686890e-01 -8.183401077985763550e-02
-3.651199936866760254e-01 4.820366203784942627e-01
-5.544998869299888611e-02 3.244296461343765259e-02
1.218990013003349304e-01 1.256328076124191284e-01
5.314729809761047363e-01 -2.288504987955093384e-01
-1.949909627437591553e-01 3.389914631843566895e-01
-4.056053608655929565e-02 1.536544226109981537e-02
9.171018004417419434e-02 -1.221186518669128418e-01
-1.056848838925361633e-02 2.491904050111770630e-02
1.146475374698638916e-01 -1.197919547557830811e-01
1.819983869791030884e-01 -1.935989111661911011e-01
-2.804139256477355957e-02 -1.162844449281692505e-01
2.436450421810150146e-01 -2.475328892469406128e-01
6.539896130561828613e-02 8.518586307764053345e-02
-4.947853684425354004e-01 4.287011623382568359e-01
1.342804869636893272e-03 9.210613369941711426e-02
6.990917026996612549e-03 1.264497190713882446e-01
