-8.076359331607818604e-02 2.237402051687240601e-01
-5.506833270192146301e-02 6.820901762694120407e-03
-3.809406235814094543e-02 6.644567102193832397e-02
-2.971976937260478735e-04 7.235589623451232910e-02
9.361511468887329102e-02 8.295205980539321899e-02
4.086538031697273254e-02 -1.575840823352336884e-02
5.185034126043319702e-02 -1.369722653180360794e-02
1.243502274155616760e-01 -2.034808397293090820e-01
7.879307866096496582e-02 -2.776279151439666748e-01
-3.639204502105712891e-01 3.142035603523254395e-01
1.128369122743606567e-01 -2.350949048995971680e-01
-6.878970563411712646e-02 2.352025061845779419e-01
3.342308104038238525e-01 -3.989956080913543701e-01
1.181811168789863586e-01 4.608529061079025269e-02
8.247948437929153442e-02 -1.165292933583259583e-01
-2.665992081165313721e-01 1.557583510875701904e-01
1.879898607730865479e-01 -5.932715535163879395e-02
1.507387608289718628e-01 -8.271226286888122559e-02
2.090184986591339111e-01 -1.673158109188079834e-01
3.426320850849151611e-01 -3.447339832782745361e-01
-3.786043226718902588e-01 2.309515178203582764e-01
-3.345576226711273193e-01 3.052606880664825439e-01
1.413278281688690186e-01 -1.840873360633850098e-01
-1.470955610275268555e-01 1.673293113708496094e-01
-3.905807435512542725e-01 5.275086760520935059e-01
4.243302941322326660e-01 -1.940464675426483154e-01
5.216038227081298828e-01 -4.725206196308135986e-01
-2.275775074958801270e-01 1.837256699800491333e-01
2.617876827716827393e-01 -4.586709439754486084e-01
1.220254898071289062e-01 -2.244804799556732178e-01
6.632323563098907471e-02 -2.380965054035186768e-01
1.353785991668701172e-01 -2.004875428974628448e-02
-1.546834707260131836e-01 1.608853787183761597e-01
2.608807384967803955e-02 7.568607479333877563e-02
3.018249571323394775e-01 -3.226528763771057129e-01
-2.009399235248565674e-01 1.558569967746734619e-01
9.938336908817291260e-02 -1.006952747702598572e-01
-4.553704261779785156e-01 5.981552004814147949e-01
-2.527062892913818359e-01 1.538856774568557739e-01
5.439311861991882324e-01 -5.321868658065795898e-01
-2.793083786964416504e-01 2.357525527477264404e-01
-7.434304803609848022e-02 8.160900324583053589e-02
-2.722826302051544189e-01 3.828540071845054626e-02
-2.564796060323715210e-02 4.591023921966552734e-02
-2.767086327075958252e-01 9.711377322673797607e-02
-3.356036543846130371e-01 3.066709637641906738e-01
-1.475966572761535645e-01 4.341639578342437744e-01
-1.270244829356670380e-02 -7.735964655876159668e-02
-3.029009699821472168e-01 3.472917079925537109e-01
-3.957061097025871277e-02 -2.535742819309234619e-01
-9.102580696344375610e-02 -2.304425835609436035e-01
-9.760195761919021606e-02 9.366032481193542480e-02
-4.618118703365325928e-02 4.172661900520324707e-02
-1.552914530038833618e-01 3.809974296018481255e-03
2.398542761802673340e-01 -7.305054366588592529e-02
5.135806277394294739e-02 -1.453613582998514175e-02
3.526119515299797058e-02 -1.171869710087776184e-01
1.257859319448471069e-01 -1.271575689315795898e-01
3.298414871096611023e-03 -6.049319729208946228e-02
4.590837284922599792e-02 -2.657480835914611816e-01
2.016505897045135498e-01 -2.860928177833557129e-01
-7.265282422304153442e-02 -5.185352265834808350e-02
-8.037814497947692871e-02 -1.521772518754005432e-02
-8.539126813411712646e-02 9.132449515163898468e-03
-6.557498127222061157e-03 7.564401626586914062e-02
-5.980727076530456543e-01 5.228602290153503418e-01
-6.656612753868103027e-01 4.492318630218505859e-01
-2.612917125225067139e-01 1.467497199773788452e-01
2.233231961727142334e-01 -2.211171835660934448e-01
6.055203080177307129e-01 -5.438588261604309082e-01
-5.028831362724304199e-01 3.887030780315399170e-01
-1.387102250009775162e-02 1.031389310956001282e-01
-4.575081542134284973e-02 1.104599460959434509e-01
-2.496648132801055908e-01 2.858970761299133301e-01
6.243917346000671387e-01 -6.697856187820434570e-01
-1.959968358278274536e-01 3.026466369628906250e-01
1.149771332740783691e+00 -1.195722341537475586e+00
-2.303958870470523834e-02 2.639858983457088470e-02
1.330760121345520020e+00 -1.226204395294189453e+00
-1.375120282173156738e-01 1.764591634273529053e-01
-1.001164913177490234e+00 9.640812873840332031e-01
5.052889138460159302e-02 -3.625987097620964050e-02
1.141420483589172363e+00 -1.160153865814208984e+00
1.304671466350555420e-01 3.436000645160675049e-02
-7.925204634666442871e-01 8.840441703796386719e-01
3.706847131252288818e-01 -3.153819739818572998e-01
-5.364855527877807617e-01 4.954309463500976562e-01
-1.290526986122131348e+00 1.256482481956481934e+00
-1.717292904853820801e+00 1.753198742866516113e+00
-6.113151311874389648e-01 8.557999730110168457e-01
1.073508739471435547e+00 -8.547127842903137207e-01
-4.127071499824523926e-01 4.975018799304962158e-01
1.315409541130065918e+00 -1.400395274162292480e+00
-2.067970782518386841e-01 -3.547336906194686890e-02
-6.691451072692871094e-01 5.637686848640441895e-01
9.744836688041687012e-01 -9.422786235809326172e-01
-7.533399760723114014e-02 -2.010551281273365021e-02
-7.823717594146728516e-01 6.417295932769775391e-01
5.688291788101196289e-01 -4.154140353202819824e-01
-7.767258286476135254e-01 6.751146912574768066e-01
-2.357528507709503174e-01 2.654007077217102051e-01
-1.770556867122650146e-01 6.848204135894775391e-02
3.123271167278289795e-01 -3.603009581565856934e-01
3.453797101974487305e-01 -1.073463931679725647e-01
-4.270930588245391846e-02 5.912258848547935486e-02
9.382590651512145996e-02 6.592027097940444946e-02
-2.356497347354888916e-01 1.892710328102111816e-01
-7.275600433349609375e-01 8.823023438453674316e-01
5.448471307754516602e-01 -5.060989856719970703e-01
4.889456331729888916e-01 -3.898684680461883545e-01
-9.117200374603271484e-01 8.273922204971313477e-01
5.726334452629089355e-01 -4.961612224578857422e-01
1.187485232949256897e-01 5.901810526847839355e-02
-2.224204242229461670e-01 3.145452439785003662e-01
3.068771958351135254e-01 -3.012440502643585205e-01
-9.079826474189758301e-01 9.530995488166809082e-01
-2.913292348384857178e-01 3.078169226646423340e-01
-2.223375439643859863e-01 4.048459529876708984e-01
9.215980023145675659e-02 -2.761966884136199951e-01
2.546134591102600098e-01 -2.877058386802673340e-01
2.023530244827270508e+00 -2.067353248596191406e+00
2.955652475357055664e-01 -3.922708034515380859e-01
-3.832228854298591614e-02 9.316574037075042725e-02
-7.368329763412475586e-01 6.874790191650390625e-01
6.973270177841186523e-01 -7.448531389236450195e-01
-3.337547779083251953e-01 3.853003680706024170e-01
1.222566589713096619e-01 -3.977501690387725830e-01
6.229739785194396973e-01 -4.543497860431671143e-01
-4.832922220230102539e-01 4.423496127128601074e-01
-6.977263092994689941e-02 1.637077182531356812e-01
1.691588759422302246e-02 -2.495881468057632446e-01
-7.966091483831405640e-02 -4.759538918733596802e-02
1.663103401660919189e-01 -1.321924477815628052e-01
-4.399243295192718506e-01 3.904939591884613037e-01
1.009071230888366699e+00 -8.793066740036010742e-01
-4.146926105022430420e-01 2.639019489288330078e-01
2.988043725490570068e-01 -4.436020255088806152e-01
-3.802714049816131592e-01 2.868735790252685547e-01
3.336845040321350098e-01 -1.217406019568443298e-01
-4.276835620403289795e-01 6.690368652343750000e-01
-4.078589081764221191e-01 4.074614346027374268e-01
3.229562640190124512e-01 -2.700378000736236572e-01
3.156793713569641113e-01 -2.727793753147125244e-01
1.116373986005783081e-01 -1.180001050233840942e-01
-3.936365246772766113e-01 3.338798880577087402e-01
-1.713089048862457275e-01 4.094164073467254639e-01
4.449744895100593567e-02 -7.347517460584640503e-02
2.840018868446350098e-01 -3.365987241268157959e-01
-1.449675858020782471e-01 1.181692555546760559e-01
-2.719974219799041748e-01 1.587589234113693237e-01
-2.913503944873809814e-01 7.897767424583435059e-02
3.764345943927764893e-01 -1.584733575582504272e-01
2.258946299552917480e-01 -2.778234779834747314e-01
-1.276898384094238281e-01 6.069686636328697205e-02
-1.473854631185531616e-01 1.288010478019714355e-01
5.409501027315855026e-03 -3.249811008572578430e-02
2.183945626020431519e-01 -1.559732854366302490e-01
1.058523133397102356e-01 4.680883139371871948e-04
5.757121369242668152e-03 -1.811139732599258423e-01
-4.051826298236846924e-01 5.611816048622131348e-01
1.480658948421478271e-01 -6.122251972556114197e-02
1.654453761875629425e-02 1.631338521838188171e-02
6.108477711677551270e-01 -6.101105809211730957e-01
8.662401139736175537e-02 -1.899448037147521973e-01
5.044293031096458435e-02 -1.881167106330394745e-02
7.847054302692413330e-02 2.156584858894348145e-01
-4.808707833290100098e-01 4.514212608337402344e-01
-4.128770530223846436e-01 5.435569286346435547e-01
3.452882468700408936e-01 -4.006965160369873047e-01
-1.676012426614761353e-01 -2.515783160924911499e-02
1.997308433055877686e-01 -7.535360008478164673e-02
-4.266246259212493896e-01 3.702646493911743164e-01
-2.553438544273376465e-01 1.428775340318679810e-01
3.037095367908477783e-01 -1.992144435644149780e-01
-2.548071444034576416e-01 1.595153063535690308e-01
-3.473606705665588379e-02 -5.141765251755714417e-02
-1.624393016099929810e-01 3.335613310337066650e-01
8.887614607810974121e-01 -1.040268063545227051e+00
2.942412197589874268e-01 -3.439119756221771240e-01
-3.889043033123016357e-01 4.144637584686279297e-01
-1.806516349315643311e-01 1.407699882984161377e-01
-2.915751654654741287e-03 -1.330265849828720093e-01
5.358563363552093506e-02 -2.312706410884857178e-01
7.185082137584686279e-02 2.128435820341110229e-01
2.560211122035980225e-01 -4.283189475536346436e-01
-2.101113786920905113e-03 1.425582170486450195e-01
-3.316444531083106995e-02 5.355395004153251648e-02
-4.386313557624816895e-01 4.300615489482879639e-01
5.192056298255920410e-01 -4.505431652069091797e-01
-1.655760258436203003e-01 2.346456795930862427e-01
1.618840694427490234e-01 -1.459326148033142090e-01
3.268312662839889526e-02 -2.816897816956043243e-02
-3.729835525155067444e-02 2.099900692701339722e-01
1.431369036436080933e-01 -2.072510272264480591e-01
1.367194503545761108e-01 -2.102509588003158569e-01
9.385490417480468750e-02 -1.462951302528381348e-01
6.631501764059066772e-02 -2.675399184226989746e-01
-4.262470081448554993e-02 6.880967319011688232e-02
-1.681787818670272827e-01 1.778699308633804321e-01
-3.051197826862335205e-01 3.104695081710815430e-01
1.701117306947708130e-01 -4.574336856603622437e-02
-1.117685064673423767e-01 -1.656196638941764832e-02
-4.482672363519668579e-02 1.369121521711349487e-01
-8.076988905668258667e-02 1.747965365648269653e-01
-5.125964805483818054e-02 1.478606313467025757e-01
-2.448726072907447815e-02 -9.673286229372024536e-02
1.712425500154495239e-01 -1.641784757375717163e-01
-2.154321968555450439e-01 2.440470010042190552e-01
1.425088476389646530e-02 1.335414350032806396e-01
2.073026075959205627e-02 -8.795558661222457886e-02
-4.032080527395009995e-03 -7.664164900779724121e-02
-8.497027307748794556e-02 1.511713024228811264e-02
1.078230980783700943e-02 1.362016499042510986e-01
5.699774995446205139e-02 -1.919367164373397827e-02
1.288898009806871414e-02 5.022722482681274414e-02
-1.860588788986206055e-01 1.459583640098571777e-01
-6.704500317573547363e-02 1.408471018075942993e-01
-7.360018789768218994e-02 1.289083361625671387e-01
3.690024465322494507e-02 2.000184655189514160e-01
4.105912744998931885e-01 -1.497900485992431641e-01
9.939893335103988647e-02 -2.193535566329956055e-01
-3.355294764041900635e-01 4.729318618774414062e-01
-3.646404668688774109e-02 7.773962616920471191e-02
-4.922609031200408936e-01 2.125945389270782471e-01
-3.275994956493377686e-02 4.995197802782058716e-02
7.613547891378402710e-02 -1.722349971532821655e-02
1.798651069402694702e-01 -1.909623146057128906e-01
1.073343232274055481e-01 -3.151239827275276184e-02
-3.192963302135467529e-01 2.034384757280349731e-01
-9.593897499144077301e-03 5.230310931801795959e-02
6.859596818685531616e-02 5.097910016775131226e-02
-2.048562616109848022e-01 1.956752091646194458e-01
-1.265931278467178345e-01 1.252378970384597778e-01
-7.050278782844543457e-02 1.980556994676589966e-01
-1.586294174194335938e-02 -1.625635661184787750e-02
4.621369764208793640e-03 -1.119360923767089844e-01
-3.966493010520935059e-01 8.703202009201049805e-02
-1.752126365900039673e-01 6.961595267057418823e-02
5.867723748087882996e-02 -2.414083853363990784e-02
2.596723139286041260e-01 -4.210090339183807373e-01
-1.684646308422088623e-02 -4.063661396503448486e-02
5.197643116116523743e-02 -4.606808349490165710e-02
7.283520884811878204e-03 2.748565189540386200e-02
-1.876301132142543793e-02 2.335510998964309692e-01
9.667778015136718750e-02 2.093938551843166351e-02
2.257459238171577454e-02 -1.789961606264114380e-01
9.769801050424575806e-02 -4.056299850344657898e-02
1.949278563261032104e-01 -1.143816709518432617e-01
1.664182990789413452e-01 -1.074337363243103027e-01
2.920295596122741699e-01 -5.541069433093070984e-02
-6.519281864166259766e-02 2.342106960713863373e-02
1.442547142505645752e-02 9.600851684808731079e-02
2.198737561702728271e-01 -2.624765038490295410e-01
-2.844110690057277679e-02 1.403219811618328094e-02
-7.808005809783935547e-02 4.838956519961357117e-02
5.713355168700218201e-02 -4.808048531413078308e-02
