-9.934324771165847778e-03 -5.134170874953269958e-02
-4.018618166446685791e-02 9.509824216365814209e-02
2.746224701404571533e-01 -2.026654630899429321e-01
2.074271291494369507e-01 -1.464502513408660889e-01
-2.452603131532669067e-01 1.216205656528472900e-01
3.154131472110748291e-01 1.017887424677610397e-02
-4.068855941295623779e-02 1.274493485689163208e-01
-1.772671341896057129e-01 2.411706745624542236e-01
-6.096751987934112549e-02 -1.374485343694686890e-01
1.777233332395553589e-01 -5.089814960956573486e-02
-5.496388301253318787e-02 8.506339788436889648e-02
-2.046287953853607178e-01 9.682882577180862427e-02
5.052365362644195557e-03 5.110625550150871277e-02
4.083149600774049759e-03 -1.493312418460845947e-01
-3.574435040354728699e-02 3.038801066577434540e-02
-1.059021577239036560e-01 2.390002459287643433e-01
-1.062785163521766663e-01 1.553444191813468933e-02
-4.594391584396362305e-02 -7.500006258487701416e-02
7.953944057226181030e-02 -2.478636354207992554e-01
-1.735736876726150513e-01 2.035241723060607910e-01
1.817363202571868896e-01 -2.185256183147430420e-01
-1.796306222677230835e-01 2.132518142461776733e-01
2.879599630832672119e-01 -7.179062813520431519e-02
-2.740064561367034912e-01 1.885346472263336182e-01
-1.967082470655441284e-01 6.235773488879203796e-02
-9.055041521787643433e-02 8.149021118879318237e-02
2.401731610298156738e-01 -1.478053182363510132e-01
-1.376562863588333130e-01 4.937390610575675964e-02
1.143917888402938843e-01 -1.357421278953552246e-01
9.743936359882354736e-02 5.192222446203231812e-02
9.162905812263488770e-02 -4.060158878564834595e-02
-2.184609770774841309e-01 9.554040618240833282e-03
9.887993335723876953e-02 -7.924501597881317139e-02
1.824365556240081787e-01 -6.256621330976486206e-02
-1.548108160495758057e-01 2.751879692077636719e-01
6.381478905677795410e-02 1.887328573502600193e-03
1.566411554813385010e-01 -2.442719973623752594e-02
2.130037099123001099e-01 -1.887368410825729370e-01
5.894041806459426880e-02 1.562730371952056885e-01
-5.266426131129264832e-02 1.518437732011079788e-02
-1.574464291334152222e-01 4.435437172651290894e-02
5.586628615856170654e-02 -4.554054141044616699e-02
1.056562140583992004e-01 2.886015735566616058e-02
5.023939907550811768e-02 -1.504026502370834351e-01
1.990149021148681641e-01 2.243459783494472504e-02
1.049488410353660583e-01 -1.144677028059959412e-01
-1.146390512585639954e-01 -7.587231695652008057e-02
-6.816486362367868423e-03 -3.794726449996232986e-03
6.217279657721519470e-02 1.061932370066642761e-01
-1.063257828354835510e-01 -6.376592814922332764e-02
2.691574692726135254e-01 -1.283022314310073853e-01
-2.448031492531299591e-02 -7.459232956171035767e-02
-1.983497291803359985e-01 2.326817438006401062e-02
-7.959949970245361328e-02 3.304372131824493408e-01
-7.731660455465316772e-02 4.263565316796302795e-02
-1.015207394957542419e-01 6.341652572154998779e-02
-4.103523492813110352e-02 1.233572736382484436e-01
2.035370469093322754e-01 -6.006098166108131409e-02
1.670988276600837708e-02 -1.229413598775863647e-01
-4.056885465979576111e-02 1.852671429514884949e-02
8.185784518718719482e-02 -1.596618890762329102e-01
-5.125756189227104187e-02 -3.551927581429481506e-02
-1.081505194306373596e-01 2.574118077754974365e-01
-3.233139216899871826e-02 2.060036361217498779e-01
-1.354732066392898560e-01 1.674771010875701904e-01
-9.959002584218978882e-02 2.333833873271942139e-01
8.170654624700546265e-02 -1.680771112442016602e-01
-4.054550454020500183e-02 5.682229250669479370e-02
-1.569253057241439819e-01 5.651532486081123352e-02
1.143403947353363037e-01 -2.320584356784820557e-01
5.750172585248947144e-02 -1.338024586439132690e-01
-1.347868889570236206e-01 1.616501361131668091e-01
-1.323433406651020050e-02 -1.578072435222566128e-03
-4.703822731971740723e-02 -5.495323985815048218e-02
2.532203197479248047e-01 3.697493299841880798e-02
-5.376433581113815308e-02 2.196514904499053955e-01
-2.096413969993591309e-01 9.463856369256973267e-02
1.578898578882217407e-01 -1.941827088594436646e-01
2.887116931378841400e-02 -8.507534512318670750e-04
9.715300798416137695e-02 -2.931388467550277710e-02
-3.191396296024322510e-01 2.353139072656631470e-01
9.311643429100513458e-03 -1.173016726970672607e-01
3.752335160970687866e-02 -1.371072232723236084e-01
-3.723645210266113281e-01 2.177075445652008057e-01
3.532601594924926758e-01 -2.159350812435150146e-01
1.644061505794525146e-01 -2.975793480873107910e-01
-3.934190422296524048e-02 -3.058552742004394531e-01
-6.181965023279190063e-02 1.038869842886924744e-01
-1.226452812552452087e-01 1.440875828266143799e-01
-2.484890222549438477e-01 1.490749120712280273e-01
-8.826167322695255280e-03 3.112986311316490173e-02
-1.114545091986656189e-01 1.073401197791099548e-01
1.196953747421503067e-02 -8.375891298055648804e-02
6.417462229728698730e-02 -1.045959517359733582e-01
6.184617802500724792e-02 -2.084672898054122925e-01
1.832911521196365356e-01 -5.143434926867485046e-02
9.845252335071563721e-02 -1.255721151828765869e-01
2.655908167362213135e-01 -1.292085647583007812e-01
-1.073632016777992249e-01 1.517299115657806396e-01
1.580147892236709595e-01 -3.816285431385040283e-01
-1.150044053792953491e-01 1.154275313019752502e-01
1.038233488798141479e-01 -1.412177532911300659e-01
-2.108478099107742310e-01 1.286317706108093262e-01
6.706821173429489136e-02 6.965961772948503494e-03
-2.508585155010223389e-01 2.707711458206176758e-01
3.809479624032974243e-02 2.637314796447753906e-01
2.732601463794708252e-01 -2.911989688873291016e-01
1.038129031658172607e-01 -2.223584502935409546e-01
1.376883685588836670e-01 -1.041025817394256592e-01
2.375173754990100861e-02 1.263057440519332886e-01
1.009191200137138367e-01 -1.772260963916778564e-01
1.128090918064117432e-01 -1.123772189021110535e-02
-5.070745572447776794e-02 -1.274286583065986633e-02
-2.845645248889923096e-01 1.246170401573181152e-01
7.401426136493682861e-02 -1.845980435609817505e-01
-6.727449595928192139e-02 -4.095968976616859436e-02
-1.952511221170425415e-01 4.547633975744247437e-02
3.186897840350866318e-03 8.192173391580581665e-02
3.316601738333702087e-02 3.505401685833930969e-02
2.031780183315277100e-01 -2.674261331558227539e-01
-2.117765694856643677e-01 -2.000973559916019440e-02
8.425704389810562134e-02 -3.925775364041328430e-02
-1.667967438697814941e-01 -2.808576636016368866e-02
-1.118464171886444092e-01 1.000140234827995300e-01
2.876556850969791412e-02 -1.211106702685356140e-01
-1.503548026084899902e-01 1.620695739984512329e-01
2.358078025281429291e-02 9.708280675113201141e-03
3.296637907624244690e-02 1.974539607763290405e-01
-5.283576250076293945e-02 1.354239881038665771e-01
-2.307249307632446289e-01 1.876536458730697632e-01
-1.231827139854431152e-01 3.175247833132743835e-02
2.399224415421485901e-02 9.171447902917861938e-02
-1.436444073915481567e-01 5.962895601987838745e-02
-4.622612893581390381e-02 5.198402330279350281e-02
9.256372600793838501e-02 -1.431764364242553711e-01
-6.384342908859252930e-02 1.057616099715232849e-01
2.522045671939849854e-01 -2.571700811386108398e-01
3.931248188018798828e-02 2.209784388542175293e-01
-5.129601433873176575e-02 8.791176974773406982e-02
1.366856601089239120e-02 -1.509527862071990967e-01
-1.287961453199386597e-01 3.956688344478607178e-01
2.345976978540420532e-01 -3.111726343631744385e-01
1.595104485750198364e-01 -1.698721945285797119e-01
2.877644598484039307e-01 -2.085647359490394592e-02
-5.457417666912078857e-02 1.883742958307266235e-01
1.477868705987930298e-01 -2.286607921123504639e-01
1.409699954092502594e-02 -9.570752829313278198e-02
-1.683277636766433716e-01 1.977428048849105835e-02
1.647385023534297943e-02 -1.036956384778022766e-01
-2.792246341705322266e-01 6.974162161350250244e-02
-2.346354909241199493e-02 5.263872817158699036e-02
1.118564140051603317e-02 -2.064946144819259644e-01
-4.882137104868888855e-02 2.328398376703262329e-01
-2.346465587615966797e-01 -8.326107636094093323e-03
-1.467398852109909058e-01 1.038338616490364075e-01
-7.469987124204635620e-02 5.352933704853057861e-02
3.109640628099441528e-02 -7.545007765293121338e-02
1.202280223369598389e-01 -1.442648917436599731e-01
-2.251458540558815002e-02 -1.503531038761138916e-01
3.118349611759185791e-02 -1.548084914684295654e-01
-1.918853223323822021e-01 9.127233177423477173e-03
1.690656542778015137e-01 3.073334693908691406e-02
1.260166317224502563e-01 1.312470156699419022e-02
-2.103705555200576782e-01 1.830064691603183746e-02
2.947228848934173584e-01 -2.838903665542602539e-01
1.618579626083374023e-01 -2.478327043354511261e-02
9.986585378646850586e-02 2.268896810710430145e-02
-8.695050328969955444e-02 7.489595562219619751e-02
6.345061212778091431e-02 7.841385155916213989e-02
2.428951859474182129e-02 1.230978127568960190e-02
2.185631170868873596e-02 -9.316108375787734985e-02
2.025354057550430298e-01 5.899436026811599731e-02
5.650204792618751526e-02 -1.505268961191177368e-01
-2.827236950397491455e-01 9.072822332382202148e-02
1.589685305953025818e-02 -6.840790063142776489e-02
1.122049149125814438e-02 -1.321764588356018066e-01
-1.864530891180038452e-01 2.490370571613311768e-01
-4.749733209609985352e-02 -8.179029822349548340e-02
2.692359387874603271e-01 -1.642954051494598389e-01
5.264596268534660339e-02 -2.073369473218917847e-01
-2.168875783681869507e-01 4.871687386184930801e-03
8.430404216051101685e-02 -2.368479669094085693e-01
2.631376683712005615e-02 1.297592222690582275e-01
1.266480237245559692e-02 -4.516063258051872253e-02
-1.500181108713150024e-01 4.705216363072395325e-02
-1.850970536470413208e-01 -1.354710571467876434e-02
1.913531422615051270e-01 -7.987714558839797974e-02
-2.875506579875946045e-01 8.225527405738830566e-02
2.056465595960617065e-01 -2.033416330814361572e-01
2.312590368092060089e-02 5.020337179303169250e-02
1.079914644360542297e-01 -2.172192931175231934e-01
-1.744231134653091431e-01 1.278004795312881470e-01
-2.990568988025188446e-03 2.723587304353713989e-02
-2.217162027955055237e-02 1.181287243962287903e-01
-2.102602571249008179e-01 1.969042271375656128e-01
-1.437887456268072128e-02 1.178603097796440125e-01
1.135466098785400391e-01 1.872014068067073822e-02
1.731356531381607056e-01 -3.865554928779602051e-02
3.683896362781524658e-02 -6.483546644449234009e-02
1.434124261140823364e-02 -8.750441670417785645e-02
1.685909032821655273e-01 -2.619782388210296631e-01
1.007439047098159790e-01 9.050488471984863281e-02
-8.883458562195301056e-03 4.486990720033645630e-02
-1.599553376436233521e-01 1.861966103315353394e-01
-9.893836826086044312e-02 -1.302532851696014404e-01
-2.276858687400817871e-02 -1.051385030150413513e-01
1.663072705268859863e-01 -2.494344860315322876e-01
-1.446293890476226807e-01 -4.326254874467849731e-02
-1.736274808645248413e-01 1.390580534934997559e-01
-4.651353135704994202e-02 -3.254381939768791199e-02
-2.801445722579956055e-01 1.041684299707412720e-01
1.530443429946899414e-01 4.694842174649238586e-02
2.056556195020675659e-01 -2.164253741502761841e-01
1.022282540798187256e-01 6.331671774387359619e-02
1.183645874261856079e-01 3.347485139966011047e-02
-1.025902181863784790e-01 2.030536718666553497e-02
-3.636888787150382996e-02 1.071862876415252686e-01
-1.910738199949264526e-01 8.244517445564270020e-02
5.259280279278755188e-02 -7.964321412146091461e-03
-4.925127699971199036e-02 1.297878921031951904e-01
1.107649281620979309e-01 5.004917085170745850e-02
1.094914600253105164e-01 2.349432371556758881e-02
2.143384516239166260e-02 6.951539218425750732e-02
7.058198004961013794e-02 -1.032257378101348877e-01
2.311147898435592651e-01 -1.749529540538787842e-01
1.229991912841796875e-01 -3.123679161071777344e-01
-2.637658119201660156e-01 1.556697338819503784e-01
1.304631382226943970e-01 -1.098332703113555908e-01
-1.541114412248134613e-02 5.937233567237854004e-02
1.213313341140747070e-01 -5.612528696656227112e-02
2.043156772851943970e-01 -1.789811253547668457e-01
-3.042597472667694092e-01 4.554437845945358276e-02
1.236260533332824707e-01 -3.226124914363026619e-03
-1.472029834985733032e-01 5.349373072385787964e-02
-4.927708208560943604e-02 8.864404261112213135e-02
2.048707902431488037e-01 2.237801812589168549e-02
1.114108413457870483e-01 -8.273316174745559692e-02
1.981185376644134521e-01 -6.489258725196123123e-03
3.324671089649200439e-02 -3.874741122126579285e-02
1.613394021987915039e-01 -7.839395664632320404e-03
-1.087060943245887756e-01 2.168315649032592773e-01
4.021012783050537109e-02 2.825273759663105011e-02
4.143734648823738098e-02 -2.626864239573478699e-02
1.104620993137359619e-01 -8.530631661415100098e-02
-4.408055543899536133e-02 -3.334651142358779907e-02
-5.299851298332214355e-02 1.211870238184928894e-01
-2.734657824039459229e-01 6.026752665638923645e-02
-8.314435929059982300e-02 1.178212389349937439e-01
-6.775707751512527466e-02 7.199229300022125244e-02
-6.818225979804992676e-02 1.840694099664688110e-01
-1.699618101119995117e-01 -5.751192942261695862e-02
-1.462408155202865601e-01 8.127656579017639160e-02
1.139873340725898743e-01 -1.125773563981056213e-01
-1.149452999234199524e-01 5.443998053669929504e-02
-9.143939614295959473e-02 -1.588263511657714844e-01
-7.196507602930068970e-02 6.476905196905136108e-02
