-6.556361913681030273e-02 -2.607100177556276321e-03
2.986063659191131592e-01 -1.639565825462341309e-01
8.971336483955383301e-02 -1.711562722921371460e-01
2.516116388142108917e-02 -6.671831011772155762e-02
-4.845255613327026367e-02 -1.937135457992553711e-01
8.865510672330856323e-02 1.336784213781356812e-01
-1.844257712364196777e-01 1.283398363739252090e-03
4.440169408917427063e-02 -1.594830602407455444e-01
1.745722889900207520e-01 -2.151897102594375610e-01
-9.950135648250579834e-02 -2.723215334117412567e-02
1.284497529268264771e-01 -5.298713967204093933e-02
5.828630179166793823e-02 -9.420476853847503662e-02
2.825975418090820312e-02 1.036713570356369019e-01
-1.270144432783126831e-01 1.473535690456628799e-02
7.609472423791885376e-02 -6.560844182968139648e-02
-1.635509282350540161e-01 -2.494393847882747650e-03
1.524392813444137573e-01 -9.189776331186294556e-02
3.634317815303802490e-01 -1.762501001358032227e-01
1.471114158630371094e-02 -1.737276315689086914e-01
-6.868168711662292480e-02 2.068934738636016846e-01
2.478712350130081177e-01 -2.731807716190814972e-02
8.474271744489669800e-02 -1.178224012255668640e-01
7.175095379352569580e-02 -1.604290753602981567e-01
-9.270282089710235596e-02 2.400775626301765442e-02
-9.250239282846450806e-02 -1.045327261090278625e-01
-1.277321875095367432e-01 5.762751027941703796e-02
-2.508163154125213623e-01 7.282882183790206909e-02
6.963507086038589478e-02 -9.457229822874069214e-02
-2.337633864954113960e-03 -1.882327795028686523e-01
6.871812790632247925e-02 5.855113267898559570e-02
-1.640936918556690216e-02 6.362895667552947998e-02
-8.506130427122116089e-02 1.007713153958320618e-01
7.906131446361541748e-02 -4.006129130721092224e-02
2.109050005674362183e-01 -1.700217276811599731e-01
1.601748019456863403e-01 -1.524538248777389526e-01
2.640087604522705078e-01 -1.985114365816116333e-01
9.009037166833877563e-03 -1.139663681387901306e-01
6.184470653533935547e-02 1.253059599548578262e-02
-8.025955408811569214e-02 1.371086686849594116e-01
2.494285553693771362e-01 2.724562026560306549e-02
6.168137490749359131e-02 -1.124224662780761719e-01
-2.435548752546310425e-01 2.403418570756912231e-01
2.134542614221572876e-01 -1.881646513938903809e-01
1.516101956367492676e-01 3.376614674925804138e-02
-2.214084714651107788e-01 1.835934370756149292e-01
1.019732132554054260e-01 -1.691542752087116241e-02
-1.239400282502174377e-01 2.305717617273330688e-01
-1.024909615516662598e-01 1.632121764123439789e-02
1.705254316329956055e-01 -3.421625494956970215e-02
1.261289715766906738e-01 -1.312267929315567017e-01
1.546021252870559692e-01 -1.619249880313873291e-01
-2.494613379240036011e-01 1.429783254861831665e-01
-2.234149351716041565e-02 2.196790836751461029e-02
-8.055657893419265747e-02 6.671081483364105225e-02
1.074983254075050354e-01 -1.562821865081787109e-01
2.196471672505140305e-03 -3.893217444419860840e-02
1.605347394943237305e-01 -1.112278997898101807e-01
-5.535687506198883057e-02 3.885748237371444702e-02
-2.236425317823886871e-02 7.349912822246551514e-02
2.199055254459381104e-01 -8.869017660617828369e-02
3.358749672770500183e-02 -1.799310445785522461e-01
1.751787662506103516e-01 -5.826136097311973572e-03
7.704365253448486328e-02 -2.248769551515579224e-01
-6.376517564058303833e-02 1.627998203039169312e-01
-1.501602828502655029e-01 2.813844978809356689e-01
2.135564833879470825e-01 -1.758296936750411987e-01
2.814145088195800781e-01 -2.890212833881378174e-01
-3.187144547700881958e-02 8.763069659471511841e-02
-1.613357476890087128e-02 -9.545990824699401855e-02
-2.859169542789459229e-01 2.213069498538970947e-01
-2.118423581123352051e-01 5.920360982418060303e-02
1.877119988203048706e-01 -1.828062683343887329e-01
3.453022614121437073e-02 9.724926948547363281e-02
-6.496717222034931183e-03 6.109021604061126709e-02
2.348033934831619263e-01 -1.450123488903045654e-01
-1.539353877305984497e-01 1.423222273588180542e-01
-2.855322957038879395e-01 8.065690100193023682e-02
-2.519502341747283936e-01 3.636890649795532227e-01
3.007794544100761414e-02 -1.177809312939643860e-01
2.112883329391479492e-01 -8.294791728258132935e-02
-1.794236749410629272e-01 1.719530969858169556e-01
6.638073921203613281e-02 1.070560738444328308e-01
9.326095879077911377e-02 -1.441998928785324097e-01
2.422716170549392700e-01 -2.026576399803161621e-01
-2.690144479274749756e-01 1.675510853528976440e-01
2.793164849281311035e-01 -2.152126431465148926e-01
2.754674553871154785e-01 -7.598689943552017212e-02
1.361332461237907410e-02 -3.780370950698852539e-02
-4.715241119265556335e-02 1.412373036146163940e-01
-5.683283507823944092e-02 7.656997442245483398e-02
-1.706261187791824341e-02 -5.288835987448692322e-02
-1.286580711603164673e-01 3.756296262145042419e-02
2.978869378566741943e-01 -2.608931660652160645e-01
-2.227227538824081421e-01 3.285575211048126221e-01
-1.234946623444557190e-01 1.380228400230407715e-01
-1.423026621341705322e-01 1.923417747020721436e-01
1.583390533924102783e-01 -2.459989041090011597e-01
1.754352301359176636e-01 -1.688293069601058960e-01
1.595499180257320404e-02 1.286410242319107056e-01
-1.871736161410808563e-02 2.082062363624572754e-01
-2.863345742225646973e-01 2.918502874672412872e-02
2.382103204727172852e-01 1.720562018454074860e-02
-1.280198991298675537e-01 2.025810331106185913e-01
3.362466767430305481e-02 -1.301936991512775421e-02
6.942458450794219971e-02 -2.551021873950958252e-01
-2.797355651855468750e-01 1.565142869949340820e-01
-1.678717136383056641e-01 3.081023693084716797e-02
9.474412351846694946e-02 8.563385345041751862e-03
-2.599563002586364746e-01 1.509796977043151855e-01
2.026543766260147095e-01 -2.419256567955017090e-01
-1.377902925014495850e-01 -3.411749005317687988e-02
1.118325516581535339e-01 -2.348230183124542236e-01
1.608865410089492798e-01 -1.762657016515731812e-01
2.477633953094482422e-01 -8.302948623895645142e-02
-1.052580177783966064e-01 3.158868476748466492e-02
-2.656345367431640625e-01 2.161572873592376709e-01
-2.272519320249557495e-01 7.720772176980972290e-02
-1.251171976327896118e-01 2.380777597427368164e-01
3.290665149688720703e-02 -1.321506649255752563e-01
-2.813770174980163574e-01 2.840197682380676270e-01
2.194678336381912231e-01 -1.705085784196853638e-01
-1.904977560043334961e-01 1.102574765682220459e-01
5.191203206777572632e-02 -4.994647949934005737e-02
-1.850515156984329224e-01 9.519749879837036133e-02
1.808092296123504639e-01 -1.073562577366828918e-01
2.842946052551269531e-01 -1.039610356092453003e-01
9.804817289113998413e-02 2.613919600844383240e-02
-1.521814614534378052e-01 1.431545168161392212e-01
-1.041600331664085388e-01 4.143476486206054688e-02
-6.174664571881294250e-02 -3.861403837800025940e-02
2.060143202543258667e-01 1.574395783245563507e-02
-1.769756376743316650e-01 2.125538736581802368e-01
1.445890516042709351e-01 1.044362876564264297e-02
-9.348219260573387146e-03 1.010342761874198914e-01
4.030185192823410034e-02 1.808286309242248535e-01
9.241162985563278198e-02 -3.915143013000488281e-02
-2.614352479577064514e-02 -2.107692360877990723e-01
-1.514945924282073975e-01 3.928110003471374512e-02
2.179323136806488037e-01 8.422346413135528564e-02
-1.466547548770904541e-01 1.938354074954986572e-01
-2.192792892456054688e-01 2.340815365314483643e-01
-7.850023359060287476e-02 1.323977578431367874e-02
-5.083371326327323914e-02 2.218408286571502686e-01
-2.043984532356262207e-01 -8.928637020289897919e-03
-8.673860877752304077e-02 1.472234427928924561e-01
-2.327148765325546265e-01 1.434359252452850342e-01
6.627982854843139648e-02 8.934405446052551270e-02
-1.737917959690093994e-02 4.235479235649108887e-02
-2.490329742431640625e-02 1.111784726381301880e-01
-1.299384534358978271e-01 1.339430063962936401e-01
-8.069216459989547729e-02 1.372417807579040527e-01
9.364770352840423584e-02 6.544126570224761963e-02
1.283034980297088623e-01 -3.895314782857894897e-02
-8.811154961585998535e-02 -2.134841121733188629e-02
-1.086767613887786865e-01 1.515592783689498901e-01
-2.172722220420837402e-01 -1.644397713243961334e-02
3.081964142620563507e-02 -3.095508366823196411e-02
-4.195671156048774719e-02 2.798439860343933105e-01
-2.963189035654067993e-02 -1.108478531241416931e-01
1.033294387161731720e-02 8.939345180988311768e-02
4.466496035456657410e-02 1.428978145122528076e-01
1.673134565353393555e-01 -2.120422422885894775e-01
9.357830137014389038e-02 -1.679513603448867798e-01
-9.261970967054367065e-02 -4.488450661301612854e-02
7.771173864603042603e-02 9.072073549032211304e-02
-1.277980506420135498e-01 -1.932984031736850739e-02
-8.183791488409042358e-02 -1.230032145977020264e-01
1.369705796241760254e-02 4.532452300190925598e-02
1.838039956055581570e-03 6.990741193294525146e-02
-1.157830134034156799e-01 3.245686292648315430e-01
9.988331049680709839e-02 -7.410103827714920044e-02
1.051577329635620117e-01 1.885617151856422424e-03
3.084735758602619171e-02 -7.851353287696838379e-02
1.212119758129119873e-01 1.873746961355209351e-01
1.635229587554931641e-01 -7.007148861885070801e-02
-8.988644182682037354e-02 8.025589585304260254e-02
7.853496819734573364e-02 -4.761576279997825623e-02
1.237457841634750366e-01 3.221681714057922363e-02
8.387594670057296753e-02 -1.460522711277008057e-01
-2.624285221099853516e-01 -2.377146296203136444e-02
1.095976158976554871e-01 -1.669672727584838867e-01
2.355395853519439697e-01 -1.515605747699737549e-01
1.992379277944564819e-01 -1.789224147796630859e-01
-1.335295662283897400e-02 -1.099301129579544067e-01
1.786669492721557617e-01 -1.072497293353080750e-01
5.475847050547599792e-02 -1.943439245223999023e-01
-7.014194130897521973e-02 -2.071008644998073578e-02
-3.900341317057609558e-02 2.621661424636840820e-01
7.269375026226043701e-02 5.983476340770721436e-02
2.505818605422973633e-01 -2.296135425567626953e-01
-1.899632960557937622e-01 -5.555635690689086914e-02
-4.083320125937461853e-02 -2.289167838171124458e-03
-7.325553148984909058e-02 1.433116644620895386e-01
1.620028465986251831e-01 -2.581362724304199219e-01
3.225614130496978760e-01 -8.627770841121673584e-02
6.408308446407318115e-02 1.004349347203969955e-02
1.724835298955440521e-02 1.106795947998762131e-02
7.405737880617380142e-03 2.909303009510040283e-01
-1.008729338645935059e-01 -3.223501145839691162e-02
1.182708293199539185e-01 -1.835886687040328979e-01
-5.030052363872528076e-02 -2.057661488652229309e-02
1.376943886280059814e-01 9.701780974864959717e-03
7.628545165061950684e-02 4.944493621587753296e-02
2.178569883108139038e-02 -1.765656471252441406e-01
9.309198707342147827e-02 1.443237066268920898e-01
-1.851243339478969574e-02 -6.317283958196640015e-02
-1.645887829363346100e-02 2.845989912748336792e-02
-2.362378127872943878e-02 2.259864807128906250e-01
-2.361234510317444801e-03 -1.264755874872207642e-01
2.030873894691467285e-01 -6.379448808729648590e-03
-3.368181362748146057e-02 2.007810026407241821e-02
2.388931438326835632e-02 -1.051079928874969482e-01
6.370960921049118042e-02 3.842689469456672668e-02
1.166118755936622620e-01 -2.591955065727233887e-01
1.236046031117439270e-01 -9.163711965084075928e-02
-7.320781052112579346e-02 1.566841499879956245e-03
7.949761301279067993e-02 -2.144637517631053925e-02
-9.417338669300079346e-02 1.971941888332366943e-01
-1.273091733455657959e-01 2.111687213182449341e-01
-2.592813782393932343e-02 -2.663659863173961639e-02
2.009841352701187134e-01 -2.306738495826721191e-01
-1.332075595855712891e-01 1.162282973527908325e-01
-6.865071598440408707e-03 4.565716534852981567e-02
-1.805704832077026367e-01 7.481335103511810303e-02
-8.785873651504516602e-02 9.249977767467498779e-02
-3.464143350720405579e-02 4.751627892255783081e-02
3.475717082619667053e-02 -4.748648405075073242e-02
-1.176133975386619568e-01 6.675352156162261963e-02
1.338985860347747803e-01 6.212800741195678711e-03
-1.289600878953933716e-01 2.401437759399414062e-01
1.422370970249176025e-01 -4.140809923410415649e-02
-4.729492217302322388e-02 -4.530553892254829407e-02
8.556171506643295288e-02 -6.573728471994400024e-02
-7.281299680471420288e-02 3.009342215955257416e-02
1.677526086568832397e-01 -1.647798120975494385e-01
4.880031198263168335e-02 -1.716427803039550781e-01
-1.965298205614089966e-01 -8.132513612508773804e-03
3.690567612648010254e-02 -2.571058273315429688e-02
7.670222967863082886e-02 -1.394112706184387207e-01
2.198732942342758179e-01 -1.116787344217300415e-01
-8.602431416511535645e-02 -2.224112153053283691e-01
-2.609568536281585693e-01 1.666984409093856812e-01
9.261120110750198364e-02 -1.742430776357650757e-01
8.328970521688461304e-02 -1.742741465568542480e-01
-1.088039129972457886e-01 2.288015745580196381e-02
5.103790666908025742e-03 1.256536096334457397e-01
3.495825082063674927e-02 1.695375330746173859e-02
-1.493126302957534790e-01 7.461524009704589844e-02
2.645826041698455811e-01 -1.272198110818862915e-01
-6.297689676284790039e-02 1.668444126844406128e-01
1.461416780948638916e-01 -1.248003169894218445e-01
2.107912749052047729e-01 -9.693643450736999512e-02
-3.003216981887817383e-01 9.497152268886566162e-02
6.664713472127914429e-02 4.106750711798667908e-02
3.230350464582443237e-02 1.680624037981033325e-01
4.203964397311210632e-02 -5.103442817926406860e-02
