-6.882087793201208115e-03 1.286740303039550781e-01
3.598843216896057129e-01 -4.465412199497222900e-01
-5.534309744834899902e-01 5.978427529335021973e-01
2.702760100364685059e-01 -1.489082127809524536e-01
8.786956220865249634e-02 -2.317934334278106689e-01
-3.476162850856781006e-01 1.795536726713180542e-01
4.037753343582153320e-01 -1.657013446092605591e-01
1.717810519039630890e-02 4.239981994032859802e-02
-2.334984689950942993e-01 -1.645051501691341400e-02
-5.627394095063209534e-02 -2.612894587218761444e-02
-2.892502546310424805e-01 4.007783904671669006e-02
-1.992713063955307007e-01 4.021445810794830322e-01
-5.038539692759513855e-02 5.119250714778900146e-02
-2.444825321435928345e-01 2.856759130954742432e-01
-2.194294631481170654e-01 8.603639155626296997e-02
1.102019622921943665e-01 -8.207436650991439819e-02
4.744028449058532715e-01 -5.219395160675048828e-01
-3.830014914274215698e-02 -8.176194131374359131e-02
1.068962141871452332e-01 -1.377009600400924683e-01
-1.009418666362762451e-01 2.366421818733215332e-01
-5.419753864407539368e-02 1.446580886840820312e-01
1.383315958082675934e-02 1.106554791331291199e-01
-1.661257594823837280e-01 8.867867290973663330e-02
-1.722017228603363037e-01 3.344698548316955566e-01
8.335639536380767822e-02 -5.730042234063148499e-02
-2.457144707441329956e-01 1.909446865320205688e-01
2.740406990051269531e-01 -3.094899058341979980e-01
1.808074414730072021e-01 -3.299031779170036316e-02
-3.521517515182495117e-01 1.961181908845901489e-01
-1.143517792224884033e-01 2.070935964584350586e-01
1.532607376575469971e-01 -6.559588760137557983e-02
1.554283946752548218e-01 -1.310423016548156738e-01
-1.452932208776473999e-01 2.145632207393646240e-01
2.299378216266632080e-01 -2.488866150379180908e-01
2.712528109550476074e-01 -1.214866489171981812e-01
-1.854755878448486328e-01 1.203829571604728699e-01
-5.150848999619483948e-02 6.594014912843704224e-02
-1.316598504781723022e-01 7.881508022546768188e-02
-2.565375864505767822e-01 4.217809140682220459e-01
-3.890313953161239624e-02 -1.591756343841552734e-01
1.497751921415328979e-01 -1.174871623516082764e-01
-1.666802763938903809e-01 2.366827279329299927e-01
-7.756085693836212158e-02 1.327546536922454834e-01
4.155632853507995605e-01 -2.911911308765411377e-01
-4.814309477806091309e-01 6.297889947891235352e-01
-7.523464970290660858e-03 -1.972398310899734497e-01
-9.119621664285659790e-02 6.645169854164123535e-02
1.727654635906219482e-01 -7.885958254337310791e-02
-1.970371156930923462e-01 4.045774340629577637e-01
-1.163475289940834045e-01 -3.696959838271141052e-02
-2.929624319076538086e-01 1.127662658691406250e-01
2.835818231105804443e-01 -2.332602739334106445e-01
2.349695889279246330e-03 3.012877330183982849e-02
4.327290058135986328e-01 -3.907158076763153076e-01
4.958780705928802490e-01 -5.125917792320251465e-01
-3.291732370853424072e-01 4.205143451690673828e-01
-8.699432760477066040e-02 1.991894543170928955e-01
-1.721951737999916077e-02 1.835267692804336548e-01
6.937572956085205078e-01 -6.460382938385009766e-01
5.271299928426742554e-02 -4.498668015003204346e-03
1.506998538970947266e-01 -3.262192606925964355e-01
3.509866297245025635e-01 -2.601715922355651855e-01
7.707913964986801147e-02 1.977889388799667358e-01
3.026132583618164062e-01 -1.346999257802963257e-01
-2.749312818050384521e-01 4.281474053859710693e-01
-5.529199838638305664e-01 7.058551311492919922e-01
-9.524872303009033203e-01 8.613880276679992676e-01
3.176514506340026855e-01 -3.928572535514831543e-01
6.705752611160278320e-01 -6.123536825180053711e-01
-2.848285138607025146e-01 3.114083409309387207e-01
2.261459529399871826e-01 -1.468915045261383057e-01
-1.127949506044387817e-01 1.462681293487548828e-01
-4.118179678916931152e-01 3.187054395675659180e-01
2.021922916173934937e-01 -4.238154292106628418e-01
-5.714105367660522461e-01 5.380312204360961914e-01
-6.394400000572204590e-01 5.325071215629577637e-01
7.139327526092529297e-01 -6.321058273315429688e-01
-7.415811419486999512e-01 8.684915900230407715e-01
-9.286941885948181152e-01 8.173987865447998047e-01
-1.309763174504041672e-02 8.843252062797546387e-02
-2.559048831462860107e-01 2.695770859718322754e-01
9.671470522880554199e-02 1.970860064029693604e-01
1.426342129707336426e-01 -2.930656261742115021e-02
6.598749011754989624e-02 -1.701890975236892700e-01
-7.617544531822204590e-01 6.115680336952209473e-01
-3.578698039054870605e-01 3.824770748615264893e-01
-2.443770468235015869e-01 4.101991355419158936e-01
-5.875316858291625977e-01 6.551321148872375488e-01
-4.242697358131408691e-01 3.860567808151245117e-01
6.749995797872543335e-02 9.798028320074081421e-02
4.174884855747222900e-01 -2.160577625036239624e-01
8.104692697525024414e-01 -6.755298972129821777e-01
4.835628569126129150e-01 -2.303615957498550415e-01
-2.055278867483139038e-01 2.786711156368255615e-01
7.978560924530029297e-01 -6.784181594848632812e-01
3.950294554233551025e-01 -9.619940817356109619e-02
5.941879376769065857e-02 -1.067996770143508911e-01
2.665148079395294189e-01 -3.213055431842803955e-01
2.025728523731231689e-01 -1.685751229524612427e-01
-1.990352012217044830e-02 -2.817727252840995789e-02
-6.143977046012878418e-01 6.223449110984802246e-01
5.307626724243164062e-01 -5.842449069023132324e-01
6.261335015296936035e-01 -7.859411239624023438e-01
-1.314727514982223511e-01 1.581605970859527588e-01
5.893452763557434082e-01 -8.189516067504882812e-01
-3.264844715595245361e-01 5.033746361732482910e-01
-2.345439344644546509e-01 3.585405647754669189e-01
2.640421092510223389e-01 -1.666562408208847046e-01
6.542498618364334106e-02 -5.709377676248550415e-02
-7.879154384136199951e-02 -8.131504803895950317e-02
-5.373840332031250000e-01 3.575588762760162354e-01
-6.529608368873596191e-01 4.782105386257171631e-01
-2.427256554365158081e-01 2.835278809070587158e-01
2.964639104902744293e-03 -2.513341233134269714e-02
5.037909150123596191e-01 -5.645413398742675781e-01
6.392612457275390625e-01 -6.581439971923828125e-01
4.513648450374603271e-01 -6.791442632675170898e-01
4.504775106906890869e-01 -4.350562393665313721e-01
4.787533283233642578e-01 -5.665415525436401367e-01
-3.006190359592437744e-01 3.508426845073699951e-01
-7.792117446660995483e-02 9.505414962768554688e-02
-4.488842487335205078e-01 4.364039897918701172e-01
7.524728775024414062e-01 -8.135144710540771484e-01
-5.204909015446901321e-03 1.621576696634292603e-01
1.601670980453491211e-01 -1.387486606836318970e-01
5.293081998825073242e-01 -4.091549813747406006e-01
-3.455013632774353027e-01 5.726724267005920410e-01
3.800130784511566162e-01 -3.978133499622344971e-01
-6.744768023490905762e-01 7.751843929290771484e-01
-3.344599306583404541e-01 2.976595759391784668e-01
5.861136913299560547e-01 -5.610319972038269043e-01
-9.737090021371841431e-02 2.098965495824813843e-01
4.867157340049743652e-01 -6.769322752952575684e-01
-8.998653888702392578e-01 5.919201970100402832e-01
6.589064840227365494e-03 1.438203174620866776e-02
7.163347601890563965e-01 -8.741324543952941895e-01
6.050771474838256836e-01 -4.758155643939971924e-01
-5.034646987915039062e-01 3.868783414363861084e-01
1.462326198816299438e-01 -7.620372623205184937e-02
-6.679529547691345215e-01 7.061731219291687012e-01
-1.970281153917312622e-01 8.680285513401031494e-02
1.047562733292579651e-01 2.444380521774291992e-02
-2.217398285865783691e-01 2.291583716869354248e-01
-1.878417432308197021e-01 2.604570388793945312e-01
3.531217873096466064e-01 -2.726110816001892090e-01
-4.210215806961059570e-01 4.069822132587432861e-01
8.617105334997177124e-02 -7.746224757283926010e-03
4.331745505332946777e-01 -4.058875143527984619e-01
-2.854200303554534912e-01 4.787212908267974854e-01
-1.881051808595657349e-01 4.405467212200164795e-01
1.265471428632736206e-01 -1.483698487281799316e-01
-6.890870928764343262e-01 6.081362962722778320e-01
-1.558724641799926758e-01 1.464077830314636230e-01
-1.039713174104690552e-01 -1.936681568622589111e-01
1.650611013174057007e-01 -2.625788152217864990e-01
-4.868875816464424133e-02 9.623090922832489014e-02
4.848949611186981201e-01 -5.239233970642089844e-01
-4.916830360889434814e-01 4.818997681140899658e-01
1.190036833286285400e-01 -1.738790795207023621e-02
1.720412075519561768e-01 -4.247656166553497314e-01
8.664561063051223755e-02 -2.038489729166030884e-01
1.143638864159584045e-01 -4.092830792069435120e-02
1.941658556461334229e-01 -1.954542994499206543e-01
2.314840406179428101e-01 -3.430021405220031738e-01
-5.741752982139587402e-01 3.129784762859344482e-01
2.019468545913696289e-01 -1.991969347000122070e-01
-2.191759794950485229e-01 2.451432943344116211e-01
-2.995804548263549805e-01 6.757538914680480957e-01
1.141952797770500183e-01 -3.688729107379913330e-01
6.440383195877075195e-02 4.440719261765480042e-02
-2.097682654857635498e-01 6.133192405104637146e-02
-2.967137843370437622e-02 -4.848849028348922729e-03
-6.498657464981079102e-01 5.949554443359375000e-01
2.927775382995605469e-01 -3.522015213966369629e-01
-2.552703022956848145e-01 4.447430670261383057e-01
-1.663510650396347046e-01 3.636773228645324707e-01
-3.057243525981903076e-01 3.542164266109466553e-01
6.210228204727172852e-01 -6.062633395195007324e-01
2.154695838689804077e-01 -9.134567528963088989e-02
-2.408321201801300049e-01 1.330443192273378372e-02
4.044036567211151123e-01 -3.927289843559265137e-01
-1.469554305076599121e-01 4.985113814473152161e-02
-5.172147974371910095e-02 -8.473638445138931274e-02
-3.164469301700592041e-01 4.449883401393890381e-01
-1.759677939116954803e-02 5.537581071257591248e-02
3.691594898700714111e-01 -4.515817761421203613e-01
3.812551200389862061e-01 -3.515255153179168701e-01
-3.682421147823333740e-01 8.908989280462265015e-02
6.378178000450134277e-01 -7.110496163368225098e-01
2.436282038688659668e-01 -2.362698465585708618e-01
3.018076419830322266e-01 -4.091714620590209961e-01
7.685588002204895020e-01 -6.575298309326171875e-01
-1.349122226238250732e-01 3.610455617308616638e-02
-1.531800720840692520e-02 4.428866878151893616e-02
7.609952986240386963e-02 9.630567580461502075e-02
9.852886945009231567e-02 -2.406892031431198120e-01
3.960681259632110596e-01 -3.660683035850524902e-01
-1.888028532266616821e-01 1.602934449911117554e-01
2.317720204591751099e-01 -1.332020759582519531e-01
1.398609578609466553e-01 -5.303119122982025146e-02
2.645161449909210205e-01 -4.030511975288391113e-01
-2.985163033008575439e-02 1.024969592690467834e-01
3.007128601893782616e-03 3.282944858074188232e-01
9.775080718100070953e-03 -2.720597572624683380e-02
7.945585995912551880e-02 -1.434709429740905762e-01
4.813612103462219238e-01 -2.016402482986450195e-01
-7.258831989020109177e-03 4.584862291812896729e-02
-1.427852734923362732e-02 1.422193497419357300e-01
1.316463202238082886e-01 -1.962315440177917480e-01
-1.034688204526901245e-01 -5.532509647309780121e-03
3.584426268935203552e-02 -2.001385204493999481e-02
1.260231733322143555e-01 -8.403779566287994385e-02
3.907787799835205078e-01 -2.765263319015502930e-01
-9.166189283132553101e-02 5.671010166406631470e-02
-1.393670588731765747e-01 2.810352854430675507e-02
-5.275133252143859863e-01 3.132454156875610352e-01
2.569568753242492676e-01 -2.461178451776504517e-01
-4.068010672926902771e-02 3.595966473221778870e-02
4.733651578426361084e-01 -2.569580078125000000e-01
-3.431446850299835205e-01 3.955808877944946289e-01
2.785878181457519531e-01 -3.552774786949157715e-01
-5.620410083793103695e-04 -8.197758346796035767e-02
-2.108095958828926086e-02 -1.797456145286560059e-01
-5.301335453987121582e-02 3.689182102680206299e-01
-3.685922026634216309e-01 4.114745259284973145e-01
6.404869258403778076e-02 -2.164868116378784180e-01
9.364330768585205078e-02 -2.310629338026046753e-01
4.048083722591400146e-02 8.093706518411636353e-02
-1.875631362199783325e-01 4.951735213398933411e-02
5.361716076731681824e-02 -1.083494946360588074e-01
-9.447452425956726074e-02 4.648366570472717285e-02
2.646273188292980194e-02 1.180912256240844727e-01
1.101371832191944122e-02 -2.011422514915466309e-01
-1.701477468013763428e-01 2.569558024406433105e-01
-3.294302523136138916e-02 -6.995665282011032104e-02
-1.586168855428695679e-01 2.437033802270889282e-01
-4.062400758266448975e-01 3.549195528030395508e-01
1.170052289962768555e-01 -1.441968381404876709e-01
1.706987060606479645e-02 2.374960035085678101e-01
2.062222212553024292e-01 2.010296843945980072e-02
-4.289578646421432495e-02 9.213442355394363403e-02
-5.967493169009685516e-03 3.165622055530548096e-02
3.169859945774078369e-01 -3.500006198883056641e-01
4.167665541172027588e-01 -2.964990139007568359e-01
-2.853250801563262939e-01 -5.763071775436401367e-02
1.088943704962730408e-01 1.799511164426803589e-01
3.247998952865600586e-01 -5.569619536399841309e-01
-3.027845025062561035e-01 1.125833392143249512e-01
-9.379343688488006592e-02 -6.058065965771675110e-02
-6.416066084057092667e-03 -4.233187064528465271e-02
3.945372104644775391e-01 -8.576452732086181641e-02
-7.526919990777969360e-02 -3.780483081936836243e-02
-9.058392792940139771e-02 -1.565726995468139648e-01
6.798204034566879272e-02 -1.183364093303680420e-01
-2.372257709503173828e-01 1.347660869359970093e-01
1.797245591878890991e-01 -2.592877149581909180e-01
