5.661154538393020630e-02 9.561881422996520996e-02
2.557179629802703857e-01 -2.785169184207916260e-01
-5.946374312043190002e-02 -1.450486388057470322e-02
-7.245985418558120728e-02 2.676504850387573242e-01
4.732408374547958374e-02 8.699045330286026001e-02
-8.459778875112533569e-02 -2.155125141143798828e-02
-1.552183628082275391e-01 1.402305811643600464e-01
9.027824550867080688e-02 -7.239003479480743408e-02
6.384130567312240601e-02 -7.217580825090408325e-02
-2.380069345235824585e-02 3.311607986688613892e-02
3.472953140735626221e-01 -1.884004175662994385e-01
2.505619227886199951e-01 3.099522553384304047e-02
-2.149811238050460815e-01 1.036007553339004517e-01
-7.096263766288757324e-02 2.277015596628189087e-01
-2.434718422591686249e-02 4.295273870229721069e-02
-1.672657877206802368e-01 1.783271580934524536e-01
-4.034469276666641235e-02 -4.981879517436027527e-02
-6.804307550191879272e-02 9.372350573539733887e-02
4.281868785619735718e-02 1.056409925222396851e-01
-2.536757886409759521e-01 1.186938304454088211e-02
1.417015641927719116e-01 -5.317453667521476746e-02
-1.655325293540954590e-01 6.470137089490890503e-02
-1.387717276811599731e-01 1.387304533272981644e-02
-1.096139252185821533e-01 5.679589696228504181e-03
-2.284667789936065674e-01 6.513003259897232056e-02
4.949982836842536926e-02 -1.894072294235229492e-01
-1.344350427389144897e-01 2.771805226802825928e-01
2.522587180137634277e-01 -2.188761681318283081e-01
1.602772921323776245e-01 -1.670846641063690186e-01
-1.654232293367385864e-01 2.398314140737056732e-02
-8.907295763492584229e-02 -9.238404780626296997e-02
6.131499260663986206e-02 -3.658680617809295654e-02
-3.403833881020545959e-02 -6.250647827982902527e-03
1.342007368803024292e-01 -1.968894898891448975e-01
-1.460659950971603394e-01 3.005191497504711151e-02
1.236700043082237244e-01 -5.760598182678222656e-02
9.511432051658630371e-02 -1.608075350522994995e-01
-3.344081714749336243e-02 7.200507074594497681e-02
3.640337660908699036e-02 -3.651387989521026611e-02
-1.009899601340293884e-01 3.757566958665847778e-02
-2.425336092710494995e-01 1.241305768489837646e-01
3.477257490158081055e-02 1.347432378679513931e-02
-1.259926054626703262e-02 5.650767311453819275e-02
-1.150335147976875305e-01 2.232656031847000122e-01
7.897973805665969849e-02 -4.160701297223567963e-03
1.462937742471694946e-01 -1.132518798112869263e-01
1.542378962039947510e-01 -2.217307686805725098e-01
1.641953289508819580e-01 -1.312995888292789459e-02
-4.782015085220336914e-02 2.801400423049926758e-01
7.728816568851470947e-02 -1.387258172035217285e-01
-2.701180614531040192e-02 -8.547949045896530151e-02
-7.141283899545669556e-02 -1.088601127266883850e-01
8.652558922767639160e-02 -1.241847872734069824e-02
6.963640451431274414e-02 5.887917801737785339e-02
1.692534089088439941e-01 -1.414841413497924805e-01
1.547156367450952530e-02 -4.010649397969245911e-03
-9.859915822744369507e-02 -8.042646199464797974e-02
-1.264007687568664551e-01 8.045590668916702271e-02
3.317198157310485840e-01 -2.111637741327285767e-01
1.097899079322814941e-01 -7.444185018539428711e-02
1.008986756205558777e-01 -4.355890303850173950e-02
-2.359183132648468018e-01 6.523161381483078003e-02
-7.277164608240127563e-02 8.605679124593734741e-02
-1.994041353464126587e-01 1.983459591865539551e-01
-5.027649924159049988e-02 1.279295384883880615e-01
3.262830972671508789e-01 -8.427567780017852783e-02
1.693389415740966797e-01 -1.845627725124359131e-01
2.542795427143573761e-02 -1.336656361818313599e-01
-1.287191808223724365e-01 -3.756037913262844086e-03
8.655808866024017334e-02 -4.776513203978538513e-02
-7.716694474220275879e-02 1.371620297431945801e-01
2.328631281852722168e-01 -1.043538525700569153e-01
1.979703456163406372e-01 -8.415025472640991211e-02
-1.583170890808105469e-01 2.287658601999282837e-01
1.920753121376037598e-01 -1.354906409978866577e-01
1.909879408776760101e-02 -1.995332688093185425e-01
7.189188897609710693e-02 -1.194649096578359604e-02
-3.856765031814575195e-01 1.078555807471275330e-01
-6.282317638397216797e-02 -3.648377209901809692e-02
-6.424968689680099487e-02 1.152643002569675446e-02
4.849398508667945862e-02 -2.662767171859741211e-01
1.877658516168594360e-01 -2.446181178092956543e-01
-1.170545592904090881e-01 2.029710263013839722e-01
1.037406846880912781e-01 -2.112957090139389038e-01
-1.540565211325883865e-02 -2.409585267305374146e-01
2.279840260744094849e-01 -2.280647158622741699e-01
3.013511421158909798e-03 1.083037033677101135e-01
1.907368004322052002e-02 -2.555834352970123291e-01
7.543601561337709427e-03 2.419650554656982422e-01
9.456916153430938721e-02 -1.640193462371826172e-01
-4.536015167832374573e-02 1.043727388605475426e-03
2.348277419805526733e-01 8.151139318943023682e-02
1.669809222221374512e-01 -9.810060262680053711e-02
3.693958371877670288e-02 -1.616517156362533569e-01
6.473752111196517944e-02 -2.337190061807632446e-01
-3.039682209491729736e-01 9.116599708795547485e-02
3.123798593878746033e-02 -5.420583859086036682e-02
-2.279741019010543823e-01 8.580929785966873169e-02
1.515339314937591553e-01 4.773006588220596313e-02
1.937346607446670532e-01 -2.848813533782958984e-01
1.823584288358688354e-01 -1.101616621017456055e-01
-1.448254436254501343e-01 -2.227724064141511917e-03
1.803821884095668793e-02 2.047550166025757790e-03
1.050684321671724319e-02 2.915062010288238525e-01
7.778219878673553467e-03 3.623453527688980103e-02
-8.668214827775955200e-02 1.901678591966629028e-01
-7.025749981403350830e-02 7.674697041511535645e-02
-3.145975470542907715e-01 1.603042781352996826e-01
-1.707607358694076538e-01 8.065891265869140625e-02
1.549786627292633057e-01 -7.711092941462993622e-03
-1.342958807945251465e-01 1.686864495277404785e-01
3.016865551471710205e-01 -1.724143773317337036e-01
-2.206118404865264893e-02 1.526321172714233398e-01
1.286036074161529541e-01 -3.279908001422882080e-01
-1.287603974342346191e-01 8.408972620964050293e-02
-1.923684477806091309e-01 1.421225070953369141e-01
1.897366642951965332e-01 -1.157022491097450256e-01
-3.648892045021057129e-02 1.958432495594024658e-01
-3.327381238341331482e-02 -1.998087465763092041e-01
2.308239042758941650e-01 -3.665981069207191467e-02
1.819662153720855713e-01 -2.118026912212371826e-01
-2.273653000593185425e-01 1.108051612973213196e-01
8.023862540721893311e-02 7.152760773897171021e-02
2.993904650211334229e-01 -2.075575888156890869e-01
-1.643853634595870972e-01 2.035483270883560181e-01
1.036153212189674377e-01 -4.198337718844413757e-02
-1.465229690074920654e-01 4.029202461242675781e-02
-4.767208825796842575e-03 8.818997442722320557e-02
-1.451902091503143311e-01 5.486448854207992554e-02
8.249244838953018188e-02 -1.089940890669822693e-01
-2.370605245232582092e-02 -1.229976024478673935e-02
-2.130901515483856201e-01 1.582875698804855347e-01
-4.059581086039543152e-02 -9.098100662231445312e-02
2.626521289348602295e-01 -9.516328573226928711e-02
-3.965524956583976746e-02 2.918571047484874725e-02
1.234641820192337036e-01 -2.359624765813350677e-02
1.596370786428451538e-01 9.667255729436874390e-02
1.342740803956985474e-01 -2.454552799463272095e-01
-3.783984109759330750e-02 -1.070195585489273071e-01
-1.647847443819046021e-01 1.738536655902862549e-01
-1.687377924099564552e-03 -2.066201418638229370e-01
6.708249449729919434e-02 1.368063241243362427e-01
4.975837189704179764e-03 -1.302396804094314575e-01
1.843001842498779297e-01 -1.229139044880867004e-01
-2.125156074762344360e-01 3.028880357742309570e-01
1.233282312750816345e-01 1.194594707340002060e-02
2.393091470003128052e-01 -2.521747648715972900e-01
-1.911853998899459839e-02 -5.310463160276412964e-02
1.330219954252243042e-01 8.785209059715270996e-02
-4.814429208636283875e-02 -6.123934313654899597e-02
2.786829173564910889e-01 -1.655150204896926880e-01
7.096246629953384399e-02 -3.997332230210304260e-02
8.544594794511795044e-02 1.366147492080926895e-02
2.327975071966648102e-02 -2.334107756614685059e-01
2.470132708549499512e-02 -6.064332276582717896e-02
6.630522757768630981e-02 -1.333049088716506958e-01
8.940568566322326660e-02 -8.869653195142745972e-02
4.264741018414497375e-02 -1.265855133533477783e-01
2.490516752004623413e-02 3.408097103238105774e-02
-4.732817469630390406e-04 -5.899218842387199402e-03
1.039358153939247131e-01 -2.502519488334655762e-01
-1.394713371992111206e-01 1.215419396758079529e-01
-8.005733788013458252e-02 1.739531010389328003e-01
-5.254889279603958130e-02 -1.076168492436408997e-01
6.819598376750946045e-02 -1.648298949003219604e-01
-2.949043363332748413e-02 -8.096218854188919067e-02
-1.563507394166663289e-04 5.207439884543418884e-02
-1.258111745119094849e-01 1.966372877359390259e-01
-2.149774432182312012e-01 -5.669017508625984192e-02
-1.808756776154041290e-02 -3.201442584395408630e-02
-1.060242727398872375e-01 9.973817318677902222e-02
-1.721795797348022461e-01 1.760538518428802490e-01
2.912382483482360840e-01 -8.267462998628616333e-02
1.404661536216735840e-01 -4.288804903626441956e-02
-2.966103889048099518e-02 8.727740496397018433e-02
-1.770629733800888062e-01 2.679711580276489258e-01
3.032563626766204834e-02 -1.015860289335250854e-01
4.617249220609664917e-02 -5.771140009164810181e-02
7.603935152292251587e-02 1.035194993019104004e-01
-1.492560803890228271e-01 7.520799408666789532e-04
1.715274751186370850e-01 -8.369713276624679565e-02
1.437688060104846954e-02 -1.052471473813056946e-01
-8.516281843185424805e-02 2.118453532457351685e-01
1.045936495065689087e-01 -2.299651652574539185e-01
2.038455456495285034e-01 -1.576545983552932739e-01
1.124557182192802429e-01 -1.753934025764465332e-01
8.222418278455734253e-02 -2.627839148044586182e-01
2.881648205220699310e-02 3.372392430901527405e-02
7.803481817245483398e-02 4.205131530761718750e-02
4.401602596044540405e-02 4.453378915786743164e-02
8.946062624454498291e-02 -2.468246072530746460e-01
1.789812743663787842e-01 -8.771472424268722534e-02
-8.450283855199813843e-02 1.987737119197845459e-01
-4.954539611935615540e-02 -9.984809905290603638e-02
2.571925893425941467e-02 -1.036366596817970276e-01
-5.375068634748458862e-03 2.189623191952705383e-02
-1.146321836858987808e-02 8.548660576343536377e-02
-1.431316435337066650e-01 3.471291810274124146e-02
-6.342204660177230835e-02 2.326736450195312500e-01
6.712444126605987549e-02 -2.049540430307388306e-01
6.674783676862716675e-02 -7.935238629579544067e-02
1.962256580591201782e-01 -1.162991821765899658e-01
-1.933106184005737305e-01 3.499922156333923340e-02
1.195300295948982239e-01 2.517367014661431313e-03
-2.223346531391143799e-01 4.622573498636484146e-03
6.387080252170562744e-02 1.001142114400863647e-01
-2.569004707038402557e-02 -8.859759569168090820e-02
3.844671696424484253e-02 7.375412434339523315e-02
2.957796119153499603e-02 5.278889834880828857e-02
9.792116284370422363e-02 -5.395380407571792603e-02
-5.817463621497154236e-03 3.506847470998764038e-02
4.080680012702941895e-02 1.683749258518218994e-01
7.721016556024551392e-02 -1.017214134335517883e-01
-1.265628933906555176e-01 -5.480033531785011292e-02
1.570066660642623901e-01 -1.680180430412292480e-01
-8.400552719831466675e-02 3.537256643176078796e-02
-1.113957092165946960e-01 -1.416385024785995483e-01
1.698699742555618286e-01 -1.649730056524276733e-01
-1.634758338332176208e-02 4.148953035473823547e-02
-2.144200913608074188e-02 -1.353058665990829468e-01
-1.967800408601760864e-01 4.114492610096931458e-02
-7.083211094141006470e-02 -2.018101513385772705e-02
4.281039908528327942e-02 -1.517840474843978882e-01
-1.038399711251258850e-01 -2.452731877565383911e-02
-3.616730868816375732e-02 -2.865244448184967041e-02
1.908668726682662964e-01 -1.439865827560424805e-01
-1.753912190906703472e-03 1.973819434642791748e-01
5.433528125286102295e-02 -9.916538372635841370e-03
4.258162528276443481e-02 -4.054951481521129608e-03
9.570450335741043091e-02 -3.568465262651443481e-02
-1.592718362808227539e-01 2.150399982929229736e-01
-1.406950317323207855e-02 1.098613217473030090e-01
-2.578159868717193604e-01 1.497265845537185669e-01
2.970555052161216736e-02 -3.410436585545539856e-02
1.497469097375869751e-01 -9.125364571809768677e-02
2.704297006130218506e-02 1.247847005724906921e-01
2.898883223533630371e-01 -2.120888382196426392e-01
1.724872551858425140e-02 -1.309389173984527588e-01
-9.211104363203048706e-02 1.536550521850585938e-01
-3.062488324940204620e-02 -2.997828833758831024e-02
7.793655246496200562e-02 -4.174948483705520630e-02
1.482734829187393188e-01 -1.092204451560974121e-01
-4.351376742124557495e-02 -9.141857177019119263e-02
-3.520433604717254639e-01 -6.442006211727857590e-03
1.991863101720809937e-01 -2.656151354312896729e-01
1.971016675233840942e-01 3.294239565730094910e-02
-2.689016982913017273e-02 3.763310238718986511e-02
-3.560405969619750977e-02 6.995438039302825928e-02
8.894379436969757080e-02 7.580025494098663330e-02
1.466399729251861572e-01 -1.982033103704452515e-01
4.540733993053436279e-02 -6.553975492715835571e-02
-4.112584143877029419e-02 1.945927888154983521e-01
-2.310879155993461609e-02 -1.632262766361236572e-01
3.916120156645774841e-03 5.341548845171928406e-02
-8.484514802694320679e-02 -4.818284884095191956e-02
1.093499436974525452e-01 -2.182853780686855316e-02
