8.202940225601196289e-02 -2.003619521856307983e-01
-1.602370887994766235e-01 1.733987033367156982e-01
-2.474789172410964966e-01 2.180355638265609741e-01
-3.316928818821907043e-02 1.806618273258209229e-01
1.606714278459548950e-01 -1.002418547868728638e-01
5.499345809221267700e-02 -1.657785177230834961e-01
-2.463548779487609863e-01 1.205858662724494934e-01
1.055750176310539246e-01 -3.072091639041900635e-01
-5.711252987384796143e-02 9.322275221347808838e-02
-1.475012302398681641e-01 1.517321169376373291e-01
4.516414552927017212e-02 -4.696857556700706482e-02
6.018464639782905579e-02 -1.296364367008209229e-01
2.059166878461837769e-01 -6.723176687955856323e-02
1.207514777779579163e-01 -1.402442306280136108e-01
-1.175469681620597839e-01 3.124773502349853516e-02
1.769298613071441650e-01 -1.150081753730773926e-01
-1.741621196269989014e-01 9.208194166421890259e-02
1.954025626182556152e-01 -2.114580422639846802e-01
6.577332317829132080e-02 -8.619970828294754028e-02
-5.405686050653457642e-02 8.159372210502624512e-02
-1.282347086817026138e-02 -7.384694367647171021e-02
7.411956042051315308e-02 4.705241695046424866e-02
1.069968715310096741e-01 1.962673105299472809e-02
2.696506679058074951e-01 -3.784896135330200195e-01
1.646215170621871948e-01 -9.412541240453720093e-02
-1.269101947546005249e-01 -2.112400345504283905e-02
3.186909109354019165e-02 3.497759252786636353e-02
-1.825425028800964355e-02 9.468870609998703003e-02
1.266704350709915161e-01 2.456131204962730408e-02
-2.418902665376663208e-01 5.937996134161949158e-02
6.370697170495986938e-02 -4.032248631119728088e-02
8.455779403448104858e-02 -3.160822689533233643e-01
-5.382251739501953125e-02 3.283740878105163574e-01
-2.308364212512969971e-01 1.017000451683998108e-01
8.036449551582336426e-03 -1.509709358215332031e-01
-1.235314980149269104e-01 -1.352352648973464966e-02
-1.662570983171463013e-01 4.372383281588554382e-02
3.238768875598907471e-01 -2.197353392839431763e-01
5.635531619191169739e-02 -1.905002146959304810e-01
8.532283455133438110e-02 -1.937290728092193604e-01
-1.633481532335281372e-01 9.579640626907348633e-02
1.138593442738056183e-02 -1.326296478509902954e-01
-2.016738653182983398e-01 8.834501355886459351e-02
1.142167821526527405e-01 -2.207361906766891479e-01
-8.618980646133422852e-02 3.104203045368194580e-01
-2.273886799812316895e-01 9.460787475109100342e-02
-5.671720579266548157e-02 -1.649293303489685059e-01
1.036003306508064270e-01 -1.059953495860099792e-01
-1.434562820941209793e-02 -5.767584219574928284e-02
-9.420762211084365845e-02 3.702238947153091431e-02
-2.627729475498199463e-01 1.779913455247879028e-01
-2.768206894397735596e-01 3.320125639438629150e-01
-5.551115050911903381e-02 1.102199628949165344e-01
2.770850202068686485e-03 -1.134011670947074890e-01
1.069584786891937256e-01 -1.604070067405700684e-01
1.987438797950744629e-01 -1.578116416931152344e-01
7.839636504650115967e-02 -1.428682655096054077e-01
7.052724808454513550e-02 -2.002602443099021912e-02
-2.087266743183135986e-01 1.800165027379989624e-01
1.604970693588256836e-01 -9.019733965396881104e-02
1.081705987453460693e-01 -2.424713671207427979e-01
-1.307599544525146484e-01 1.448627859354019165e-01
-4.829114302992820740e-02 -2.778434157371520996e-01
-1.142065674066543579e-01 2.382315248250961304e-01
2.204526513814926147e-01 -1.484220623970031738e-01
1.417319327592849731e-01 -1.596377696841955185e-03
1.469878256320953369e-01 -2.616191804409027100e-01
-2.834114804863929749e-02 1.137183010578155518e-01
2.348638325929641724e-01 -9.550053626298904419e-02
-8.482170850038528442e-02 8.940891176462173462e-02
-5.841640010476112366e-02 7.157695293426513672e-02
4.568734392523765564e-02 -1.069970130920410156e-01
-3.323544859886169434e-01 2.020686715841293335e-01
-1.404169052839279175e-01 1.596347242593765259e-01
2.298558056354522705e-01 -2.104961872100830078e-02
1.126247122883796692e-01 -2.179281711578369141e-01
1.698225736618041992e-01 -1.325581967830657959e-01
1.787150055170059204e-01 -1.148053333163261414e-01
-1.491792500019073486e-01 1.271100491285324097e-01
2.233436405658721924e-01 -7.468980550765991211e-02
-1.403377354145050049e-01 2.801262438297271729e-01
1.296055018901824951e-01 -1.008979883044958115e-02
3.268745914101600647e-02 -1.969424635171890259e-01
2.382613569498062134e-01 -2.524364888668060303e-01
1.650507748126983643e-01 -6.785970181226730347e-03
-3.672858327627182007e-02 8.411221206188201904e-02
-5.362485349178314209e-02 2.345938831567764282e-01
2.887478657066822052e-02 -1.259530633687973022e-01
-2.444000989198684692e-01 1.401616483926773071e-01
-3.193398239091038704e-03 7.239456474781036377e-02
-2.922314107418060303e-01 3.487005829811096191e-01
7.106172386556863785e-03 -8.359920978546142578e-02
-1.457135379314422607e-01 1.201198175549507141e-01
-1.712588220834732056e-01 1.723031699657440186e-01
-1.075752004981040955e-01 4.152147448621690273e-04
-2.343558371067047119e-01 3.564691841602325439e-01
-1.485770046710968018e-01 1.654465347528457642e-01
3.798332065343856812e-02 -2.805622816085815430e-01
2.224230021238327026e-01 -3.345701470971107483e-02
-2.143090367317199707e-01 1.238514482975006104e-01
-2.799144089221954346e-01 3.589914739131927490e-01
2.447460591793060303e-01 -3.269496560096740723e-01
3.441404551267623901e-02 -1.204037442803382874e-01
8.109696954488754272e-02 -2.047559916973114014e-01
1.211613416671752930e-01 -8.651845157146453857e-02
-1.382011640816926956e-02 -2.524147555232048035e-02
-1.913216412067413330e-01 2.739762663841247559e-01
1.566079109907150269e-01 -1.915659606456756592e-01
-1.993910074234008789e-01 2.651436924934387207e-01
2.026598006486892700e-01 -1.285723447799682617e-01
1.300941407680511475e-01 -7.357402890920639038e-02
-6.767470389604568481e-02 -9.891613572835922241e-02
4.147424548864364624e-02 -1.643457263708114624e-01
-1.997118592262268066e-01 2.177560776472091675e-01
-2.740737199783325195e-01 2.501974403858184814e-01
1.431777048856019974e-02 -1.296285092830657959e-01
-1.419957727193832397e-01 1.467689126729965210e-01
1.276331990957260132e-01 -1.081231683492660522e-01
6.767099350690841675e-02 -1.394041627645492554e-01
-4.280439019203186035e-02 1.725620329380035400e-01
-3.470506519079208374e-02 2.830372154712677002e-01
1.239684969186782837e-01 -1.902712285518646240e-01
1.411900855600833893e-02 6.643593311309814453e-02
2.324479818344116211e-01 -1.748641580343246460e-01
1.570061296224594116e-01 -1.897229626774787903e-02
-1.671763211488723755e-01 2.237220555543899536e-01
1.013408526778221130e-01 -1.728638410568237305e-01
-2.715968787670135498e-01 2.019759565591812134e-01
2.587253153324127197e-01 -1.344332396984100342e-01
-7.887982577085494995e-02 1.052112206816673279e-01
1.782643795013427734e-01 -2.161435186862945557e-01
-1.187335420399904251e-02 -5.995680391788482666e-02
4.663065820932388306e-02 9.245424717664718628e-02
1.300804018974304199e-01 -5.126428604125976562e-02
-1.808893084526062012e-01 3.409378230571746826e-01
3.058840930461883545e-01 -1.302314698696136475e-01
-9.172809869050979614e-02 1.913891434669494629e-01
1.232534646987915039e-01 2.063092216849327087e-02
3.771403431892395020e-02 -1.450968533754348755e-01
-7.687091827392578125e-02 8.982967585325241089e-02
9.444719552993774414e-02 -2.463459074497222900e-01
-4.751874879002571106e-02 1.240779981017112732e-01
-2.079899422824382782e-03 -1.212953776121139526e-01
2.048071026802062988e-01 -1.905467957258224487e-01
-1.607647538185119629e-01 7.478950172662734985e-02
-1.193588748574256897e-01 -4.006605595350265503e-02
-2.749378383159637451e-01 1.886637508869171143e-01
6.745333224534988403e-02 -3.218540251255035400e-01
7.170580327510833740e-02 -6.347170472145080566e-02
-1.374078691005706787e-01 1.267804503440856934e-01
-3.465771209448575974e-03 2.271384298801422119e-01
1.315332949161529541e-01 -2.249324619770050049e-01
-1.131510138511657715e-01 9.035868197679519653e-02
1.543862819671630859e-01 -1.283422410488128662e-01
-2.429016977548599243e-01 8.152589946985244751e-02
-8.653903007507324219e-02 1.130426004528999329e-01
-2.784634530544281006e-01 2.310756444931030273e-01
-2.588939480483531952e-02 2.186979502439498901e-01
-2.495586574077606201e-01 -3.883393108844757080e-02
-1.514143049716949463e-01 1.809581369161605835e-01
-3.021163642406463623e-01 6.225494202226400375e-03
9.492826461791992188e-02 1.030890271067619324e-01
-1.908491104841232300e-01 2.065156996250152588e-01
-3.141027092933654785e-01 3.117696344852447510e-01
8.356573432683944702e-02 9.355393797159194946e-02
1.153121516108512878e-01 -3.021119236946105957e-01
1.932726502418518066e-01 1.419083494693040848e-02
6.919136643409729004e-02 9.535162150859832764e-02
-1.160735040903091431e-01 1.274336874485015869e-01
1.500900983810424805e-01 -3.603475913405418396e-02
-1.329728215932846069e-01 2.553796023130416870e-02
1.035109255462884903e-02 -2.447606623172760010e-02
-2.575496584177017212e-02 1.373546421527862549e-01
4.761670529842376709e-02 -2.381115108728408813e-01
2.239103615283966064e-01 -1.817080676555633545e-01
3.020814955234527588e-01 -1.833828389644622803e-01
-2.663958072662353516e-01 1.185744535177946091e-02
-1.484774798154830933e-01 2.447380274534225464e-01
-1.181159839034080505e-01 1.009426116943359375e-01
1.261132508516311646e-01 -9.229986369609832764e-02
1.109452694654464722e-01 -3.055838122963905334e-02
6.510236114263534546e-02 -2.623225450515747070e-01
1.122230365872383118e-01 3.686936199665069580e-02
-1.803378909826278687e-01 1.170701235532760620e-01
7.216818630695343018e-02 -2.627169787883758545e-01
1.271052956581115723e-01 -2.084693610668182373e-01
-2.557408809661865234e-01 -4.251561686396598816e-02
-2.743080724030733109e-03 -1.604529470205307007e-01
-7.670974731445312500e-02 2.588384747505187988e-01
-5.514178890734910965e-03 8.356221020221710205e-02
1.645847409963607788e-01 -3.545324876904487610e-02
9.640832990407943726e-02 -3.572110086679458618e-02
1.353924721479415894e-01 -5.723254382610321045e-02
-8.265190571546554565e-02 -4.996721446514129639e-02
-4.409131035208702087e-02 -1.742227375507354736e-01
2.133135683834552765e-02 -8.331631124019622803e-02
8.745408058166503906e-02 4.873204603791236877e-02
6.180626153945922852e-02 1.839222311973571777e-01
1.525036692619323730e-01 -2.971933595836162567e-02
-1.076580360531806946e-01 9.116180986166000366e-02
-2.118336260318756104e-01 1.923870891332626343e-01
8.186737447977066040e-02 9.316712617874145508e-03
5.371747165918350220e-02 -1.142822578549385071e-01
-3.060501813888549805e-02 -9.155821800231933594e-02
-4.436038434505462646e-02 -8.076423406600952148e-02
1.081507932394742966e-02 -6.284130364656448364e-02
-1.514140050858259201e-02 3.807070851325988770e-02
1.065927594900131226e-01 1.483887154608964920e-02
-2.727174945175647736e-02 1.015327498316764832e-01
-1.822961568832397461e-01 1.901066601276397705e-01
-1.737763173878192902e-02 1.364770531654357910e-01
-2.252611815929412842e-01 4.965031519532203674e-02
-5.856912583112716675e-02 -5.648922547698020935e-02
9.105588495731353760e-02 2.920611947774887085e-02
1.257772594690322876e-01 -6.589270383119583130e-02
1.482633799314498901e-01 -9.244684129953384399e-02
-1.123931556940078735e-01 -1.931329071521759033e-02
1.003421172499656677e-01 -1.514759659767150879e-01
-4.071799293160438538e-02 6.746018677949905396e-02
4.207643680274486542e-03 2.045705914497375488e-02
-1.857318580150604248e-01 8.877092599868774414e-02
-1.307379007339477539e-01 -5.459696054458618164e-02
1.168940737843513489e-01 -7.919566333293914795e-02
-2.055801004171371460e-01 4.178320616483688354e-02
-1.030071973800659180e-01 1.340772211551666260e-01
-2.688455581665039062e-01 7.940360903739929199e-02
1.926115830428898335e-03 -9.988874942064285278e-02
-1.335984617471694946e-01 -4.943687934428453445e-03
-1.262138336896896362e-01 6.010270118713378906e-02
1.617695540189743042e-01 -1.971359401941299438e-01
-1.477601975202560425e-01 2.692523896694183350e-01
1.246905177831649780e-01 -7.967163622379302979e-02
2.366293072700500488e-01 -1.412038356065750122e-01
-1.155617758631706238e-01 2.261030524969100952e-01
-6.856156885623931885e-02 3.210785984992980957e-02
-1.691215857863426208e-02 2.313203923404216766e-02
1.846321672201156616e-01 -1.061336100101470947e-01
-1.432266384363174438e-01 1.395987719297409058e-01
2.517972588539123535e-01 -1.934155374765396118e-01
-3.013673797249794006e-02 6.742743775248527527e-03
1.861418783664703369e-01 1.537818927317857742e-02
-3.374150022864341736e-02 -1.122826058417558670e-02
-8.064908534288406372e-02 5.147707462310791016e-02
-1.890758872032165527e-01 7.246043533086776733e-02
-1.385179460048675537e-01 1.539875268936157227e-01
8.940412849187850952e-02 -1.515308171510696411e-01
1.470429301261901855e-01 -6.464708596467971802e-02
1.643725931644439697e-01 -2.042183876037597656e-01
1.371524035930633545e-01 -1.748447269201278687e-01
-5.160534754395484924e-02 -1.342459321022033691e-01
-2.780841588973999023e-01 1.150971651077270508e-01
1.260093152523040771e-01 -1.153594478964805603e-01
-1.395603567361831665e-01 -6.093906611204147339e-02
-6.599413603544235229e-02 2.348630316555500031e-02
1.246333569288253784e-01 -1.931076645851135254e-01
-7.752961665391921997e-02 1.812877804040908813e-01
