2.446649363264441490e-03 -8.526746928691864014e-02
1.792524605989456177e-01 -5.402633175253868103e-02
-3.521391004323959351e-02 -2.440467663109302521e-02
-2.005931138992309570e-01 1.456046551465988159e-01
1.449465006589889526e-01 -5.047778785228729248e-02
-1.024631932377815247e-01 2.518794238567352295e-01
1.056349724531173706e-01 -1.356919556856155396e-01
-7.469490915536880493e-02 2.827146947383880615e-01
1.663018167018890381e-01 -1.560817956924438477e-01
2.413622476160526276e-02 -1.619347184896469116e-01
-1.520738899707794189e-01 1.699859350919723511e-01
-2.242334485054016113e-01 6.055747717618942261e-02
-1.877958327531814575e-01 2.342595010995864868e-01
9.413541294634342194e-03 1.738142073154449463e-01
-1.078338101506233215e-01 2.601097151637077332e-02
8.161938935518264771e-02 -7.003173977136611938e-02
-1.515671014785766602e-01 1.264097227249294519e-04
-1.583464257419109344e-02 8.943790569901466370e-03
8.319943398237228394e-02 9.719882160425186157e-02
1.381311118602752686e-01 -2.344458736479282379e-02
6.626687198877334595e-02 1.343795061111450195e-01
2.044632136821746826e-01 -6.792074441909790039e-02
2.314119786024093628e-02 8.789996802806854248e-02
2.070012837648391724e-01 -2.696760371327400208e-02
-3.178716599941253662e-01 4.247896373271942139e-02
-1.445155441761016846e-01 -1.803473383188247681e-01
1.313184294849634171e-02 4.173191264271736145e-02
-1.880208030343055725e-02 4.592174664139747620e-02
2.219319492578506470e-01 9.835281968116760254e-02
3.763952851295471191e-02 -1.061790958046913147e-01
1.092462986707687378e-01 -1.348897665739059448e-01
1.465973407030105591e-01 -1.999774249270558357e-03
1.344084888696670532e-01 9.519991464912891388e-03
-1.249617189168930054e-01 1.133298352360725403e-01
-8.087118715047836304e-02 1.554065048694610596e-01
-1.582923233509063721e-01 4.215382412075996399e-02
1.292907893657684326e-01 -1.638252139091491699e-01
2.020470611751079559e-02 4.860054329037666321e-02
-3.777063265442848206e-02 1.356118470430374146e-01
2.813301049172878265e-02 1.033660173416137695e-01
-6.859775632619857788e-02 -3.392570419237017632e-03
8.560778945684432983e-02 -7.154875248670578003e-02
-5.972912535071372986e-02 6.280452013015747070e-02
1.331263631582260132e-01 -1.658381223678588867e-01
-2.758598625659942627e-01 1.213110685348510742e-01
2.056943476200103760e-01 -1.811905652284622192e-01
1.438137739896774292e-01 -1.399165093898773193e-01
1.968250870704650879e-01 -2.447340935468673706e-01
8.451399207115173340e-02 -7.026730477809906006e-02
-6.818387657403945923e-02 4.657556116580963135e-02
-9.887852706015110016e-03 -1.769111678004264832e-02
1.332993358373641968e-01 -1.724979281425476074e-01
9.831810742616653442e-02 -7.317037880420684814e-02
-1.753803789615631104e-01 2.700712084770202637e-01
-5.590641126036643982e-02 -1.970316767692565918e-01
-9.187696874141693115e-02 2.101288586854934692e-01
1.134579302743077278e-03 1.894674822688102722e-02
1.645836234092712402e-01 -8.910775929689407349e-02
-1.629928010515868664e-03 2.796457149088382721e-03
-1.069247052073478699e-01 2.124930769205093384e-01
3.547181561589241028e-02 -1.019592881202697754e-01
2.025674730539321899e-01 -2.421160787343978882e-01
1.225271895527839661e-01 -2.791841141879558563e-02
3.353676944971084595e-02 -1.564468741416931152e-01
-3.397739827632904053e-01 2.740578949451446533e-01
-1.929588168859481812e-01 2.429347783327102661e-01
-1.732576191425323486e-01 3.862010240554809570e-01
6.030524522066116333e-02 1.296789757907390594e-02
3.320461511611938477e-01 -2.160678058862686157e-01
-3.322153985500335693e-01 3.716937303543090820e-01
2.676254808902740479e-01 -2.699241936206817627e-01
-2.270907610654830933e-01 3.272855281829833984e-01
3.325359225273132324e-01 -2.788811028003692627e-01
1.903360188007354736e-01 -2.823063433170318604e-01
-2.320312410593032837e-01 3.144973814487457275e-01
-3.830266296863555908e-01 2.998597025871276855e-01
8.116483688354492188e-02 1.648627407848834991e-02
3.554975986480712891e-02 -2.285387367010116577e-01
-1.989669054746627808e-01 2.333886027336120605e-01
3.554818406701087952e-02 1.258710175752639771e-01
-1.647789776325225830e-01 3.774745166301727295e-01
-2.272358536720275879e-01 3.358426392078399658e-01
-1.962187699973583221e-02 -9.545437991619110107e-02
3.300166428089141846e-01 -3.014651238918304443e-01
-1.441053301095962524e-01 3.525214493274688721e-01
1.284622251987457275e-01 5.096865445375442505e-02
2.118863165378570557e-01 -2.015115767717361450e-01
1.460502892732620239e-01 -4.776208847761154175e-02
-1.864884942770004272e-01 1.611536443233489990e-01
2.773174345493316650e-01 -3.519561886787414551e-01
3.519706130027770996e-01 -3.034349977970123291e-01
1.994695663452148438e-01 -5.818813294172286987e-02
-7.051236927509307861e-02 5.354385077953338623e-02
-2.599585652351379395e-01 3.226788043975830078e-01
2.403022199869155884e-01 -3.077270090579986572e-01
1.442026942968368530e-01 -2.139877527952194214e-02
-2.244459092617034912e-01 -5.595330521464347839e-02
-8.388002216815948486e-02 2.246233075857162476e-02
-8.794263750314712524e-02 1.634082794189453125e-01
-1.366721987724304199e-01 -1.062881574034690857e-01
-2.692309916019439697e-01 2.784243822097778320e-01
1.300124824047088623e-01 -1.828795373439788818e-01
-1.076425239443778992e-01 1.732065714895725250e-02
-2.964431047439575195e-02 1.502649188041687012e-01
3.457187116146087646e-01 -2.964850664138793945e-01
1.428206712007522583e-01 -4.292126744985580444e-02
-2.135337889194488525e-01 3.234313428401947021e-01
1.623941957950592041e-01 -2.387782782316207886e-01
-3.852805867791175842e-02 7.114443928003311157e-02
3.950624763965606689e-01 -2.164636701345443726e-01
-2.383997440338134766e-01 1.355120837688446045e-01
2.881329879164695740e-02 1.113434359431266785e-01
-1.607936769723892212e-01 7.597917318344116211e-02
3.614698946475982666e-01 -2.395685315132141113e-01
1.504446268081665039e-01 -1.404606252908706665e-01
8.030738681554794312e-02 -3.368110954761505127e-02
3.491695225238800049e-01 -2.474484443664550781e-01
-6.741376221179962158e-02 -9.096106141805648804e-02
2.476108372211456299e-01 -1.602890640497207642e-01
-1.916414946317672729e-01 1.743818521499633789e-01
-2.973339557647705078e-01 2.971299886703491211e-01
-1.114228665828704834e-01 1.361923962831497192e-01
3.126801252365112305e-01 -1.472491919994354248e-01
1.821423880755901337e-02 -7.102375477552413940e-02
2.160570025444030762e-01 -2.292297631502151489e-01
1.629853248596191406e-01 -1.166278645396232605e-01
-3.168032690882682800e-02 1.476746946573257446e-01
2.365095913410186768e-01 -3.012779653072357178e-01
-1.602431237697601318e-01 3.987741172313690186e-01
1.856106892228126526e-02 -1.368810385465621948e-01
2.143650650978088379e-01 -9.237091988325119019e-02
1.296772211790084839e-01 -5.196953425183892250e-04
2.055398821830749512e-01 -7.485738396644592285e-02
-3.388643562793731689e-01 3.668475449085235596e-01
-9.796497970819473267e-02 2.040174752473831177e-01
1.714345216751098633e-01 -3.686433732509613037e-01
3.242878019809722900e-01 -2.201143950223922729e-01
-2.696547210216522217e-01 2.851148843765258789e-01
1.181353628635406494e-01 -2.322771586477756500e-03
-2.933835089206695557e-01 2.900345623493194580e-01
-1.843379884958267212e-01 1.202201396226882935e-01
-8.457884192466735840e-02 1.173314824700355530e-02
3.849214117508381605e-04 1.065794974565505981e-01
-1.625818461179733276e-01 7.387907058000564575e-02
-1.723969578742980957e-01 2.019364759325981140e-02
-2.074018493294715881e-02 1.915766149759292603e-01
-4.244132898747920990e-03 7.512330263853073120e-02
3.688991963863372803e-01 -2.568584084510803223e-01
-1.687571257352828979e-01 3.144379854202270508e-01
3.115137293934822083e-02 -5.267576873302459717e-02
3.214062750339508057e-01 -1.458723247051239014e-01
-1.345060020685195923e-01 2.970578372478485107e-01
-6.152130290865898132e-02 1.997530907392501831e-01
-2.081995904445648193e-01 4.131489247083663940e-02
1.827163994312286377e-02 -7.057391107082366943e-02
-8.115132898092269897e-02 1.642068624496459961e-01
4.075111150741577148e-01 -7.611502707004547119e-02
-2.449209690093994141e-01 2.696275115013122559e-01
7.675509434193372726e-03 -3.068142198026180267e-02
1.506879329681396484e-01 -4.683442041277885437e-02
3.919642269611358643e-01 -1.311439126729965210e-01
2.802915871143341064e-01 -2.199456542730331421e-01
5.492821335792541504e-02 5.243095010519027710e-02
3.325229883193969727e-01 -1.893610060214996338e-01
-1.944452337920665741e-02 2.880991697311401367e-01
-5.356743931770324707e-02 2.247097045183181763e-01
-1.032901629805564880e-01 1.534581035375595093e-01
-6.589621305465698242e-02 -1.497523486614227295e-01
1.862597465515136719e-01 -1.313244849443435669e-01
1.378466188907623291e-01 -1.804752498865127563e-01
7.512047886848449707e-02 -4.452936723828315735e-02
2.738635838031768799e-01 -3.823893964290618896e-01
-2.823589928448200226e-02 2.582543790340423584e-01
4.006371796131134033e-01 -3.445644676685333252e-01
-5.412430688738822937e-02 5.460742861032485962e-02
-1.932952105998992920e-01 5.191980302333831787e-02
-8.617410063743591309e-02 7.847805321216583252e-02
1.630316972732543945e-01 -3.277107179164886475e-01
2.808737754821777344e-01 -2.259154021739959717e-01
-4.145551323890686035e-01 2.386108934879302979e-01
1.274417489767074585e-01 -5.584642291069030762e-02
1.293979287147521973e-01 9.308104403316974640e-03
-1.779556870460510254e-01 1.052301228046417236e-01
-3.187350332736968994e-01 1.407296359539031982e-01
2.641063928604125977e-01 -9.296105802059173584e-02
1.871308684349060059e-01 -3.135797977447509766e-01
1.276799738407135010e-01 -5.235925316810607910e-02
-6.868804804980754852e-03 2.586282230913639069e-02
2.218099087476730347e-01 -2.320218980312347412e-01
-1.335029602050781250e-01 1.282119601964950562e-01
1.760029345750808716e-01 -2.854231894016265869e-01
2.188943475484848022e-01 -7.631221413612365723e-02
-1.333850920200347900e-01 2.737507522106170654e-01
7.760326564311981201e-02 -1.847469955682754517e-01
2.880918234586715698e-02 -2.066069282591342926e-02
-2.491762638092041016e-01 3.062692880630493164e-01
-6.556396186351776123e-02 2.697835490107536316e-02
1.591523438692092896e-01 -7.665178179740905762e-02
-4.870528355240821838e-02 -1.282324343919754028e-01
3.556866943836212158e-01 -2.020158916711807251e-01
9.768353402614593506e-02 -9.267959743738174438e-03
2.057221978902816772e-01 -6.975070387125015259e-02
-1.102014556527137756e-01 7.407297194004058838e-02
1.199337616562843323e-01 -5.955443531274795532e-02
7.460901141166687012e-02 -1.913642734289169312e-01
-1.046609431505203247e-01 -4.167778789997100830e-02
-6.276834011077880859e-02 -3.391908854246139526e-02
-2.672865241765975952e-02 -1.037476584315299988e-01
1.091248914599418640e-01 -7.565339654684066772e-02
1.133770644664764404e-01 -1.861987411975860596e-01
-7.476352155208587646e-02 -2.192858606576919556e-01
-1.061051264405250549e-01 9.401286020874977112e-03
-1.532371193170547485e-01 6.221549957990646362e-02
-4.188349004834890366e-03 -1.368912458419799805e-01
4.842444136738777161e-02 2.506235837936401367e-01
-2.615021467208862305e-01 -2.912724576890468597e-02
-1.451606750488281250e-01 -1.313015818595886230e-01
3.805153071880340576e-02 3.619542112573981285e-03
-2.483600378036499023e-02 -7.780222594738006592e-02
3.523739427328109741e-02 3.736601397395133972e-02
1.056967601180076599e-01 -5.459841340780258179e-02
1.633476614952087402e-01 -2.313701063394546509e-02
-1.975493691861629486e-02 1.508835852146148682e-01
-7.194276899099349976e-02 1.346248388290405273e-01
1.192293390631675720e-01 1.094054244458675385e-02
-1.210332140326499939e-01 1.478571891784667969e-01
-1.851604431867599487e-01 9.546262025833129883e-02
-6.248985603451728821e-02 1.949104852974414825e-02
-2.219401895999908447e-01 9.134574979543685913e-02
-3.306750673800706863e-03 -2.103715538978576660e-01
4.342199303209781647e-03 -1.044716984033584595e-01
-8.737857639789581299e-02 1.380650699138641357e-01
2.065289169549942017e-01 -2.911015152931213379e-01
-5.126336216926574707e-02 -1.067298725247383118e-01
-2.788267657160758972e-02 -8.196166902780532837e-02
2.504054009914398193e-01 -1.436022222042083740e-01
-1.905143707990646362e-01 2.514486312866210938e-01
6.375377625226974487e-02 -1.278326474130153656e-02
-2.248982526361942291e-02 2.588411569595336914e-01
1.648291051387786865e-01 -1.276588439941406250e-01
-1.357148140668869019e-01 1.782615780830383301e-01
-3.815554827451705933e-02 3.222363442182540894e-02
7.290157675743103027e-02 -1.607660800218582153e-01
-1.152983531355857849e-01 1.987374573945999146e-01
-1.214892342686653137e-01 -4.856904596090316772e-02
9.098920226097106934e-02 -3.540856763720512390e-02
9.496170282363891602e-02 3.251854330301284790e-02
7.926112413406372070e-02 1.987376362085342407e-01
5.971019715070724487e-02 -1.082623600959777832e-01
-2.003788501024246216e-01 -5.112558230757713318e-02
3.995882347226142883e-02 -2.849642932415008545e-02
2.363424189388751984e-02 8.039801567792892456e-02
2.701870501041412354e-01 7.757940795272588730e-03
3.390766978263854980e-01 -1.177924126386642456e-01
-1.114955320954322815e-01 2.021667174994945526e-02
1.117636263370513916e-01 -1.553604844957590103e-02
