1.002814024686813354e-01 4.792338702827692032e-03
8.785814791917800903e-02 -1.110225841403007507e-01
-1.921887546777725220e-01 6.102399155497550964e-02
-6.965385377407073975e-02 -1.831902116537094116e-01
-8.312125504016876221e-02 -3.941332176327705383e-02
-7.889652997255325317e-02 -1.141991168260574341e-01
-1.455811709165573120e-01 3.724933043122291565e-02
-4.811774194240570068e-02 2.075613588094711304e-01
8.250645548105239868e-02 -1.120847389101982117e-01
1.910800635814666748e-01 3.710880130529403687e-02
2.107214331626892090e-01 -1.195313557982444763e-01
-4.013481363654136658e-02 -1.538051757961511612e-02
-6.169178336858749390e-02 5.688709765672683716e-02
8.291743695735931396e-02 4.828766360878944397e-02
-1.910297721624374390e-01 -8.719562552869319916e-03
3.191047906875610352e-02 -8.336998522281646729e-02
-3.870080783963203430e-02 -1.011766120791435242e-02
1.268629580736160278e-01 -7.621129602193832397e-02
1.032275557518005371e-01 -1.206137984991073608e-01
1.036832556128501892e-01 2.441747635602951050e-01
-9.140992164611816406e-02 3.222719207406044006e-02
1.434082388877868652e-01 -2.642469406127929688e-01
2.384231239557266235e-01 -3.115231394767761230e-01
9.105107188224792480e-02 -2.203132212162017822e-01
2.180067002773284912e-01 -9.894839674234390259e-02
-6.535475701093673706e-02 -1.544907223433256149e-02
3.194798529148101807e-02 -2.120179533958435059e-01
5.552258342504501343e-02 -2.018879055976867676e-01
8.702670037746429443e-02 -1.341331899166107178e-01
1.055764183402061462e-01 -9.058056026697158813e-02
4.813385382294654846e-02 -4.148015379905700684e-02
-2.005739212036132812e-01 1.434425860643386841e-01
1.989903151988983154e-01 -1.721932888031005859e-01
2.573385536670684814e-01 -8.027309179306030273e-02
-9.280934184789657593e-02 1.332674920558929443e-02
4.128135368227958679e-02 -4.358541592955589294e-02
-2.392193228006362915e-01 1.857531070709228516e-01
2.747154831886291504e-01 -1.288795471191406250e-01
-3.012669458985328674e-02 1.328867524862289429e-01
-1.270273923873901367e-01 1.121284216642379761e-01
-1.059025600552558899e-01 4.928553104400634766e-02
1.628440022468566895e-01 -8.314903825521469116e-02
-1.361659020185470581e-01 3.069606125354766846e-01
3.428737167268991470e-03 6.312817335128784180e-02
6.195746362209320068e-02 -4.248115718364715576e-01
5.863397195935249329e-02 1.606547683477401733e-01
-1.115387007594108582e-01 -1.350136399269104004e-01
6.235144287347793579e-02 8.661251515150070190e-03
3.045373596251010895e-02 -1.045306562446057796e-03
8.307662606239318848e-02 -1.655094027519226074e-01
3.851966261863708496e-01 -2.229718267917633057e-01
-3.177110254764556885e-01 2.487794011831283569e-01
1.599415205419063568e-02 -1.113940775394439697e-01
5.912844091653823853e-02 -1.460162103176116943e-01
-2.429988384246826172e-01 2.576236426830291748e-01
8.886595815420150757e-02 -3.221987783908843994e-01
-6.560435146093368530e-02 1.402587890625000000e-01
-5.923493579030036926e-02 2.147767320275306702e-02
-1.282622367143630981e-01 2.621956169605255127e-01
1.697806417942047119e-01 -3.669129312038421631e-02
-7.434511929750442505e-02 1.489267405122518539e-02
-1.911460161209106445e-01 1.064236983656883240e-01
2.711585350334644318e-02 -3.543605795130133629e-03
2.637954056262969971e-01 -2.493911981582641602e-01
2.003554403781890869e-01 -1.854711472988128662e-01
1.384690999984741211e-01 -4.587579891085624695e-02
-2.807920277118682861e-01 2.985888421535491943e-01
6.081119179725646973e-03 4.382772021926939487e-05
-5.090998113155364990e-02 -7.669855654239654541e-02
-4.561512470245361328e-01 2.671360969543457031e-01
1.168305948376655579e-01 -4.167527854442596436e-01
1.459154114127159119e-02 9.497447311878204346e-02
-1.213880106806755066e-01 -4.737189412117004395e-02
-1.643723696470260620e-01 2.326268702745437622e-01
-2.354134619235992432e-02 -4.877446964383125305e-02
-3.834824264049530029e-01 3.567469120025634766e-01
-2.737362496554851532e-02 1.165123730897903442e-01
-2.358456850051879883e-01 2.147297710180282593e-01
7.745964080095291138e-02 -1.288472414016723633e-01
3.948438465595245361e-01 -3.892845213413238525e-01
1.633705012500286102e-02 5.799412354826927185e-02
-2.115137428045272827e-01 1.810324043035507202e-01
3.075513839721679688e-01 -1.604034602642059326e-01
-1.762923493515700102e-04 -1.337493304163217545e-03
4.828827083110809326e-02 -1.380719095468521118e-01
-7.779502868652343750e-02 1.138800904154777527e-01
1.473649293184280396e-01 1.027751863002777100e-01
3.806633651256561279e-01 -4.394210875034332275e-01
-9.491120278835296631e-02 4.862783849239349365e-02
3.098448514938354492e-01 -1.761111766099929810e-01
1.576067656278610229e-01 -4.092615842819213867e-02
-1.181909721344709396e-02 5.795858800411224365e-02
1.554847806692123413e-01 -1.284025311470031738e-01
-1.629040539264678955e-01 1.555847078561782837e-01
9.834575466811656952e-04 6.275691837072372437e-02
-2.668324708938598633e-01 2.203381955623626709e-01
-5.327861756086349487e-02 -1.252889335155487061e-01
2.887189984321594238e-01 -1.767166256904602051e-01
2.517211139202117920e-01 -7.474418729543685913e-02
2.047410011291503906e-01 -1.767099946737289429e-01
-2.853833436965942383e-01 3.005663156509399414e-01
-2.732859253883361816e-01 3.750331103801727295e-01
-1.342151910066604614e-01 1.767030358314514160e-01
1.914429366588592529e-01 -3.881524875760078430e-02
-6.188819184899330139e-02 1.389780938625335693e-01
1.187196001410484314e-01 -1.880868375301361084e-01
3.990672528743743896e-02 3.516468033194541931e-02
4.073798656463623047e-02 8.280189707875251770e-03
2.407463490962982178e-01 -3.010069429874420166e-01
-7.785069942474365234e-02 9.952861815690994263e-02
8.658866584300994873e-02 -1.963187009096145630e-01
-2.002607285976409912e-01 2.752048373222351074e-01
-2.923974692821502686e-01 2.995305955410003662e-01
1.763193458318710327e-01 -3.215022683143615723e-01
-2.820769138634204865e-02 -1.418469846248626709e-01
5.181340873241424561e-02 8.615399710834026337e-03
-4.408532083034515381e-01 3.400943577289581299e-01
3.060753941535949707e-01 -1.755949407815933228e-01
-8.102542906999588013e-02 1.317728757858276367e-01
2.611222267150878906e-01 -7.064718008041381836e-02
-2.676111161708831787e-01 2.556600868701934814e-01
1.209978759288787842e-01 -1.944552212953567505e-01
1.564997434616088867e-01 -2.878497540950775146e-01
5.811203271150588989e-02 -1.005861163139343262e-01
1.406061053276062012e-01 8.076682686805725098e-02
-3.188865482807159424e-01 5.273771286010742188e-01
1.443401724100112915e-01 -9.327919222414493561e-03
3.121596015989780426e-02 -6.525002419948577881e-02
9.880695492029190063e-02 -2.617637813091278076e-01
1.012361049652099609e-02 3.697435930371284485e-02
-1.206371933221817017e-01 2.367195487022399902e-01
8.714675158262252808e-02 9.817752987146377563e-02
-4.716210812330245972e-02 1.218756362795829773e-01
-1.633814871311187744e-01 1.928247362375259399e-01
-1.413034051656723022e-01 2.459633946418762207e-01
1.295881122350692749e-01 -1.849423497915267944e-01
-2.489369213581085205e-01 2.262235581874847412e-01
2.071670442819595337e-01 -6.405997276306152344e-02
1.176931560039520264e-01 -2.533735334873199463e-01
9.945261478424072266e-02 -9.571093320846557617e-02
-1.121066808700561523e-01 2.622558772563934326e-01
-1.843486428260803223e-01 2.149600386619567871e-01
-1.845117807388305664e-01 2.048603445291519165e-01
3.982122540473937988e-01 -3.740673661231994629e-01
2.468019537627696991e-02 9.955386631190776825e-03
3.630854189395904541e-02 -2.427366822957992554e-01
1.059096008539199829e-01 2.010585516691207886e-01
-2.757551372051239014e-01 2.932848036289215088e-01
3.230377286672592163e-02 2.391017042100429535e-02
-1.563401222229003906e-01 -2.341002784669399261e-02
-1.036854386329650879e-01 -1.171182021498680115e-01
6.107746809720993042e-02 -2.035604417324066162e-01
-1.645141690969467163e-01 6.007698550820350647e-02
3.918225765228271484e-01 -4.281017482280731201e-01
-1.375617533922195435e-01 -1.135241314768791199e-01
-2.773131132125854492e-01 3.868597745895385742e-01
1.770453006029129028e-01 1.667669042944908142e-02
8.515895903110504150e-02 1.045045405626296997e-01
1.733433902263641357e-01 -1.261310279369354248e-01
2.130125164985656738e-01 -2.238434255123138428e-01
-7.667066156864166260e-02 3.033153899013996124e-02
5.041123032569885254e-01 -4.844237565994262695e-01
-2.333978861570358276e-01 4.716715961694717407e-02
-3.216553032398223877e-01 2.761300206184387207e-01
4.444238729774951935e-03 -1.770490407943725586e-01
1.525552123785018921e-01 -8.561579138040542603e-02
2.318891286849975586e-01 -1.664376407861709595e-01
1.791965365409851074e-01 -3.771294606849551201e-03
-1.700322180986404419e-01 2.155141383409500122e-01
1.123272180557250977e-01 -2.836870849132537842e-01
1.533709187060594559e-02 4.352908581495285034e-02
6.161052361130714417e-02 2.497393339872360229e-01
3.115902543067932129e-01 -1.838128119707107544e-01
-9.348675957880914211e-04 -3.405231609940528870e-02
-9.887574613094329834e-02 1.353530436754226685e-01
1.548836380243301392e-02 1.126673594117164612e-01
-1.854021251201629639e-01 -6.635949015617370605e-02
-7.417074870318174362e-03 2.284600771963596344e-02
3.434690237045288086e-01 -3.742141723632812500e-01
-3.041143901646137238e-02 -1.337886154651641846e-01
-2.040056735277175903e-01 2.920328974723815918e-01
3.041327595710754395e-01 -2.311532944440841675e-01
5.661313235759735107e-02 7.640925794839859009e-02
1.287665218114852905e-01 -6.645081192255020142e-02
-9.122077375650405884e-02 1.420165896415710449e-01
3.772451356053352356e-02 6.473764032125473022e-02
-2.055172026157379150e-01 1.499509215354919434e-01
1.321011781692504883e-01 -4.626952856779098511e-02
-3.409805893898010254e-01 1.644640862941741943e-01
-1.552325189113616943e-01 3.111532330513000488e-01
3.251588046550750732e-01 -3.516941666603088379e-01
3.504207730293273926e-01 -3.647940158843994141e-01
8.438797295093536377e-02 -2.426255047321319580e-01
-1.174346432089805603e-01 2.236614674329757690e-01
-1.192375198006629944e-01 1.636610627174377441e-01
1.633321344852447510e-01 -9.289764612913131714e-02
7.202289998531341553e-02 -1.407157182693481445e-01
3.942866995930671692e-02 1.209788769483566284e-01
-1.050769314169883728e-01 5.736348778009414673e-02
8.063523098826408386e-03 -4.424887523055076599e-02
1.492925435304641724e-01 6.181686185300350189e-03
-1.681845635175704956e-01 1.107427477836608887e-01
8.582142740488052368e-02 -3.450957685708999634e-02
-2.165995240211486816e-01 1.303520947694778442e-01
-2.108020633459091187e-01 1.223943158984184265e-01
1.186471283435821533e-01 2.320159785449504852e-02
-4.614074528217315674e-02 -2.153472900390625000e-01
6.541982293128967285e-02 -1.270348578691482544e-01
-1.861744225025177002e-01 -1.008095964789390564e-01
1.179707050323486328e-01 -1.085918843746185303e-01
-8.080863952636718750e-02 -6.449481006711721420e-03
-1.851511895656585693e-01 4.047146141529083252e-01
-2.044140398502349854e-01 1.689917445182800293e-01
-2.882103808224201202e-02 8.549001067876815796e-02
-4.906266555190086365e-02 -1.109692156314849854e-01
-1.347327232360839844e-01 8.627226203680038452e-02
-2.602353096008300781e-01 1.674052029848098755e-01
6.555886566638946533e-02 -1.888409256935119629e-01
-1.855333149433135986e-01 1.552101522684097290e-01
8.917260915040969849e-02 1.412615459412336349e-02
9.222069382667541504e-02 -1.999904215335845947e-01
2.321604341268539429e-01 -1.975243836641311646e-01
7.436814904212951660e-02 -2.861450240015983582e-02
8.670508861541748047e-02 2.184704095125198364e-01
7.148326933383941650e-02 3.036238066852092743e-02
1.320911794900894165e-01 -3.221187889575958252e-01
-7.844205945730209351e-03 -8.912833034992218018e-02
-1.849242746829986572e-01 1.446329653263092041e-01
-9.507922083139419556e-02 1.015970483422279358e-01
2.134497165679931641e-01 -2.448210716247558594e-01
2.281237244606018066e-01 -1.444861292839050293e-01
-1.059833690524101257e-01 7.358828186988830566e-02
1.018327176570892334e-01 -7.348808646202087402e-02
1.608063876628875732e-01 -6.313534826040267944e-02
8.735707402229309082e-02 -1.113315764814615250e-02
1.742839366197586060e-01 -5.277911946177482605e-02
2.506713569164276123e-01 8.776657283306121826e-03
1.171493232250213623e-01 -6.779822707176208496e-02
-2.629689872264862061e-01 2.923173308372497559e-01
-9.330983459949493408e-02 1.216366365551948547e-01
1.190170124173164368e-01 -2.775737345218658447e-01
5.155476555228233337e-02 1.657942831516265869e-01
-6.856760382652282715e-02 -2.242628298699855804e-02
-1.417750865221023560e-02 9.057790786027908325e-02
-9.075249731540679932e-02 1.486901491880416870e-01
-9.753714501857757568e-02 1.003573313355445862e-01
-1.778363138437271118e-01 2.332103550434112549e-01
-1.243259310722351074e-01 -1.258094757795333862e-01
-1.793958544731140137e-01 3.904766738414764404e-01
1.102029010653495789e-01 1.616339758038520813e-02
2.469514263793826103e-03 -2.468663966283202171e-03
-1.196789667010307312e-01 6.996127218008041382e-02
-2.180022895336151123e-01 4.767049252986907959e-01
-3.498944267630577087e-02 1.732867211103439331e-01
3.105443418025970459e-01 -9.405398368835449219e-02
-2.116840928792953491e-01 1.921382844448089600e-01
