1.366424113512039185e-01 -1.526579260826110840e-01
1.571263670921325684e-01 -1.315006464719772339e-01
1.375327259302139282e-01 -2.885826304554939270e-02
1.767392903566360474e-01 -8.784502744674682617e-02
1.972997188568115234e-02 -3.177356719970703125e-01
7.233394682407379150e-02 -1.438826769590377808e-01
8.665489964187145233e-03 7.520487532019615173e-03
-8.360266685485839844e-02 -1.307138521224260330e-02
2.112457603216171265e-01 -1.356666237115859985e-01
-6.930381804704666138e-02 6.475283950567245483e-02
2.181099504232406616e-01 -3.199041634798049927e-02
-9.876634925603866577e-02 -1.433110535144805908e-01
-2.306151539087295532e-01 2.293698489665985107e-01
-3.601470589637756348e-02 -7.125848531723022461e-02
1.656970530748367310e-01 -1.166469678282737732e-01
1.434762775897979736e-01 -1.718795448541641235e-01
2.649874985218048096e-01 -1.048480197787284851e-01
-1.422707587480545044e-01 2.838882207870483398e-01
1.916049569845199585e-01 -1.725860834121704102e-01
2.032870501279830933e-01 -1.556377559900283813e-01
-1.772377192974090576e-01 4.162591695785522461e-02
-9.786272048950195312e-02 1.066569164395332336e-01
-1.562774777412414551e-01 1.059668883681297302e-01
1.797433793544769287e-01 -3.322349488735198975e-01
-1.889658533036708832e-02 -1.732034385204315186e-01
7.680594176054000854e-02 2.354281991720199585e-01
-1.211166605353355408e-01 1.294539421796798706e-01
-1.039264574646949768e-01 3.670405223965644836e-02
8.955763280391693115e-02 8.383908867835998535e-02
-8.152667433023452759e-02 -1.189196482300758362e-01
-1.308804303407669067e-01 2.760213799774646759e-02
9.941793978214263916e-02 -1.692803651094436646e-01
1.806743294000625610e-01 -8.471936732530593872e-02
2.918693423271179199e-01 -3.162376284599304199e-01
-9.363673627376556396e-02 -1.859468668699264526e-01
-9.128246456384658813e-02 2.538930177688598633e-01
-2.789827883243560791e-01 1.906627118587493896e-01
-1.527671664953231812e-01 5.952236056327819824e-02
-1.099212691187858582e-01 3.001625277101993561e-02
-6.586157530546188354e-02 2.773767523467540741e-02
8.667567372322082520e-02 1.103021055459976196e-01
1.318997889757156372e-01 -2.031912952661514282e-01
1.695764213800430298e-01 -9.094022959470748901e-02
-1.584403514862060547e-01 1.004426255822181702e-01
-6.504086405038833618e-02 -1.834068745374679565e-01
-2.748961746692657471e-01 8.776824921369552612e-02
2.463961690664291382e-01 -1.636338829994201660e-01
-1.687944978475570679e-01 9.283902496099472046e-02
3.001725375652313232e-01 -2.712685801088809967e-02
5.907521117478609085e-03 3.034367859363555908e-01
-1.777874827384948730e-01 5.275196582078933716e-02
5.040657892823219299e-02 -2.044752836227416992e-01
1.646224036812782288e-02 4.848534241318702698e-02
3.098303079605102539e-01 -1.036787703633308411e-01
4.704743996262550354e-02 -1.168129369616508484e-01
-1.980976164340972900e-01 6.301446259021759033e-02
-1.226518377661705017e-01 9.260533004999160767e-02
3.013188019394874573e-03 -1.750460565090179443e-01
1.193626374006271362e-01 -8.139760792255401611e-02
-1.610074937343597412e-01 1.937248110771179199e-01
7.374823093414306641e-03 1.703678518533706665e-01
-2.047021836042404175e-01 1.446117013692855835e-01
-1.790386736392974854e-01 -6.258422881364822388e-02
-3.538009524345397949e-02 4.085405543446540833e-02
-2.216622531414031982e-01 1.536669284105300903e-01
7.947897911071777344e-02 -2.372904568910598755e-01
1.530778110027313232e-01 -1.833589375019073486e-01
1.722501963376998901e-01 -2.978173494338989258e-01
3.618330359458923340e-01 -9.552022814750671387e-02
9.355064481496810913e-02 -4.106882214546203613e-02
-7.522142678499221802e-02 2.875053882598876953e-01
-9.309214539825916290e-03 -1.213390603661537170e-01
2.328306585550308228e-01 -7.464328408241271973e-02
-2.950649559497833252e-01 1.129775345325469971e-01
-1.763385832309722900e-01 1.005269438028335571e-01
-9.687694907188415527e-02 2.765838503837585449e-01
-1.844162642955780029e-01 2.174217402935028076e-01
2.365230172872543335e-01 -5.930036306381225586e-02
-7.005013525485992432e-02 1.535972803831100464e-01
-2.534968256950378418e-01 7.990396022796630859e-02
1.728323251008987427e-01 -2.868914306163787842e-01
-1.465951502323150635e-01 1.437762230634689331e-01
1.399193853139877319e-01 -1.009267717599868774e-01
1.608125865459442139e-01 -1.831744909286499023e-01
-3.266158699989318848e-02 9.427496045827865601e-02
1.345184296369552612e-01 -7.550387084484100342e-02
2.526850700378417969e-01 -8.585124462842941284e-02
1.120849102735519409e-01 -3.600417375564575195e-01
-9.540962986648082733e-03 1.361467596143484116e-02
2.614708840847015381e-01 -1.205136701464653015e-01
1.137967556715011597e-01 -1.917616426944732666e-01
2.411664463579654694e-02 6.664519757032394409e-02
-1.476324647665023804e-01 1.002443879842758179e-01
1.300531625747680664e-01 -2.163624763488769531e-01
2.716923356056213379e-01 -3.736264631152153015e-02
1.676972657442092896e-01 -2.508272528648376465e-01
1.214607954025268555e-01 -8.758903294801712036e-02
2.054627537727355957e-01 -4.000798612833023071e-02
-5.205679219216108322e-03 -3.977175056934356689e-02
-2.730877511203289032e-02 -1.281668245792388916e-02
2.102237492799758911e-01 -2.546193897724151611e-01
-4.224834218621253967e-02 2.472979873418807983e-01
9.396834671497344971e-02 -1.549880653619766235e-01
3.510291874408721924e-01 -1.531188189983367920e-01
-1.446110606193542480e-01 6.876011937856674194e-02
7.948364317417144775e-02 -9.111179970204830170e-04
-5.062483623623847961e-02 2.889548838138580322e-01
-2.277676761150360107e-01 1.177738606929779053e-01
-3.249809741973876953e-01 2.447069734334945679e-01
-2.249460965394973755e-01 1.635832935571670532e-01
-2.769879698753356934e-01 2.439637929201126099e-01
-5.426112562417984009e-02 3.207745254039764404e-01
1.093565672636032104e-01 -8.984505385160446167e-02
-1.405119448900222778e-01 9.399770200252532959e-02
3.398653566837310791e-01 -2.597623169422149658e-01
-3.891023620963096619e-02 7.059882581233978271e-02
1.983777731657028198e-01 -2.759382128715515137e-01
7.091946899890899658e-02 -1.004143431782722473e-01
-2.889871895313262939e-01 1.409631669521331787e-01
-1.371851265430450439e-01 -3.513144096359610558e-03
-1.092885583639144897e-01 2.686891555786132812e-01
3.181814774870872498e-02 9.969359636306762695e-02
1.784644275903701782e-01 -4.764096438884735107e-02
8.994179964065551758e-02 -2.316361293196678162e-02
-1.210747584700584412e-01 1.919338852167129517e-02
1.851851493120193481e-01 -2.264865040779113770e-01
5.025835335254669189e-02 2.050791867077350616e-02
-3.118627965450286865e-01 2.760070264339447021e-01
-5.976038053631782532e-02 5.041465535759925842e-02
-2.880956828594207764e-01 2.358152419328689575e-01
1.550665646791458130e-01 -2.322975248098373413e-01
-6.961661577224731445e-02 -2.002811282873153687e-01
1.927679777145385742e-01 -2.566759884357452393e-01
-2.553036212921142578e-01 1.847234815359115601e-01
2.239342331886291504e-01 -1.267385482788085938e-01
9.305936843156814575e-02 -8.165519684553146362e-02
1.476831138134002686e-01 -1.141522824764251709e-01
-2.096549719572067261e-01 1.471246927976608276e-01
1.077404096722602844e-01 -3.032475411891937256e-01
6.453103572130203247e-02 3.492930158972740173e-02
5.668462812900543213e-02 -1.258955001831054688e-01
-6.130748242139816284e-02 1.424828022718429565e-01
8.132094889879226685e-02 -1.690671443939208984e-01
-2.235919386148452759e-01 1.499318182468414307e-01
5.390562862157821655e-02 -7.008235901594161987e-02
-7.228944450616836548e-02 1.507211774587631226e-01
2.010196745395660400e-01 -2.852199971675872803e-01
2.456296086311340332e-01 -4.251730628311634064e-03
2.373532392084598541e-02 -8.405475877225399017e-03
1.394333392381668091e-01 -1.002159416675567627e-01
3.124183714389801025e-01 -2.766468524932861328e-01
1.212871149182319641e-01 -1.780032068490982056e-01
6.924517918378114700e-03 6.456847488880157471e-02
-9.329070895910263062e-02 5.915595218539237976e-02
-6.013793498277664185e-02 -1.129485201090574265e-03
-3.716559112071990967e-01 2.140683084726333618e-01
9.625180065631866455e-02 2.226443262770771980e-03
2.106791362166404724e-02 3.570904582738876343e-02
1.361704915761947632e-01 -2.835135757923126221e-01
-6.022344902157783508e-02 6.841341406106948853e-02
-1.451424602419137955e-02 -1.565427035093307495e-01
-1.350612640380859375e-01 1.411988735198974609e-01
1.700229495763778687e-01 -1.617316156625747681e-02
1.378485709428787231e-01 -1.651590168476104736e-01
8.952552080154418945e-02 9.053879417479038239e-03
5.083528161048889160e-02 5.042754486203193665e-02
8.480075001716613770e-02 -4.327364638447761536e-02
-1.022662594914436340e-02 -1.682490408420562744e-01
1.321741789579391479e-01 -2.690679132938385010e-01
-1.596178114414215088e-01 2.157325595617294312e-01
2.384621649980545044e-02 -1.117763072252273560e-01
-1.994361728429794312e-02 1.501416563987731934e-01
2.647764049470424652e-02 2.062805742025375366e-01
-6.017528474330902100e-02 -6.318860501050949097e-02
-1.264965534210205078e-01 1.741494089365005493e-01
-1.220955103635787964e-01 1.555895209312438965e-01
-7.141144573688507080e-02 -1.242223680019378662e-01
5.633101984858512878e-02 -1.226739883422851562e-01
-2.094375789165496826e-01 3.430316224694252014e-02
3.474975228309631348e-01 -1.347315125167369843e-02
2.561036944389343262e-01 -1.208736449480056763e-01
4.990816861391067505e-02 2.294981032609939575e-01
-1.593451797962188721e-01 1.360973417758941650e-01
5.391130223870277405e-02 -1.536824107170104980e-01
2.079977653920650482e-02 -2.607741951942443848e-01
-2.595707774162292480e-01 1.846899092197418213e-01
-3.110670484602451324e-02 1.660297960042953491e-01
7.609183341264724731e-02 9.993986785411834717e-02
-2.201815545558929443e-01 1.861749738454818726e-01
1.430370062589645386e-01 -2.824541330337524414e-01
1.668860912322998047e-01 -3.243497014045715332e-02
-1.442732661962509155e-01 2.456177473068237305e-01
1.613799184560775757e-01 1.771722803823649883e-03
2.924955636262893677e-02 1.540386378765106201e-01
6.914177536964416504e-02 1.530968993902206421e-01
2.313476242125034332e-02 -1.029213145375251770e-02
2.025206834077835083e-01 -1.117620766162872314e-01
-3.079865686595439911e-02 2.605268955230712891e-01
-2.279363945126533508e-02 1.270872205495834351e-01
-2.178592048585414886e-02 2.144943475723266602e-01
6.257607787847518921e-02 -1.754639744758605957e-01
1.020926758646965027e-01 5.650409683585166931e-02
1.452004015445709229e-01 -2.946769893169403076e-01
-1.380372047424316406e-01 -7.656374573707580566e-02
-1.074760407209396362e-01 4.892757162451744080e-02
-2.233212441205978394e-01 2.017342895269393921e-01
-5.688206106424331665e-02 1.116131320595741272e-01
-2.215770930051803589e-01 2.537203431129455566e-01
-2.123957276344299316e-01 5.113415420055389404e-02
-1.690743416547775269e-01 3.110561668872833252e-01
2.493504583835601807e-01 -2.148871719837188721e-01
1.856223046779632568e-01 -4.913445189595222473e-02
-1.030334830284118652e-01 4.661048203706741333e-02
7.140184193849563599e-02 -2.303257882595062256e-01
3.356454893946647644e-02 -3.989133983850479126e-02
2.083136737346649170e-01 -5.009886622428894043e-02
-1.355009227991104126e-01 1.647599935531616211e-01
-4.405941069126129150e-02 4.899073392152786255e-02
5.771525949239730835e-02 -1.498344093561172485e-01
3.529291972517967224e-02 3.127621486783027649e-02
-1.863478422164916992e-01 1.618032455444335938e-01
1.852733641862869263e-01 -1.677511632442474365e-01
2.825758047401905060e-02 -1.937539428472518921e-01
-2.888829112052917480e-01 2.341841906309127808e-01
2.580270469188690186e-01 -4.928260296583175659e-02
-1.178578659892082214e-01 1.760272979736328125e-01
1.964941620826721191e-01 -1.776542663574218750e-01
3.321878239512443542e-02 -4.178759828209877014e-02
-8.237196505069732666e-02 -5.716367624700069427e-03
1.319217085838317871e-01 -1.130798161029815674e-01
-4.013589117676019669e-03 -4.268132522702217102e-02
2.013639658689498901e-01 1.206275969743728638e-01
1.540957689285278320e-01 -1.419722437858581543e-01
-2.435988038778305054e-01 2.896970808506011963e-01
-9.522534161806106567e-02 -1.355683803558349609e-01
-2.602176964282989502e-01 2.103986144065856934e-01
3.586893528699874878e-02 2.452735751867294312e-01
-9.459960460662841797e-02 2.064960002899169922e-01
-7.397482544183731079e-02 1.356341242790222168e-01
-5.651251226663589478e-02 1.430013477802276611e-01
6.507622450590133667e-02 -1.249150782823562622e-01
-5.424996837973594666e-02 1.424978077411651611e-01
2.324926666915416718e-02 -1.776090860366821289e-01
1.518019735813140869e-01 6.644494831562042236e-02
-8.119849860668182373e-02 2.067296952009201050e-01
8.534992486238479614e-02 1.574985235929489136e-01
1.920087188482284546e-01 -9.467290714383125305e-03
2.618174999952316284e-02 -1.319341659545898438e-01
1.722521483898162842e-01 -2.508158087730407715e-01
-1.161093637347221375e-01 6.558959931135177612e-02
-2.986268997192382812e-01 1.060451120138168335e-01
-4.636741429567337036e-02 -1.511407643556594849e-01
-3.248458728194236755e-02 1.833695769309997559e-01
7.638619840145111084e-02 -2.314069271087646484e-01
1.379339694976806641e-01 -1.115281581878662109e-01
-3.034342452883720398e-02 7.369230967015028000e-03
