1.335127931088209152e-02 -3.064033109694719315e-03
-3.431061804294586182e-01 2.338686734437942505e-01
-1.785894669592380524e-02 2.080428153276443481e-01
-1.228226423263549805e-01 7.153900712728500366e-02
-1.743050664663314819e-01 2.538715898990631104e-01
-1.270309984683990479e-01 1.348882615566253662e-01
8.087467402219772339e-02 -2.194863185286521912e-02
1.723369210958480835e-01 -3.041823208332061768e-01
-1.974727809429168701e-01 1.207773238420486450e-01
1.079246178269386292e-01 -1.997897028923034668e-01
-1.220666095614433289e-01 1.010932773351669312e-01
7.682274281978607178e-02 -3.113005124032497406e-02
1.366906017065048218e-01 -2.412696629762649536e-01
-2.067392766475677490e-01 5.628690496087074280e-02
5.700056627392768860e-02 3.646079078316688538e-02
1.759372651576995850e-01 1.320814620703458786e-02
-1.788544654846191406e-01 2.238162327557802200e-03
-5.094799026846885681e-02 1.515329778194427490e-01
-1.017868965864181519e-01 -7.903840392827987671e-03
-1.576228737831115723e-01 2.000892758369445801e-01
7.963221520185470581e-02 -2.246982008218765259e-01
-9.224432706832885742e-02 9.411735087633132935e-02
-1.095458790659904480e-01 6.148701161146163940e-02
-8.534845709800720215e-02 2.377547174692153931e-01
-1.372961848974227905e-01 1.120301634073257446e-01
-9.893260151147842407e-02 4.844745621085166931e-02
1.115639284253120422e-01 -1.882446855306625366e-01
1.427482068538665771e-01 -6.231454014778137207e-02
2.563550770282745361e-01 -1.857999712228775024e-01
-5.457158759236335754e-02 8.777723461389541626e-02
1.318697482347488403e-01 -8.427759259939193726e-02
1.929895877838134766e-01 -1.526863723993301392e-01
-9.271096438169479370e-02 4.429456219077110291e-02
2.922105789184570312e-01 -4.208346828818321228e-02
6.725922692567110062e-03 7.452783733606338501e-02
-7.707837503403425217e-03 -2.643533982336521149e-03
1.609912812709808350e-01 -2.333850711584091187e-01
-2.644114196300506592e-01 4.234390705823898315e-02
-1.368707418441772461e-01 3.479235470294952393e-01
1.659811288118362427e-01 -2.771828323602676392e-02
1.865140497684478760e-01 -2.161314487457275391e-01
-6.419923156499862671e-02 3.196752816438674927e-02
1.831786334514617920e-01 -1.682991348206996918e-02
-2.070779651403427124e-01 2.145275026559829712e-01
2.405267953872680664e-01 -1.329580843448638916e-01
-1.162678301334381104e-01 -9.200295060873031616e-02
-1.382071375846862793e-01 2.059867978096008301e-01
1.532574594020843506e-01 -4.610278457403182983e-02
-5.425714701414108276e-02 1.474695205688476562e-01
1.432306915521621704e-01 -2.480414323508739471e-02
1.628959737718105316e-02 -1.434818804264068604e-01
2.779480256140232086e-02 1.836268305778503418e-01
-2.998672723770141602e-01 1.792371720075607300e-01
-1.427037715911865234e-01 6.140871718525886536e-02
-4.379162192344665527e-02 3.839936107397079468e-02
-1.392967253923416138e-01 1.786900758743286133e-01
6.554000079631805420e-02 2.717947214841842651e-02
-7.664512097835540771e-02 2.827411144971847534e-02
-4.013659805059432983e-02 1.631302088499069214e-01
6.440662592649459839e-02 -1.452113091945648193e-01
-2.111589461565017700e-01 9.624356031417846680e-02
8.236578851938247681e-02 -2.511962354183197021e-01
2.558781206607818604e-01 -3.632645308971405029e-02
-1.317423731088638306e-01 1.460046619176864624e-01
-8.271596580743789673e-02 7.305687759071588516e-03
-1.630449295043945312e-01 -3.799585625529289246e-02
1.361688971519470215e-01 -2.318952232599258423e-01
1.959323287010192871e-01 -1.015211269259452820e-01
2.267743945121765137e-01 -1.350653171539306641e-01
-2.652434110641479492e-01 6.863605976104736328e-02
2.457204610109329224e-01 4.144167527556419373e-02
1.019052341580390930e-01 -2.045645192265510559e-02
8.313748240470886230e-02 4.106147214770317078e-02
-3.874351829290390015e-02 7.364888489246368408e-02
6.638855487108230591e-02 1.297860145568847656e-01
2.697589397430419922e-01 -1.339834779500961304e-01
4.690426588058471680e-02 -1.407447457313537598e-01
5.474538356065750122e-02 -1.056832745671272278e-01
-1.506214439868927002e-01 1.640695035457611084e-01
-9.858708828687667847e-02 7.516536861658096313e-02
1.264901757240295410e-01 -1.845468282699584961e-01
-5.995466187596321106e-02 1.282089203596115112e-01
1.525578945875167847e-01 -1.221953928470611572e-01
-2.016866803169250488e-01 -6.033817678689956665e-02
-2.674851119518280029e-01 3.351813182234764099e-02
7.655309140682220459e-02 -1.706434637308120728e-01
-1.422704160213470459e-01 -1.200416311621665955e-02
-3.723636642098426819e-02 1.087236125022172928e-02
-8.373864740133285522e-02 3.446570830419659615e-03
-5.605001375079154968e-02 1.407178342342376709e-01
1.522007118910551071e-02 -2.839244529604911804e-02
-1.508042365312576294e-01 -1.674996130168437958e-02
1.745778769254684448e-01 -2.332658171653747559e-01
-2.329909503459930420e-01 2.047550231218338013e-01
8.829549886286258698e-03 -2.034318000078201294e-01
1.461312454193830490e-02 -7.120212912559509277e-02
-5.493622273206710815e-03 8.006972074508666992e-02
1.677076369524002075e-01 1.154666543006896973e-01
4.569137096405029297e-02 -1.169515028595924377e-01
2.406983226537704468e-01 -2.107370644807815552e-01
5.536302179098129272e-02 2.771406248211860657e-02
-6.212064251303672791e-02 -5.042505636811256409e-02
-2.986730337142944336e-01 3.773423135280609131e-01
3.598659858107566833e-02 1.423958241939544678e-01
7.985409349203109741e-02 8.732827752828598022e-02
1.388159394264221191e-01 -1.517265439033508301e-01
-9.516070038080215454e-02 1.950253918766975403e-02
-3.022871538996696472e-02 1.571038216352462769e-01
1.215397641062736511e-01 -5.594307929277420044e-02
1.684608310461044312e-01 -1.844460070133209229e-01
1.165333837270736694e-01 -5.025850143283605576e-03
-1.492112874984741211e-01 2.338350564241409302e-01
-1.551676839590072632e-01 8.806572854518890381e-02
3.067219853401184082e-01 -1.845804005861282349e-01
1.145970262587070465e-02 5.547645967453718185e-03
-3.513839244842529297e-01 2.027894705533981323e-01
7.851469330489635468e-03 -1.110841110348701477e-01
9.757304936647415161e-02 -1.419190037995576859e-02
-4.256863612681627274e-03 9.231434017419815063e-02
1.864035576581954956e-01 -2.075712829828262329e-01
-1.455001831054687500e-01 2.278212904930114746e-01
-1.102527696639299393e-02 2.593727409839630127e-01
-1.280123740434646606e-02 -6.021674722433090210e-02
1.295216381549835205e-01 -8.106620609760284424e-02
-2.683152854442596436e-01 1.281690001487731934e-01
1.035015881061553955e-01 -1.019781827926635742e-01
2.097406983375549316e-01 -4.296038746833801270e-01
-3.029124811291694641e-02 2.807556986808776855e-01
5.433756485581398010e-02 -1.724621355533599854e-01
-7.999482750892639160e-02 1.806971281766891479e-01
-7.587286829948425293e-02 5.696718022227287292e-02
3.028304688632488251e-02 1.457235962152481079e-02
-2.078404575586318970e-01 1.932805925607681274e-01
-1.556862443685531616e-01 1.898707002401351929e-01
8.955307304859161377e-02 9.901188313961029053e-04
9.852667897939682007e-02 -2.189041078090667725e-01
-3.548169508576393127e-02 3.121495014056563377e-03
1.751968115568161011e-01 -1.317496597766876221e-01
-9.440931677818298340e-02 2.430711984634399414e-01
7.836439460515975952e-02 8.144988864660263062e-02
1.645340956747531891e-02 -3.337558731436729431e-02
-6.962219625711441040e-02 1.180310025811195374e-01
-2.456231415271759033e-01 5.278640240430831909e-02
-4.058623686432838440e-02 -1.013364866375923157e-01
2.440680265426635742e-01 -2.344429641962051392e-01
-2.322931885719299316e-01 9.981578588485717773e-02
-1.667110472917556763e-01 1.862297505140304565e-01
-2.003626823425292969e-01 1.224789246916770935e-01
-3.817516937851905823e-02 2.346809487789869308e-03
-2.701972126960754395e-01 2.239006161689758301e-01
-2.149439454078674316e-01 2.538213431835174561e-01
-1.690889894962310791e-01 -4.086236655712127686e-02
7.651643455028533936e-02 -1.849093288183212280e-01
8.659272640943527222e-02 -2.132500708103179932e-01
1.887534931302070618e-02 -1.332336366176605225e-01
2.114271521568298340e-01 -2.949702739715576172e-01
9.262728691101074219e-02 -3.214879930019378662e-01
-5.573847889900207520e-02 -1.796724349260330200e-01
-1.301090717315673828e-01 2.183817476034164429e-01
1.641598045825958252e-01 -1.468150466680526733e-01
-1.397022902965545654e-01 2.211755365133285522e-01
-1.242679730057716370e-01 2.355280518531799316e-01
4.789116606116294861e-02 -5.689090117812156677e-02
-4.454757645726203918e-02 2.455163449048995972e-01
1.693596541881561279e-01 -2.107814401388168335e-01
2.731208503246307373e-01 -7.224404811859130859e-02
1.017696186900138855e-01 1.771398186683654785e-01
-2.554959654808044434e-01 -4.211483150720596313e-02
-2.441782057285308838e-01 3.762326836585998535e-01
-2.480631470680236816e-01 6.893067806959152222e-02
1.755072623491287231e-01 -6.947152316570281982e-02
-1.889989823102951050e-01 2.499313801527023315e-01
-1.087575256824493408e-01 2.086170464754104614e-01
2.186895459890365601e-01 -4.563273489475250244e-02
5.538121238350868225e-02 -1.471094638109207153e-01
1.833707541227340698e-01 -1.230715587735176086e-01
-2.064883708953857422e-01 4.456286877393722534e-02
1.501542180776596069e-01 -2.014718204736709595e-01
1.924840174615383148e-02 2.223880589008331299e-01
-2.545260488986968994e-01 9.308504872024059296e-03
2.319821566343307495e-01 -1.337441653013229370e-01
4.153579473495483398e-02 3.782412782311439514e-02
3.120834231376647949e-01 -2.578878998756408691e-01
-1.343029141426086426e-01 2.068526148796081543e-01
-5.802640318870544434e-02 -5.811693891882896423e-02
-1.856137067079544067e-01 1.394173055887222290e-01
-1.749810427427291870e-01 1.161906719207763672e-01
4.146060645580291748e-01 -2.396505922079086304e-01
-1.678695231676101685e-01 2.638900578022003174e-01
2.098432369530200958e-02 -1.950167417526245117e-01
-2.791058123111724854e-01 2.863483428955078125e-01
2.522312998771667480e-01 -5.064968764781951904e-02
6.030040606856346130e-02 3.031647205352783203e-02
-2.580729126930236816e-01 3.225035369396209717e-01
5.140559375286102295e-02 1.345546096563339233e-01
1.812594234943389893e-01 -7.730128616094589233e-02
9.451445192098617554e-02 -1.293053291738033295e-02
-7.533123344182968140e-02 2.662799321115016937e-02
7.229539752006530762e-02 9.880356490612030029e-03
-8.088284730911254883e-02 -1.522294282913208008e-01
-5.667416751384735107e-02 4.540543258190155029e-02
-1.078433468937873840e-01 1.532537043094635010e-01
-2.676341533660888672e-01 1.031453162431716919e-01
1.513402163982391357e-01 -1.026394665241241455e-01
2.378263920545578003e-01 -1.066232249140739441e-01
-1.911330819129943848e-01 2.097810655832290649e-01
-1.331056747585535049e-02 4.324414208531379700e-02
1.915705800056457520e-01 -2.227244824171066284e-01
1.633082628250122070e-01 -3.042093813419342041e-01
-1.206554174423217773e-01 1.392307430505752563e-01
-4.670681431889533997e-03 -3.134263306856155396e-02
-2.495528012514114380e-01 2.550296187400817871e-01
7.349371910095214844e-02 -1.001821458339691162e-01
1.169656310230493546e-02 5.631448328495025635e-02
-2.558946609497070312e-01 5.536156892776489258e-02
2.146710008382797241e-01 -1.725082546472549438e-01
8.857349306344985962e-02 -4.485191032290458679e-02
6.180778890848159790e-02 -1.486688852310180664e-01
7.831550389528274536e-02 -1.912070624530315399e-02
1.279818862676620483e-01 -9.222113341093063354e-02
2.124753147363662720e-01 -2.388980835676193237e-01
-7.046471536159515381e-02 -3.652358055114746094e-02
-1.315475851297378540e-01 6.985520571470260620e-02
5.105918645858764648e-02 5.820397660136222839e-02
-1.091112196445465088e-01 1.402742043137550354e-02
1.277511566877365112e-01 -1.583388894796371460e-01
9.241705760359764099e-03 -1.289734244346618652e-01
-1.926714181900024414e-01 2.077723890542984009e-01
3.199275434017181396e-01 -9.265372157096862793e-02
-1.350277066230773926e-01 -1.412840373814105988e-02
-3.915958702564239502e-01 1.675125509500503540e-01
5.638111010193824768e-02 -7.409838587045669556e-02
1.880147010087966919e-01 -6.425322592258453369e-02
-9.553783386945724487e-02 1.524492055177688599e-01
1.312487423419952393e-01 4.331201687455177307e-02
1.451956182718276978e-01 -1.649340838193893433e-01
9.676381014287471771e-03 1.589091569185256958e-01
4.477209877222776413e-03 -4.032042995095252991e-02
-5.284654907882213593e-03 -2.375420778989791870e-01
-4.264647513628005981e-02 6.421329453587532043e-03
-2.431460767984390259e-01 8.515053242444992065e-02
2.842643857002258301e-01 -1.834595054388046265e-01
-2.819664478302001953e-01 1.815989017486572266e-01
-8.076698333024978638e-02 2.285896390676498413e-01
-2.828784584999084473e-01 1.211164593696594238e-01
-1.527020931243896484e-01 1.111740767955780029e-01
1.384455859661102295e-01 -2.950664460659027100e-01
-1.486094892024993896e-01 1.096274480223655701e-01
-1.185060814023017883e-01 7.322128117084503174e-02
-5.432287231087684631e-02 -1.149188578128814697e-01
1.427624281495809555e-02 2.819158881902694702e-02
7.462472468614578247e-02 -2.448387145996093750e-01
-2.505716085433959961e-01 2.163213938474655151e-01
1.222368478775024414e-01 -1.842698752880096436e-01
5.738898739218711853e-02 -7.040599733591079712e-02
2.371938526630401611e-02 6.708277016878128052e-02
