-1.202568262815475464e-01 -1.016706079244613647e-01
-3.602205589413642883e-02 5.357850715517997742e-02
-5.680596455931663513e-02 -1.711076050996780396e-01
-1.546704918146133423e-01 -7.621564716100692749e-02
-9.896112978458404541e-02 1.146685630083084106e-01
-1.422531008720397949e-01 1.079245582222938538e-01
-2.821671590209007263e-02 -1.371038705110549927e-02
1.311103105545043945e-01 -2.747955322265625000e-01
-1.724233180284500122e-01 2.342731356620788574e-01
2.336063385009765625e-01 -9.563121199607849121e-02
-2.311418578028678894e-02 -1.108928397297859192e-01
6.127745285630226135e-02 -4.369350150227546692e-02
2.119653671979904175e-02 -1.631265282630920410e-01
1.535665988922119141e-01 -1.398756355047225952e-01
-2.943001501262187958e-02 -5.097126588225364685e-02
1.359451562166213989e-01 1.679310500621795654e-01
-5.597030371427536011e-02 3.220225870609283447e-01
-1.700161695480346680e-01 1.888332217931747437e-01
-7.090470194816589355e-02 -1.254246532917022705e-01
-1.281739920377731323e-01 2.327781170606613159e-02
1.240644529461860657e-01 4.584817681461572647e-03
5.730171874165534973e-02 -4.953790456056594849e-02
-1.772121042013168335e-01 -6.565845105797052383e-03
1.195978652685880661e-02 4.706392437219619751e-02
-2.211670726537704468e-01 7.158610969781875610e-02
-1.685257405042648315e-01 1.483026444911956787e-01
1.597985029220581055e-01 -2.054707854986190796e-01
2.850786410272121429e-02 1.654359325766563416e-02
3.240122646093368530e-02 5.648835375905036926e-02
-2.922696471214294434e-01 2.394468337297439575e-01
5.823263898491859436e-02 1.631162688136100769e-02
-1.925772130489349365e-01 2.950610518455505371e-01
1.002454292029142380e-02 -1.716894209384918213e-01
-1.197251155972480774e-01 6.120944768190383911e-02
1.484714448451995850e-01 -6.025932356715202332e-02
1.677506715059280396e-01 6.050053518265485764e-03
-1.776484549045562744e-01 3.645949438214302063e-02
7.225506752729415894e-02 -2.296090275049209595e-01
9.735109657049179077e-02 -5.051609128713607788e-02
-8.716379292309284210e-03 8.067369461059570312e-02
-1.729166954755783081e-01 3.460128977894783020e-02
2.875871211290359497e-02 -3.343628346920013428e-02
-1.979556232690811157e-01 1.330472081899642944e-01
-9.327226877212524414e-02 7.995916157960891724e-02
-2.573153236880898476e-03 -2.042087316513061523e-01
-1.209538150578737259e-02 -8.621577918529510498e-02
-1.668011248111724854e-01 3.029704466462135315e-02
1.034465730190277100e-01 -4.219951480627059937e-02
-4.926233738660812378e-02 -3.550713509321212769e-02
2.567424252629280090e-02 -2.762637436389923096e-01
1.497925817966461182e-01 2.760604210197925568e-02
8.432979881763458252e-02 2.452961541712284088e-02
-2.078723460435867310e-01 1.242204830050468445e-01
-4.364997148513793945e-02 -9.272868931293487549e-02
3.683568537235260010e-02 -2.730528824031352997e-02
-4.144071042537689209e-02 -2.201698720455169678e-01
1.588366031646728516e-01 -1.574737727642059326e-01
7.596977800130844116e-02 2.015838325023651123e-01
-1.494718939065933228e-01 1.723786294460296631e-01
-1.267380714416503906e-01 -1.136982068419456482e-02
-8.417283743619918823e-02 1.111070215702056885e-01
-1.402960121631622314e-01 1.580488085746765137e-01
-7.298175245523452759e-02 2.898651175200939178e-02
2.667529881000518799e-01 -1.729018688201904297e-01
1.348191201686859131e-01 -8.700785040855407715e-02
3.879193365573883057e-01 -3.042071461677551270e-01
9.930422157049179077e-02 -1.961473375558853149e-01
-2.369664162397384644e-01 3.161514401435852051e-01
-5.669431015849113464e-02 -5.691007524728775024e-02
-8.339566737413406372e-02 1.391573399305343628e-01
-2.748793959617614746e-01 2.070616632699966431e-01
-2.776719070971012115e-02 -2.962982282042503357e-02
-3.494325876235961914e-01 1.707609593868255615e-01
4.573793336749076843e-02 -2.163219898939132690e-01
1.278973668813705444e-01 4.307810217142105103e-02
2.011522948741912842e-01 -3.591453731060028076e-01
-2.182227224111557007e-01 2.777892723679542542e-02
-8.426020294427871704e-02 -9.611285291612148285e-03
1.584419608116149902e-01 -1.929087638854980469e-01
3.184517025947570801e-01 -1.701761931180953979e-01
3.132949173450469971e-01 -2.074566483497619629e-01
-2.351653724908828735e-01 1.876060813665390015e-01
-2.729203552007675171e-02 8.944116532802581787e-02
-1.111350804567337036e-01 2.556061148643493652e-01
2.146349251270294189e-01 -4.292328283190727234e-02
-2.666410803794860840e-01 1.544594764709472656e-01
-1.571502387523651123e-01 5.511005222797393799e-02
-3.510315418243408203e-01 3.370820879936218262e-01
2.928841412067413330e-01 -1.807743608951568604e-01
-2.596436142921447754e-01 8.028236031532287598e-02
-2.861618995666503906e-01 1.599640697240829468e-01
-1.051282957196235657e-01 3.092048168182373047e-01
-9.955052286386489868e-02 1.435864120721817017e-01
-7.749479264020919800e-02 1.807569712400436401e-01
-5.230994895100593567e-02 2.598713934421539307e-01
5.879403650760650635e-02 -5.331820808351039886e-03
2.454718947410583496e-01 -1.389144062995910645e-01
-2.787270247936248779e-01 1.909487247467041016e-01
8.913939446210861206e-02 -6.828606873750686646e-02
1.049010679125785828e-01 -2.790321111679077148e-01
-1.239965558052062988e-01 1.743268221616744995e-01
-8.578199893236160278e-02 1.557494997978210449e-01
-5.503400042653083801e-02 9.739298373460769653e-03
-2.195545434951782227e-01 1.328961364924907684e-02
-1.280491240322589874e-02 1.526724994182586670e-01
1.903850287199020386e-01 -1.523584406822919846e-02
2.328910827636718750e-01 -9.285014867782592773e-02
3.623367100954055786e-02 2.598709762096405029e-01
1.101441010832786560e-01 -9.864249825477600098e-02
8.332785964012145996e-02 -9.671629220247268677e-02
1.126333549618721008e-01 -1.138689815998077393e-01
-5.419987440109252930e-02 3.118450939655303955e-02
-3.716141800396144390e-04 -1.052398905158042908e-01
1.259274482727050781e-01 3.335097059607505798e-02
1.246925443410873413e-01 -3.658847883343696594e-02
-2.415137551724910736e-02 8.620940148830413818e-03
-1.278854757547378540e-01 2.718830108642578125e-01
-1.250024288892745972e-01 1.694672554731369019e-02
1.087011024355888367e-01 3.254184871912002563e-02
3.777158260345458984e-01 -3.093151152133941650e-01
2.615952491760253906e-01 -5.000824481248855591e-02
1.261812262237071991e-02 5.068941041827201843e-02
-1.542393118143081665e-01 2.192397117614746094e-01
-1.402359306812286377e-01 1.918913424015045166e-01
-1.953320801258087158e-01 -1.386504969559609890e-03
-1.528892815113067627e-01 1.540632098913192749e-01
-6.177772954106330872e-02 1.895193010568618774e-01
-2.444258481264114380e-01 1.337537020444869995e-01
-1.431287527084350586e-01 1.194124147295951843e-01
-8.537785708904266357e-02 -1.249861158430576324e-02
7.012123614549636841e-02 2.415601536631584167e-02
1.059975940734148026e-02 1.471026837825775146e-01
9.808621555566787720e-02 -1.076319962739944458e-01
8.004894107580184937e-02 -3.058647215366363525e-01
1.753940582275390625e-01 -2.483000047504901886e-02
-3.793071582913398743e-02 2.140226960182189941e-02
-1.522485613822937012e-01 -1.721291542053222656e-01
1.859454810619354248e-02 5.513722822070121765e-02
-5.941401049494743347e-02 -1.117247389629483223e-03
-1.926094591617584229e-01 9.356869384646415710e-03
1.662524193525314331e-01 -2.205999642610549927e-01
-3.064371049404144287e-01 6.369566917419433594e-02
1.033817511051893234e-02 -9.462126344442367554e-02
1.365356445312500000e-01 -1.141299083828926086e-01
-4.168939217925071716e-02 8.267273008823394775e-02
-1.100026890635490417e-01 9.590596705675125122e-02
1.708126664161682129e-01 -9.931546449661254883e-02
1.200857609510421753e-01 -7.070050388574600220e-02
-9.636410325765609741e-02 8.416960388422012329e-02
7.047245651483535767e-02 -3.225530311465263367e-02
-2.740531228482723236e-03 -1.899889856576919556e-01
1.271519213914871216e-01 -6.206539273262023926e-02
1.669479906558990479e-01 -1.512056738138198853e-01
-1.124990582466125488e-01 2.316469326615333557e-02
-1.765371114015579224e-01 1.713275760412216187e-01
1.858580112457275391e-02 3.253393247723579407e-02
1.863931864500045776e-01 -6.418304890394210815e-02
-6.094090268015861511e-02 -4.649446532130241394e-02
-1.620488017797470093e-01 2.139309346675872803e-01
1.998167932033538818e-01 2.282810397446155548e-02
9.799524396657943726e-02 6.881193816661834717e-02
7.606139034032821655e-02 7.131186127662658691e-02
-2.166860252618789673e-01 2.504927217960357666e-01
3.679301589727401733e-02 -5.103051662445068359e-02
5.511670187115669250e-02 -1.924886256456375122e-01
-1.174075827002525330e-01 1.117645800113677979e-01
2.935066446661949158e-02 -2.317802459001541138e-01
-1.321942657232284546e-01 8.490049839019775391e-02
-2.537427246570587158e-01 2.349262684583663940e-01
4.683683067560195923e-02 -3.601113706827163696e-02
-2.696381807327270508e-01 3.094753623008728027e-01
-1.235551536083221436e-01 1.316910386085510254e-01
1.741718649864196777e-01 5.025858059525489807e-02
7.244507223367691040e-02 -2.491645887494087219e-02
-8.121027052402496338e-02 4.553898051381111145e-02
-1.022850722074508667e-01 2.104887962341308594e-01
8.766591548919677734e-02 -1.071784179657697678e-02
-4.240065813064575195e-02 -1.875931024551391602e-01
1.456897109746932983e-01 -1.661340147256851196e-01
-1.741905957460403442e-01 -5.846088007092475891e-02
-1.135863587260246277e-01 6.685309857130050659e-02
-5.957276746630668640e-02 1.442089676856994629e-01
1.857082732021808624e-02 6.876657158136367798e-02
1.030998006463050842e-01 -7.205450534820556641e-02
1.745052337646484375e-01 7.456137239933013916e-02
8.287023752927780151e-02 -1.358033716678619385e-01
-2.331063747406005859e-01 1.641615629196166992e-01
-7.797484844923019409e-02 -1.601089239120483398e-01
-8.982600271701812744e-02 1.390668004751205444e-01
2.374185919761657715e-01 -2.108701765537261963e-01
-1.538174413144588470e-02 -5.343962833285331726e-02
-1.493730843067169189e-01 2.204553335905075073e-01
-1.090963855385780334e-01 2.575315833091735840e-01
2.161293663084506989e-02 -1.577468812465667725e-01
-2.202534824609756470e-01 1.506251394748687744e-01
1.574583947658538818e-01 -8.778499066829681396e-02
1.277118339203298092e-03 -1.316695064306259155e-01
3.436136990785598755e-02 3.625017032027244568e-02
1.222130507230758667e-01 2.066004090011119843e-02
-4.354346171021461487e-02 -1.587869971990585327e-01
-1.137471720576286316e-01 -6.439755856990814209e-02
8.016658574342727661e-02 -1.436915248632431030e-02
-4.387918114662170410e-02 2.210152000188827515e-01
-3.161283209919929504e-02 1.052593141794204712e-01
3.842662647366523743e-02 3.271567076444625854e-02
-8.421903103590011597e-02 7.587439566850662231e-02
-4.607414826750755310e-02 -8.022216707468032837e-02
2.710650563240051270e-01 -2.517611682415008545e-01
6.355015933513641357e-02 -1.056605651974678040e-01
5.614515766501426697e-02 1.200628355145454407e-01
1.497254800051450729e-02 2.339279837906360626e-02
2.043093293905258179e-01 -9.292687475681304932e-02
-1.149343233555555344e-02 8.376841992139816284e-02
-1.403358131647109985e-01 1.432742327451705933e-01
-1.995690613985061646e-01 4.846191965043544769e-03
1.237036064267158508e-01 -6.352520734071731567e-02
2.272944338619709015e-02 -1.264284402132034302e-01
-1.604977846145629883e-01 -6.047976389527320862e-02
-1.167010739445686340e-01 2.080684453248977661e-01
-1.173066794872283936e-01 -8.292104303836822510e-02
-1.247633993625640869e-02 6.344443559646606445e-02
7.878247648477554321e-03 6.387222558259963989e-02
-1.000384166836738586e-01 7.645811140537261963e-02
2.606719434261322021e-01 -1.454427838325500488e-01
1.661770939826965332e-01 -2.321335971355438232e-01
-1.880273073911666870e-01 7.481543719768524170e-02
2.512688376009464264e-02 -7.728739082813262939e-02
8.341331034898757935e-02 -9.230603277683258057e-02
1.427336484193801880e-01 4.822789877653121948e-02
-1.563294678926467896e-01 5.786658823490142822e-02
2.963422834873199463e-01 -1.212694495916366577e-01
-2.667381055653095245e-02 1.307593435049057007e-01
7.739784568548202515e-02 -5.787676200270652771e-02
-2.212647646665573120e-01 3.395254164934158325e-02
-2.486604750156402588e-01 1.524125486612319946e-01
3.246238455176353455e-02 -3.923573065549135208e-03
1.380592435598373413e-01 -2.926019728183746338e-01
-1.033642515540122986e-02 2.054546624422073364e-01
1.042015254497528076e-01 -7.126501202583312988e-02
-1.097313240170478821e-01 8.274228125810623169e-02
-1.287001520395278931e-01 1.002578716725111008e-02
1.495165526866912842e-01 -1.713190525770187378e-01
-7.620070129632949829e-02 1.413343008607625961e-03
2.612077891826629639e-01 -8.134349435567855835e-02
-1.476750373840332031e-01 1.195309758186340332e-01
1.497648935765028000e-02 -2.233208715915679932e-02
-1.956041157245635986e-01 8.192972093820571899e-02
-2.006127387285232544e-01 -1.920498907566070557e-01
-1.738022118806838989e-01 8.619272708892822266e-02
1.448657065629959106e-01 -2.117367275059223175e-02
-2.843139171600341797e-01 1.456768363714218140e-01
-1.559225022792816162e-01 2.017014920711517334e-01
-9.964358806610107422e-02 4.630042240023612976e-02
5.666868388652801514e-02 9.039765596389770508e-02
-3.840848803520202637e-02 1.900656893849372864e-02
-8.218344300985336304e-02 1.639950424432754517e-01
