-4.177295789122581482e-02 -1.063032150268554688e-01
1.090991124510765076e-01 -5.296382121741771698e-03
1.592047214508056641e-01 -2.244980186223983765e-01
6.423194427043199539e-03 1.473417878150939941e-01
-1.174218133091926575e-01 1.335871368646621704e-01
1.393004357814788818e-01 -1.908666491508483887e-01
3.091067373752593994e-01 -4.151165187358856201e-01
3.819023370742797852e-01 -3.877741098403930664e-01
-1.384805589914321899e-01 2.404619157314300537e-01
-2.980101704597473145e-01 5.360711216926574707e-01
-5.596492066979408264e-02 3.705811128020286560e-02
2.149052768945693970e-01 -3.964309692382812500e-01
3.384645581245422363e-01 -4.370154142379760742e-01
-2.370870858430862427e-01 1.419880688190460205e-01
3.608180880546569824e-01 -4.887244999408721924e-01
2.903635203838348389e-01 -2.372491359710693359e-01
-5.896940827369689941e-01 5.363852977752685547e-01
7.544346898794174194e-02 -2.163815200328826904e-01
-1.581063726916909218e-03 -6.478164345026016235e-02
-3.070479333400726318e-01 2.781913876533508301e-01
2.329955548048019409e-01 -2.377968728542327881e-01
-2.202383428812026978e-02 1.937864124774932861e-01
-1.670332103967666626e-01 2.418151497840881348e-01
-6.003906950354576111e-02 1.730819977819919586e-02
-4.583597183227539062e-02 5.558010190725326538e-02
-1.099016889929771423e-01 1.995209008455276489e-01
-1.314146518707275391e-01 -1.912581473588943481e-01
2.417781352996826172e-01 -2.274273484945297241e-01
4.257940948009490967e-01 -2.495982646942138672e-01
1.053410097956657410e-01 -2.091580033302307129e-01
9.753849357366561890e-02 1.053053811192512512e-01
-1.150081120431423187e-02 -7.246981840580701828e-03
-2.235785722732543945e-01 1.750794798135757446e-01
1.586013585329055786e-01 -4.279480576515197754e-01
1.238248720765113831e-01 -9.266472607851028442e-02
-1.046337559819221497e-01 8.264850080013275146e-02
-2.586480677127838135e-01 3.369918167591094971e-01
5.659504607319831848e-02 -3.404659405350685120e-02
-5.654135346412658691e-02 9.849365800619125366e-02
2.308160513639450073e-01 -2.275376915931701660e-01
-3.948894143104553223e-01 3.870092034339904785e-01
5.615439265966415405e-02 -8.304582536220550537e-02
1.155091226100921631e-01 -1.656409204006195068e-01
2.493801862001419067e-01 -2.878428995609283447e-01
-1.960394531488418579e-01 -1.831145025789737701e-02
2.698006937862373888e-07 -9.386292845010757446e-02
2.818772196769714355e-01 -1.234213709831237793e-01
2.319382727146148682e-01 -4.017384350299835205e-01
-1.856993436813354492e-01 2.478764504194259644e-01
3.758784234523773193e-01 -4.521128833293914795e-01
1.585789620876312256e-01 5.576619505882263184e-02
-1.733080148696899414e-01 2.950735092163085938e-01
1.768530718982219696e-02 -2.137951850891113281e-01
-1.311984211206436157e-01 1.888059526681900024e-01
1.055970117449760437e-01 1.314521431922912598e-01
1.100954860448837280e-01 -7.141672074794769287e-02
-4.458473995327949524e-02 1.165679320693016052e-01
-1.112077664583921432e-02 1.692705228924751282e-02
-6.296986341476440430e-02 5.031723529100418091e-02
-1.413894146680831909e-01 1.066678315401077271e-01
1.119507402181625366e-01 -1.140308231115341187e-01
2.110835760831832886e-01 -3.245298266410827637e-01
8.515724330209195614e-04 -1.792125031352043152e-02
3.443853259086608887e-01 -1.110718101263046265e-01
3.394673168659210205e-01 -5.543702244758605957e-01
-2.714662253856658936e-01 3.312043845653533936e-01
-1.756951659917831421e-01 1.074743121862411499e-01
-8.359960913658142090e-01 8.215898871421813965e-01
-3.471033275127410889e-01 3.033161163330078125e-01
-1.454506367444992065e-01 1.598059982061386108e-01
3.737415969371795654e-01 -2.586837112903594971e-01
5.861372947692871094e-01 -4.158682823181152344e-01
-2.997149527072906494e-02 3.006802499294281006e-01
-5.913054347038269043e-01 3.366163671016693115e-01
-2.156430333852767944e-01 -2.007178962230682373e-02
2.868407070636749268e-01 -3.747184276580810547e-01
6.776592135429382324e-02 1.249018218368291855e-02
-2.234214171767234802e-02 1.952710449695587158e-01
7.862937450408935547e-01 -7.437653541564941406e-01
4.659787416458129883e-01 -3.952055871486663818e-01
-7.669609189033508301e-01 6.217320561408996582e-01
1.193492785096168518e-01 -2.797376215457916260e-01
-1.348372399806976318e-01 2.526749670505523682e-02
3.348578885197639465e-02 -1.170172467827796936e-01
6.545710563659667969e-02 -3.037360906600952148e-01
2.692222828045487404e-03 1.953461915254592896e-01
-2.090373188257217407e-01 3.402757346630096436e-01
-2.164769172668457031e-01 3.396517336368560791e-01
9.523452818393707275e-02 -1.417758762836456299e-01
-4.930811524391174316e-01 6.236112117767333984e-01
-5.469567775726318359e-01 5.851177573204040527e-01
2.869851291179656982e-01 -4.589840769767761230e-01
1.054186299443244934e-01 -8.236647397279739380e-02
1.433327645063400269e-01 -8.962208777666091919e-02
-1.505735665559768677e-01 4.341161996126174927e-02
-5.488374233245849609e-01 4.662089347839355469e-01
-4.131671041250228882e-02 -3.816412761807441711e-02
2.286520451307296753e-01 -4.584857225418090820e-01
2.615510225296020508e-01 -3.415982127189636230e-01
2.141806483268737793e-01 -3.310873210430145264e-01
-1.463319361209869385e-02 -8.012446016073226929e-02
-1.404541283845901489e-01 9.608069434762001038e-03
-1.363908797502517700e-01 3.344964981079101562e-01
4.791053533554077148e-01 -3.924773335456848145e-01
7.879588752985000610e-02 1.809358745813369751e-01
3.357735872268676758e-01 -2.507701814174652100e-01
-2.575606703758239746e-01 3.164618611335754395e-01
2.564890384674072266e-01 -3.625817298889160156e-01
8.562855422496795654e-03 -1.004480347037315369e-01
1.718060821294784546e-01 -3.186472356319427490e-01
4.644823670387268066e-01 -3.017643392086029053e-01
3.381901383399963379e-01 -3.626861870288848877e-01
-3.552764356136322021e-01 2.546864748001098633e-01
3.230604529380798340e-01 -4.686905741691589355e-01
1.260018199682235718e-01 -5.845147371292114258e-02
7.015931606292724609e-02 -5.623532831668853760e-02
6.298322677612304688e-01 -5.977389216423034668e-01
-3.434737324714660645e-01 3.470445871353149414e-01
3.476662039756774902e-01 -4.144753813743591309e-01
5.201185867190361023e-02 -5.473064631223678589e-02
1.278309464454650879e+00 -1.183696866035461426e+00
3.301263153553009033e-01 -3.855407834053039551e-01
1.569700092077255249e-01 -3.320681303739547729e-02
-1.904803216457366943e-01 3.573192283511161804e-02
6.511556506156921387e-01 -7.040071487426757812e-01
1.348472088575363159e-01 7.463326910510659218e-04
2.473163604736328125e-01 -1.374143064022064209e-01
1.864362955093383789e-01 -2.568992376327514648e-01
9.572080336511135101e-03 1.018670126795768738e-01
7.005046010017395020e-01 -6.935179233551025391e-01
8.753108233213424683e-02 -8.878779411315917969e-02
1.596118062734603882e-01 -1.943374127149581909e-01
-3.402383625507354736e-01 3.409831821918487549e-01
-3.107923865318298340e-01 2.208294421434402466e-01
-4.746024012565612793e-01 4.596593976020812988e-01
2.699519097805023193e-01 -2.942634224891662598e-01
1.529930084943771362e-01 -3.019241616129875183e-02
6.852278858423233032e-02 -1.156664565205574036e-01
-7.995431870222091675e-02 5.046907812356948853e-02
-6.637638807296752930e-02 1.710596084594726562e-01
4.753735661506652832e-01 -3.851206898689270020e-01
-5.452218055725097656e-01 6.392101645469665527e-01
6.009146571159362793e-01 -3.992916345596313477e-01
4.718790948390960693e-01 -3.642458617687225342e-01
1.008017882704734802e-01 -5.378517881035804749e-02
-2.660543099045753479e-02 5.928177759051322937e-02
-9.987210482358932495e-02 6.868343800306320190e-02
-7.884876728057861328e-01 6.613743901252746582e-01
5.151315331459045410e-01 -5.217764973640441895e-01
-2.250158637762069702e-01 9.800077229738235474e-02
-6.269773095846176147e-02 2.856290340423583984e-01
-2.147431224584579468e-01 1.966496706008911133e-01
3.523247539997100830e-01 -8.135844022035598755e-02
-4.213067889213562012e-01 2.809859812259674072e-01
-4.120860993862152100e-01 3.272570371627807617e-01
-1.144079044461250305e-01 1.753167808055877686e-01
-4.650007933378219604e-02 -1.501835733652114868e-01
-2.206640094518661499e-01 5.090319365262985229e-02
-6.238657236099243164e-01 7.991457581520080566e-01
1.239612046629190445e-02 -1.666290909051895142e-01
-3.477474153041839600e-01 3.535178601741790771e-01
1.238453388214111328e+00 -1.226794004440307617e+00
-1.004766941070556641e+00 9.944036602973937988e-01
-1.075955033302307129e-01 1.818601042032241821e-01
4.124190509319305420e-01 -3.135437965393066406e-01
-9.315195083618164062e-01 8.743866086006164551e-01
6.183270215988159180e-01 -4.761379957199096680e-01
-9.162566275335848331e-04 2.143581770360469818e-02
-9.840741753578186035e-01 1.003436803817749023e+00
1.086443439126014709e-01 1.836858107708394527e-03
7.683612108230590820e-01 -9.206502437591552734e-01
-3.016131818294525146e-01 4.150952398777008057e-01
3.200393617153167725e-01 -4.663042724132537842e-01
9.867081046104431152e-02 -2.607648968696594238e-01
2.045352905988693237e-01 -2.193168736994266510e-03
4.239132627844810486e-02 -1.143242642283439636e-01
3.150875568389892578e-01 -4.464373588562011719e-01
-2.543082833290100098e-01 4.474173486232757568e-01
3.433250486850738525e-01 -3.549219369888305664e-01
-3.261042535305023193e-01 1.734844297170639038e-01
2.523120641708374023e-01 -9.431429207324981689e-02
-6.869287788867950439e-02 6.420140271075069904e-04
7.226832509040832520e-01 -5.849972367286682129e-01
-4.100750759243965149e-02 5.941334646195173264e-03
2.572582960128784180e-01 -3.001191914081573486e-01
6.335622668266296387e-01 -5.875518918037414551e-01
-3.898858129978179932e-01 3.940970301628112793e-01
-5.131917595863342285e-01 6.427609920501708984e-01
-8.108359575271606445e-02 2.790822088718414307e-02
-1.054759621620178223e+00 1.128349661827087402e+00
3.263549208641052246e-01 -2.850421667098999023e-01
8.307420015335083008e-01 -8.609541058540344238e-01
1.203889772295951843e-01 -1.833373010158538818e-01
5.140320062637329102e-01 -3.240324556827545166e-01
1.672829240560531616e-01 -1.562243402004241943e-01
-2.495345622301101685e-01 4.538938403129577637e-01
4.750281199812889099e-02 -2.861541509628295898e-02
-2.766932547092437744e-01 1.694862693548202515e-01
1.858158223330974579e-02 8.375503867864608765e-02
1.320410519838333130e-01 -1.633675247430801392e-01
2.229709327220916748e-01 -1.288058012723922729e-01
1.150714159011840820e-01 -7.949726283550262451e-02
-1.298849135637283325e-01 5.593209713697433472e-02
-3.634567186236381531e-02 1.462994813919067383e-01
1.365047693252563477e-01 7.219847291707992554e-02
-4.245069921016693115e-01 2.525291442871093750e-01
-7.485621422529220581e-02 1.554343551397323608e-01
8.374100923538208008e-02 -1.280888319015502930e-01
-2.690387964248657227e-01 1.064012348651885986e-01
3.899863362312316895e-01 -1.837803572416305542e-01
-1.965959370136260986e-01 1.461047381162643433e-01
-2.708452045917510986e-01 2.124628424644470215e-01
6.578549742698669434e-02 -8.320498466491699219e-02
1.075007691979408264e-01 -1.349067389965057373e-01
9.279090166091918945e-02 -2.531217932701110840e-01
-3.630895018577575684e-01 2.092176675796508789e-01
4.545748531818389893e-01 -1.005228832364082336e-01
-1.196584198623895645e-02 -1.572391390800476074e-01
1.999955624341964722e-01 -6.293661147356033325e-02
-6.255696713924407959e-02 6.191980466246604919e-02
-3.494471684098243713e-02 -1.895938813686370850e-02
-2.045148611068725586e-01 1.868473142385482788e-01
-8.067685365676879883e-02 9.769088774919509888e-02
-2.146486937999725342e-01 4.519134387373924255e-02
-2.350025624036788940e-01 1.900069415569305420e-01
1.148763820528984070e-01 1.365299075841903687e-01
-1.993475258350372314e-01 4.256303608417510986e-01
-8.252576738595962524e-02 8.360718190670013428e-02
-8.426532149314880371e-02 1.619075834751129150e-01
1.674749702215194702e-01 -1.805069744586944580e-01
-5.538252368569374084e-02 4.833559319376945496e-02
-9.199748188257217407e-02 -1.266772896051406860e-01
-2.056875079870223999e-01 1.365629732608795166e-01
2.359304949641227722e-02 -1.389668285846710205e-01
-1.032233834266662598e-01 7.694474607706069946e-02
-1.473871767520904541e-01 8.035992830991744995e-02
-4.099680483341217041e-02 -6.303954124450683594e-02
2.759104967117309570e-01 -2.825397551059722900e-01
1.383240520954132080e-01 5.967921391129493713e-02
2.371620535850524902e-01 -1.820481866598129272e-01
-1.723234355449676514e-01 9.278551489114761353e-02
-1.512304972857236862e-02 1.506087929010391235e-02
2.385298013687133789e-01 5.048682913184165955e-02
-2.769790403544902802e-02 -7.176928967237472534e-02
2.819816954433917999e-02 -1.381006836891174316e-01
6.112582981586456299e-02 -5.413452163338661194e-02
-9.696520119905471802e-02 8.625378459692001343e-02
1.458243578672409058e-01 -7.321000844240188599e-02
1.722893714904785156e-01 -1.794198453426361084e-01
5.328284204006195068e-02 1.531532257795333862e-01
-3.098336458206176758e-01 2.298022508621215820e-01
9.693630784749984741e-02 -4.198237881064414978e-02
2.966735064983367920e-01 -1.285611242055892944e-01
-8.937329985201358795e-04 1.186178624629974365e-01
2.103663682937622070e-01 -1.354464292526245117e-01
4.294355213642120361e-01 -3.938443362712860107e-01
