-5.607704073190689087e-02 -6.977058202028274536e-02
-3.902010992169380188e-02 -1.258452534675598145e-01
-1.203645579516887665e-02 1.701129227876663208e-01
-3.447686731815338135e-01 2.094717770814895630e-01
-2.965373359620571136e-02 1.079534664750099182e-01
-4.501292854547500610e-02 1.624960824847221375e-02
1.203112229704856873e-01 -1.654757112264633179e-01
1.622802764177322388e-02 -2.993682958185672760e-02
-2.338746935129165649e-01 3.914482295513153076e-01
2.138699144124984741e-01 -1.189091652631759644e-01
-7.302680611610412598e-02 1.708208918571472168e-01
2.535218000411987305e-02 1.005177572369575500e-02
-4.163406044244766235e-02 -1.570702046155929565e-01
1.802326589822769165e-01 -1.600841730833053589e-01
-3.350740075111389160e-01 2.048405408859252930e-01
-6.657952442765235901e-03 -3.947043791413307190e-02
7.238533347845077515e-02 8.105307817459106445e-02
2.657044120132923126e-02 -2.033554315567016602e-01
-5.696325749158859253e-02 7.584276050329208374e-02
-7.879386097192764282e-02 2.130089402198791504e-01
-7.656965404748916626e-02 -7.410408556461334229e-02
8.410109579563140869e-02 -5.553680658340454102e-02
-1.390127539634704590e-01 3.759057223796844482e-01
1.257254630327224731e-01 -4.176819026470184326e-01
2.851697206497192383e-01 -4.807559773325920105e-02
-9.589439630508422852e-02 8.547610044479370117e-02
-9.973543137311935425e-02 1.180796697735786438e-01
1.451123058795928955e-01 -2.634205818176269531e-01
-4.073240794241428375e-03 1.972581744194030762e-01
-3.320826217532157898e-02 -1.453200262039899826e-02
1.438259929418563843e-01 9.943536669015884399e-02
-3.855157643556594849e-02 1.008115485310554504e-01
5.467974115163087845e-03 5.748357996344566345e-02
-1.367971897125244141e-01 1.357433944940567017e-01
8.634807914495468140e-02 5.928896367549896240e-02
8.165882527828216553e-02 -2.068764418363571167e-01
-2.805762588977813721e-01 1.035107746720314026e-01
-4.154199734330177307e-03 -5.099313333630561829e-02
3.408873081207275391e-02 -1.216330826282501221e-01
-3.491140156984329224e-02 5.668492242693901062e-02
3.042659163475036621e-02 -7.401675730943679810e-02
2.630700170993804932e-01 -1.475198566913604736e-01
-3.226609528064727783e-01 2.207123935222625732e-01
3.548267483711242676e-02 -1.644528955221176147e-01
8.708310872316360474e-02 -7.878793030977249146e-02
-1.509073562920093536e-02 1.377420425415039062e-01
1.220376491546630859e-01 -3.063753247261047363e-01
-2.495904266834259033e-01 1.787809580564498901e-01
-1.703013926744461060e-01 7.734429091215133667e-02
-3.062515258789062500e-01 2.553176879882812500e-01
-2.298683971166610718e-01 -1.125718131661415100e-01
8.079125732183456421e-02 5.612057168036699295e-03
3.631610870361328125e-01 -3.007394373416900635e-01
1.483647711575031281e-02 -3.686610609292984009e-02
-8.436574041843414307e-02 -1.325466483831405640e-01
-6.888998299837112427e-02 -5.152114853262901306e-02
1.455421298742294312e-01 1.140649840235710144e-01
-1.290109455585479736e-01 5.363783612847328186e-02
1.578263640403747559e-01 1.195149272680282593e-01
-1.601660102605819702e-01 1.919232308864593506e-01
-2.179581969976425171e-01 2.498925775289535522e-01
8.339209854602813721e-02 -2.382539361715316772e-01
-9.379290044307708740e-02 1.785421520471572876e-01
8.356724679470062256e-02 1.123821437358856201e-01
-2.631826326251029968e-02 -1.054823175072669983e-01
-9.639554470777511597e-02 2.043467760086059570e-02
-3.051020205020904541e-01 3.688521981239318848e-01
-8.835408091545104980e-02 2.093540281057357788e-01
-6.072956919670104980e-01 3.576467931270599365e-01
-3.847424685955047607e-01 3.418151438236236572e-01
6.943244338035583496e-01 -6.697741746902465820e-01
-6.178028881549835205e-02 -1.331191360950469971e-01
-2.715230882167816162e-01 9.320978820323944092e-02
9.816892445087432861e-02 -4.364055022597312927e-02
-1.873998343944549561e-01 1.982177048921585083e-01
-3.888174593448638916e-01 1.470794379711151123e-01
1.433037221431732178e-01 -1.639941036701202393e-01
-2.282084822654724121e-01 8.713486045598983765e-02
3.209168463945388794e-02 2.514511048793792725e-01
-3.013554401695728302e-02 9.369834512472152710e-02
2.575681507587432861e-01 -4.936639070510864258e-01
2.738666534423828125e-01 -3.137509822845458984e-01
-2.791518270969390869e-01 3.696585297584533691e-01
-3.650052100419998169e-02 -4.284987971186637878e-02
4.513058364391326904e-01 -4.506127536296844482e-01
-2.039602249860763550e-01 -6.201487500220537186e-03
-1.244543194770812988e-01 1.197403818368911743e-01
4.403291344642639160e-01 -1.945981234312057495e-01
2.532428801059722900e-01 -5.219770073890686035e-01
3.040574789047241211e-01 -4.267824888229370117e-01
-1.791843920946121216e-01 3.243758156895637512e-02
-3.786085173487663269e-02 1.192099303007125854e-01
3.758664429187774658e-01 -1.764720529317855835e-01
-3.495535552501678467e-01 2.548704743385314941e-01
1.169851794838905334e-01 -1.576782464981079102e-01
-3.652512654662132263e-02 5.877845361828804016e-02
3.609102964401245117e-01 -3.802425563335418701e-01
-4.639785364270210266e-02 2.520767748355865479e-01
4.232724010944366455e-01 -3.069781064987182617e-01
3.133223056793212891e-01 -1.277488470077514648e-01
-6.681812554597854614e-02 5.847877264022827148e-02
-5.989258885383605957e-01 3.188703358173370361e-01
-8.696994185447692871e-02 1.568216234445571899e-01
-5.189218744635581970e-02 1.896285265684127808e-01
2.660073339939117432e-01 -2.755834162235260010e-01
5.895784497261047363e-01 -5.980744361877441406e-01
-1.317364573478698730e-01 6.466551870107650757e-02
-1.868916600942611694e-01 3.317335844039916992e-01
-1.702398955821990967e-01 5.067643895745277405e-02
-3.650255501270294189e-01 4.231780171394348145e-01
5.953678488731384277e-01 -6.131047010421752930e-01
-3.325126767158508301e-01 6.874135732650756836e-01
-3.408290743827819824e-01 4.074950516223907471e-01
-2.021025419235229492e-01 3.112101554870605469e-01
-1.010129675269126892e-01 1.170054152607917786e-01
-1.455250084400177002e-01 9.876865148544311523e-02
3.606833517551422119e-01 -3.770993649959564209e-01
-1.922497749328613281e-01 1.988395452499389648e-01
2.247933596372604370e-01 -2.243214994668960571e-01
-3.298954665660858154e-01 1.241963505744934082e-01
-6.486726552248001099e-02 -9.035105258226394653e-02
1.873316466808319092e-01 -1.103983297944068909e-01
-9.189335256814956665e-02 -4.109897837042808533e-02
-7.678846716880798340e-01 7.382521629333496094e-01
1.286333054304122925e-01 3.609128296375274658e-03
3.983904048800468445e-02 6.242207437753677368e-02
1.717694401741027832e-01 -1.140373721718788147e-01
-1.273162811994552612e-01 1.585109978914260864e-01
-3.536228835582733154e-01 4.839255809783935547e-01
-3.616756573319435120e-02 -1.103912815451622009e-01
1.135157123208045959e-01 -6.282369047403335571e-02
2.654815837740898132e-02 1.050868816673755646e-02
-1.100403442978858948e-01 3.643053397536277771e-02
-1.818359643220901489e-01 2.715160250663757324e-01
9.068247675895690918e-01 -9.211220741271972656e-01
-1.684213876724243164e-01 3.254506289958953857e-01
3.726932704448699951e-01 -4.056962728500366211e-01
-6.433712244033813477e-01 6.047552824020385742e-01
-1.002267479896545410e+00 9.716945290565490723e-01
-1.282784700393676758e+00 1.217264056205749512e+00
5.325813889503479004e-01 -4.190946817398071289e-01
9.383559226989746094e-01 -8.968340158462524414e-01
9.976558387279510498e-02 -1.964742392301559448e-01
-5.311958193778991699e-01 2.193066775798797607e-01
-7.068314403295516968e-02 -3.201589733362197876e-02
-6.420304775238037109e-01 7.482652664184570312e-01
-9.515342861413955688e-02 2.050286680459976196e-01
1.432915180921554565e-01 -3.217014074325561523e-01
-1.767108589410781860e-01 2.091250419616699219e-01
-2.358249947428703308e-02 -2.960737645626068115e-01
2.945644259452819824e-01 -1.589573770761489868e-01
-2.939025759696960449e-01 1.636896431446075439e-01
6.996982097625732422e-01 -4.952563047409057617e-01
4.608399569988250732e-01 -5.846884250640869141e-01
1.579283364117145538e-02 -5.635961145162582397e-02
2.506155148148536682e-02 -1.017069350928068161e-02
-3.399658575654029846e-02 -2.672934830188751221e-01
-2.712866663932800293e-01 1.770769357681274414e-01
7.789314389228820801e-01 -7.676120400428771973e-01
-5.554916858673095703e-01 3.302235603332519531e-01
5.227980017662048340e-01 -6.627733707427978516e-01
-4.403938651084899902e-01 5.513376593589782715e-01
1.241919040679931641e+00 -1.147987842559814453e+00
9.122136980295181274e-02 -1.711027622222900391e-01
-6.453573703765869141e-01 6.898394823074340820e-01
-2.567651867866516113e-02 1.472464203834533691e-01
3.490899801254272461e-01 -1.541305929422378540e-01
-1.719305813312530518e-01 3.372035920619964600e-02
1.156942367553710938e+00 -1.262544989585876465e+00
3.985897898674011230e-01 -4.172447621822357178e-01
-4.380259215831756592e-01 6.245545148849487305e-01
1.365338206291198730e+00 -1.359921336174011230e+00
-2.223047763109207153e-01 2.991407513618469238e-01
-1.820512115955352783e-01 3.470469415187835693e-01
2.055365890264511108e-01 -3.418222665786743164e-01
-4.016675949096679688e-01 3.067479133605957031e-01
-2.137017250061035156e-01 1.207207888364791870e-01
5.311008691787719727e-01 -3.144652843475341797e-01
-5.024548768997192383e-01 3.970881104469299316e-01
-2.938959002494812012e-01 1.771973371505737305e-01
6.245178580284118652e-01 -4.987209737300872803e-01
-8.951022624969482422e-01 9.545705318450927734e-01
-3.114173114299774170e-01 2.558854222297668457e-01
-6.893592476844787598e-01 7.904953360557556152e-01
-2.671747803688049316e-01 2.447858899831771851e-01
-4.356359541416168213e-01 3.546636998653411865e-01
1.768026687204837799e-02 -1.875524669885635376e-01
1.419834792613983154e-01 -5.115296691656112671e-02
4.745693206787109375e-01 -5.191789269447326660e-01
7.208626866340637207e-01 -4.874114990234375000e-01
2.459817752242088318e-02 8.231016993522644043e-02
-1.036494016647338867e+00 1.014516711235046387e+00
-1.675007790327072144e-01 7.632458209991455078e-02
-2.378175035119056702e-03 3.311822935938835144e-02
-5.633715167641639709e-02 3.185651823878288269e-02
-3.713300526142120361e-01 1.628948599100112915e-01
-1.157722342759370804e-02 1.777524352073669434e-01
1.255002319812774658e-01 -1.705154031515121460e-01
6.489863991737365723e-02 1.145499050617218018e-01
-4.184019863605499268e-01 4.102099239826202393e-01
1.131307557225227356e-01 6.182523444294929504e-02
-2.321880608797073364e-01 2.390344738960266113e-01
-2.440364956855773926e-01 2.786954641342163086e-01
-4.152732342481613159e-02 1.645255535840988159e-01
-8.777519315481185913e-02 -9.067864157259464264e-04
2.626662552356719971e-01 -1.989163011312484741e-01
-4.490870982408523560e-02 -1.048821210861206055e-01
2.605657838284969330e-02 -6.689964234828948975e-02
-9.428065270185470581e-02 2.485688179731369019e-01
-3.347329795360565186e-01 5.387403964996337891e-01
-2.648420929908752441e-01 1.337729245424270630e-01
1.356821209192276001e-01 -8.973129838705062866e-02
-4.453942552208900452e-02 5.944385752081871033e-02
-4.704255983233451843e-02 1.883505135774612427e-01
2.024223059415817261e-01 -1.470299661159515381e-01
2.602089941501617432e-01 -3.958030939102172852e-01
-1.124901995062828064e-01 1.285867542028427124e-01
1.311815977096557617e-01 -2.192252874374389648e-01
-1.303351819515228271e-01 -9.060071408748626709e-02
2.363940179347991943e-01 -2.445297092199325562e-01
-1.791070997714996338e-01 4.083592072129249573e-02
1.863569468259811401e-01 -1.639547944068908691e-01
4.194484353065490723e-01 -4.586251378059387207e-01
-2.813747227191925049e-01 2.216421365737915039e-01
-3.236156404018402100e-01 3.403721153736114502e-01
-5.141616463661193848e-01 2.090981155633926392e-01
7.474831938743591309e-01 -5.065767168998718262e-01
-1.461877375841140747e-01 5.001375451683998108e-02
-1.913240551948547363e-01 9.608215838670730591e-02
-8.142538368701934814e-02 5.477424710988998413e-02
-2.861179597675800323e-02 -1.360689252614974976e-01
-1.365328133106231689e-01 9.967859089374542236e-02
3.187245130538940430e-01 -3.942441344261169434e-01
3.683571144938468933e-02 -6.909370422363281250e-02
-3.850277662277221680e-01 3.716210424900054932e-01
1.415549665689468384e-01 7.718206383287906647e-03
6.193298101425170898e-02 9.068107604980468750e-02
-4.310066103935241699e-01 3.253176212310791016e-01
5.025031045079231262e-02 -4.574453923851251602e-03
6.590642780065536499e-02 -1.530470103025436401e-01
9.055382758378982544e-02 8.733234554529190063e-02
-2.467829138040542603e-01 2.738344483077526093e-02
2.018134444952011108e-01 1.835672184824943542e-02
1.508702039718627930e-01 -2.626814246177673340e-01
-3.238746523857116699e-02 2.168265581130981445e-01
-1.304178982973098755e-01 3.103764653205871582e-01
1.453345865011215210e-01 -1.908417046070098877e-01
-3.864907920360565186e-01 2.939101457595825195e-01
-2.608645260334014893e-01 2.003037035465240479e-01
-2.432793974876403809e-01 2.671780288219451904e-01
2.593575716018676758e-01 -4.368661642074584961e-01
-9.992768615484237671e-02 4.624141752719879150e-02
-7.027914375066757202e-02 -3.253297135233879089e-02
4.803630411624908447e-01 -4.754687845706939697e-01
-5.142320990562438965e-01 4.560700356960296631e-01
-4.940777719020843506e-01 5.811556577682495117e-01
