-9.382005035877227783e-02 6.807740777730941772e-02
2.830953150987625122e-02 -7.499878108501434326e-02
-5.981070920825004578e-02 1.284917443990707397e-01
-3.213606309145689011e-03 6.979272514581680298e-02
6.730883568525314331e-02 -1.155681610107421875e-01
2.874730899930000305e-02 1.116404980421066284e-01
-4.566079005599021912e-02 3.476475477218627930e-01
-1.646097004413604736e-01 1.195560321211814880e-01
-8.142700046300888062e-02 -1.109528467059135437e-01
1.384191066026687622e-01 -1.600134968757629395e-01
1.648515462875366211e-01 -1.456306222826242447e-02
1.066313087940216064e-01 9.458535909652709961e-02
5.527208000421524048e-02 -7.673080835957080126e-05
-2.591929771006107330e-02 -6.183195859193801880e-02
7.718100398778915405e-02 2.466246858239173889e-02
1.312068104743957520e-01 3.678566217422485352e-02
-9.552978724241256714e-02 9.103573113679885864e-02
-3.135053068399429321e-02 1.040202751755714417e-01
1.707876846194267273e-02 -1.256004571914672852e-01
1.586945541203022003e-02 -1.446708589792251587e-01
8.126112818717956543e-02 -1.616586744785308838e-01
5.182858556509017944e-02 -2.119516720995306969e-03
-1.845037043094635010e-01 -1.450696308165788651e-02
-5.614273715764284134e-03 1.021678838878870010e-02
-1.346801221370697021e-01 9.935998916625976562e-02
-5.159059911966323853e-02 4.423825070261955261e-02
1.099963262677192688e-01 -2.716439776122570038e-02
1.075396314263343811e-01 -2.037420719861984253e-01
-1.232254207134246826e-01 1.362596601247787476e-01
-1.083942055702209473e-01 1.529053896665573120e-01
-1.664438247680664062e-01 3.986965119838714600e-02
1.907677054405212402e-01 -1.328476220369338989e-01
2.159516513347625732e-02 -1.023385450243949890e-01
-8.347500860691070557e-02 1.105841919779777527e-01
8.447149395942687988e-02 -9.555948525667190552e-02
-9.255475550889968872e-02 -4.846179485321044922e-02
6.517470628023147583e-02 -1.211931556463241577e-01
2.156727612018585205e-01 -3.832422941923141479e-02
2.588726878166198730e-01 -4.790407791733741760e-02
-2.257676720619201660e-01 7.229021191596984863e-02
-2.108475267887115479e-01 2.586651593446731567e-02
1.364924758672714233e-01 -1.368690431118011475e-01
1.078796088695526123e-01 -3.331311047077178955e-02
-2.552033774554729462e-02 -1.721378415822982788e-01
1.870313435792922974e-01 4.744794592261314392e-02
4.259952902793884277e-02 1.350986361503601074e-01
7.309462875127792358e-02 -8.199518173933029175e-02
-2.149570547044277191e-02 9.153851866722106934e-02
9.619782865047454834e-02 -1.817192137241363525e-01
5.898744240403175354e-02 -5.098453536629676819e-02
1.199890971183776855e-01 1.105879917740821838e-01
-1.146097034215927124e-01 1.588870882987976074e-01
-1.877657622098922729e-01 1.030036807060241699e-01
-9.356522560119628906e-02 1.985748261213302612e-01
-9.486167877912521362e-02 1.756042838096618652e-01
-1.456015259027481079e-01 2.004498839378356934e-01
1.344017684459686279e-01 -2.532386481761932373e-01
-1.481362432241439819e-01 1.759358346462249756e-01
-9.985810518264770508e-02 1.310734599828720093e-01
1.195133253931999207e-01 -3.655583038926124573e-02
1.257555931806564331e-01 -5.728229880332946777e-02
-9.253879636526107788e-02 1.201788056641817093e-02
-7.975465804338455200e-02 2.144751138985157013e-02
-3.948102518916130066e-02 -1.799264997243881226e-01
-4.733598977327346802e-02 3.068457124754786491e-03
4.030371084809303284e-02 -1.916362196207046509e-01
-1.237774640321731567e-02 3.903480991721153259e-02
-2.308179289102554321e-01 2.660142183303833008e-01
1.571745276451110840e-01 -9.044526517391204834e-02
1.119345277547836304e-01 -2.984952926635742188e-01
-2.399663627147674561e-01 3.463871181011199951e-01
-1.742807179689407349e-01 2.206612378358840942e-01
-2.218973338603973389e-01 1.997055709362030029e-01
1.629293709993362427e-01 -1.030859872698783875e-01
-1.330690532922744751e-01 1.088672429323196411e-01
1.128519400954246521e-01 5.601767078042030334e-02
-8.211740851402282715e-02 6.534255295991897583e-02
-1.598170399665832520e-02 -7.911425828933715820e-02
-1.583741791546344757e-02 -1.571667939424514771e-01
1.102010309696197510e-01 -1.398136019706726074e-01
5.028760060667991638e-02 -4.123766347765922546e-02
-2.993606030941009521e-01 -9.251276031136512756e-03
2.116400562226772308e-02 -2.734411060810089111e-01
-2.582521736621856689e-01 6.641276180744171143e-02
1.146608665585517883e-01 -1.433214694261550903e-01
2.146104723215103149e-01 -7.183119654655456543e-02
-1.358001679182052612e-01 1.831264793872833252e-01
7.081695366650819778e-03 -1.355575919151306152e-01
1.019529439508914948e-02 3.310800343751907349e-02
1.175493374466896057e-02 2.941651642322540283e-01
-1.022042557597160339e-01 2.430210411548614502e-01
2.383752018213272095e-01 -7.431527227163314819e-02
-5.809254199266433716e-02 1.749024242162704468e-01
-1.706064492464065552e-01 8.266158401966094971e-02
-1.751824766397476196e-01 7.062551379203796387e-02
2.074890583753585815e-01 -1.823253482580184937e-01
1.001672539860010147e-02 6.505311280488967896e-02
-2.434355616569519043e-01 3.519679903984069824e-01
-9.955911338329315186e-02 3.260438144207000732e-01
7.616391777992248535e-02 1.851826091296970844e-04
-1.490532904863357544e-01 -3.256496042013168335e-02
-1.338704824447631836e-01 8.978649228811264038e-02
2.161854952573776245e-01 -1.161357760429382324e-01
-2.326658517122268677e-01 4.748550802469253540e-02
-7.326063513755798340e-02 -1.348796486854553223e-01
1.977946460247039795e-01 -2.211259603500366211e-01
2.804105877876281738e-01 -1.680219620466232300e-01
5.347707122564315796e-02 -2.657623887062072754e-01
2.263984829187393188e-01 -9.657116979360580444e-02
-6.617736537009477615e-03 -8.437582105398178101e-02
2.192632108926773071e-01 -7.458396255970001221e-02
-4.355851188302040100e-02 -1.900885626673698425e-02
1.598520725965499878e-01 -9.194719791412353516e-02
-7.566320151090621948e-02 1.588986217975616455e-01
1.533624976873397827e-01 -2.164032161235809326e-01
1.565759927034378052e-01 4.906861111521720886e-02
-9.852678328752517700e-02 2.332967072725296021e-01
1.378826946020126343e-01 -1.124247536063194275e-01
-1.827197074890136719e-01 4.630890488624572754e-02
1.342461328022181988e-03 2.518644556403160095e-02
1.685756891965866089e-01 -5.706493183970451355e-02
-8.483862876892089844e-02 5.680879577994346619e-02
-1.672500669956207275e-01 1.407718285918235779e-02
-2.078836411237716675e-01 1.340118199586868286e-01
-2.255822867155075073e-01 1.408944129943847656e-01
-4.299194738268852234e-02 1.239187642931938171e-01
-3.252800926566123962e-02 1.461850255727767944e-01
6.124591454863548279e-02 -1.713092178106307983e-01
2.474352121353149414e-01 -2.323790639638900757e-01
1.807233095169067383e-01 -5.071713775396347046e-02
1.330876499414443970e-01 -1.298985630273818970e-01
1.177512034773826599e-01 4.007101804018020630e-02
-1.372702419757843018e-01 5.878741294145584106e-02
2.281612008810043335e-01 -6.909506767988204956e-02
2.440932989120483398e-01 -4.638902097940444946e-02
-1.332606822252273560e-01 1.540195643901824951e-01
5.043476447463035583e-02 -1.963421106338500977e-01
-9.821497648954391479e-02 7.538358122110366821e-02
1.964396238327026367e-01 -2.418600171804428101e-01
2.348292320966720581e-01 -1.117231994867324829e-01
1.803837157785892487e-02 -1.401644051074981689e-01
-1.456105411052703857e-01 2.065180391073226929e-01
8.733185380697250366e-02 -2.091705650091171265e-01
2.332847863435745239e-01 -6.123463436961174011e-02
2.027373760938644409e-01 3.770477324724197388e-02
1.739878505468368530e-01 -1.312321424484252930e-01
2.027866691350936890e-01 -1.248991861939430237e-01
-6.238150969147682190e-02 8.492522686719894409e-02
-4.345301166176795959e-02 -2.940200567245483398e-01
1.830109208822250366e-01 2.035563066601753235e-02
-1.660936027765274048e-01 2.877956926822662354e-01
-4.160101711750030518e-02 7.312414795160293579e-02
2.021039724349975586e-01 -5.501962453126907349e-02
2.289480417966842651e-01 -3.081592619419097900e-01
-1.230096966028213501e-01 2.105600684881210327e-01
-1.157005950808525085e-01 3.696947544813156128e-02
7.065713405609130859e-02 -9.817650914192199707e-02
1.591126471757888794e-01 -1.260757148265838623e-01
-1.962351202964782715e-01 4.555689916014671326e-02
1.844582408666610718e-01 -1.126982942223548889e-01
5.837846919894218445e-02 -1.213290840387344360e-01
-1.429183483123779297e-01 9.954700618982315063e-02
-1.344829648733139038e-01 2.419275492429733276e-01
-3.455547243356704712e-02 1.283605843782424927e-01
1.471187621355056763e-01 -1.619082987308502197e-01
-8.673944324254989624e-02 1.461235731840133667e-01
-1.513229161500930786e-01 -1.043822541832923889e-01
-6.167449802160263062e-02 1.165779381990432739e-01
-1.002728417515754700e-01 1.512952297925949097e-01
1.756456047296524048e-01 -2.612464129924774170e-01
-7.966867089271545410e-02 1.649440973997116089e-01
8.285036683082580566e-02 -1.944935172796249390e-01
1.113626807928085327e-01 8.077440410852432251e-02
1.712450981140136719e-01 5.102244019508361816e-02
1.032626256346702576e-01 7.384905219078063965e-02
-1.397244483232498169e-01 7.010949403047561646e-02
2.223285883665084839e-01 2.275755256414413452e-02
-3.593983501195907593e-02 -2.306031249463558197e-02
-2.827469073235988617e-02 -4.654550179839134216e-02
-2.363846004009246826e-01 1.722227632999420166e-01
-2.713166773319244385e-01 2.314894199371337891e-01
2.885558605194091797e-01 -6.845159828662872314e-02
-5.981529504060745239e-02 1.983889192342758179e-01
6.667570769786834717e-02 -1.477462053298950195e-01
5.290653184056282043e-02 -1.418629437685012817e-01
2.083215713500976562e-01 -9.516599774360656738e-02
-2.257730513811111450e-01 1.289775520563125610e-01
1.386096775531768799e-01 1.310798823833465576e-01
1.976194977760314941e-01 -5.900648608803749084e-02
-3.212496936321258545e-01 2.444989681243896484e-01
1.210021041333675385e-02 -1.919802627526223660e-03
6.323665380477905273e-02 -1.403510570526123047e-01
-7.352983206510543823e-02 2.699147537350654602e-02
2.305260598659515381e-01 -6.811002641916275024e-02
-1.467668171972036362e-02 1.158954426646232605e-01
-1.388075351715087891e-01 2.060841023921966553e-01
-9.337524324655532837e-02 6.696595996618270874e-02
3.716529160737991333e-02 -7.347525656223297119e-02
6.474955379962921143e-02 -1.279225796461105347e-01
-1.703557670116424561e-01 1.668354421854019165e-01
9.847284108400344849e-02 1.936816610395908356e-02
5.998270958662033081e-02 -1.219792440533638000e-01
5.746787413954734802e-02 -6.341661512851715088e-02
1.435917913913726807e-01 -2.125749439001083374e-01
3.262758255004882812e-01 -1.656786948442459106e-01
1.946058422327041626e-01 -2.950114011764526367e-01
1.083085015416145325e-01 -1.428507268428802490e-01
-1.583043858408927917e-02 -1.844918429851531982e-01
2.279687970876693726e-01 -1.154241561889648438e-01
7.420421391725540161e-02 -2.658374905586242676e-01
-4.959551151841878891e-03 -6.204568222165107727e-02
3.308831527829170227e-02 -1.255088299512863159e-01
-1.960179582238197327e-02 -5.041912663727998734e-03
1.975901871919631958e-01 -2.124609947204589844e-01
-2.426369637250900269e-01 2.546927332878112793e-01
-6.082461774349212646e-02 1.051160413771867752e-02
1.740391254425048828e-01 -4.400497302412986755e-02
1.389871351420879364e-02 8.719107508659362793e-02
1.305933948606252670e-02 4.583324864506721497e-02
7.023820187896490097e-03 1.259693503379821777e-01
1.964977830648422241e-01 -1.952779591083526611e-01
-2.499542087316513062e-01 -5.796682462096214294e-02
-2.054502367973327637e-01 -1.878538914024829865e-02
2.524405419826507568e-01 -2.117270417511463165e-02
1.402325183153152466e-01 -6.763835251331329346e-02
-1.332395970821380615e-01 1.916867643594741821e-01
3.445111587643623352e-02 -9.380263090133666992e-02
-3.418666124343872070e-02 8.169742673635482788e-02
-2.411948740482330322e-01 2.017364650964736938e-01
-8.147441782057285309e-03 -3.398891538381576538e-03
2.214282900094985962e-01 -1.493683904409408569e-01
1.001079231500625610e-01 -3.322906792163848877e-02
7.140951603651046753e-02 1.354810744524002075e-01
9.307683259248733521e-02 -1.062016040086746216e-01
3.363925963640213013e-03 1.429090052843093872e-01
2.445879429578781128e-01 -1.750662773847579956e-01
-8.299352973699569702e-02 1.623064465820789337e-02
-2.574166357517242432e-01 1.271344870328903198e-01
-4.080997034907341003e-02 -5.087334662675857544e-02
-2.796738743782043457e-01 1.763531565666198730e-01
1.080008447170257568e-01 -3.622505441308021545e-02
6.938901543617248535e-02 -9.221369400620460510e-03
-4.524080082774162292e-02 5.224021151661872864e-03
-2.486346513032913208e-01 1.113434880971908569e-01
-4.693052032962441444e-04 2.344831973314285278e-01
-1.095853447914123535e-01 3.975716605782508850e-02
-1.967807561159133911e-01 1.013193204998970032e-01
-7.342127710580825806e-02 -1.167300194501876831e-01
-1.403296440839767456e-01 -5.990158021450042725e-02
-2.431886196136474609e-01 2.671194374561309814e-01
-9.610171616077423096e-02 -4.592467099428176880e-02
3.488136827945709229e-02 -1.291745305061340332e-01
6.066315993666648865e-02 1.550536155700683594e-01
3.299512863159179688e-01 -5.231229588389396667e-02
3.587001189589500427e-02 1.138893067836761475e-01
-2.520550191402435303e-01 9.839498251676559448e-02
