8.366750180721282959e-02 6.710012257099151611e-02
-1.339622586965560913e-01 -5.802735313773155212e-02
1.029372885823249817e-01 -3.449319899082183838e-01
-4.449368417263031006e-01 4.131554365158081055e-01
2.510614395141601562e-01 -3.504463136196136475e-01
-4.120538830757141113e-01 3.803448975086212158e-01
-3.755559027194976807e-01 6.873663514852523804e-02
-3.600251674652099609e-01 6.016656756401062012e-01
3.356651663780212402e-01 -2.729150950908660889e-01
-2.540698647499084473e-01 4.556667208671569824e-01
-1.829701066017150879e-01 4.005195200443267822e-02
-2.742813825607299805e-01 2.161989212036132812e-01
3.308591619133949280e-02 -1.543459892272949219e-01
-3.054453432559967041e-01 4.723902344703674316e-01
-2.004000125452876091e-03 -5.430694296956062317e-02
-8.688198029994964600e-02 -2.041013985872268677e-01
1.825453341007232666e-01 -2.518774569034576416e-01
-1.089707911014556885e-01 1.820252835750579834e-01
-3.675114512443542480e-01 2.407074719667434692e-01
4.655170440673828125e-01 -3.833386600017547607e-01
4.223639890551567078e-02 -1.546797752380371094e-01
1.522537469863891602e-01 -1.817109584808349609e-01
2.296762168407440186e-01 -1.375214010477066040e-01
-1.375285685062408447e-01 3.321630656719207764e-01
-3.603236079216003418e-01 3.829773664474487305e-01
-8.830262720584869385e-02 4.243288934230804443e-02
-2.835152745246887207e-01 1.237829849123954773e-01
1.338737010955810547e-01 -1.702485084533691406e-01
8.973614126443862915e-02 -2.984567545354366302e-03
3.120703995227813721e-01 -4.104689061641693115e-01
2.170944511890411377e-01 -1.913186758756637573e-01
4.120487272739410400e-01 -1.870915293693542480e-01
2.961926162242889404e-01 -2.323735058307647705e-01
-8.097404986619949341e-02 2.612251341342926025e-01
-3.533619940280914307e-01 4.455006420612335205e-01
1.288208086043596268e-02 1.880837529897689819e-01
2.747609913349151611e-01 -4.413309395313262939e-01
1.137910485267639160e-01 -7.886095903813838959e-03
-5.127422213554382324e-01 7.260800600051879883e-01
5.584633350372314453e-01 -5.765145421028137207e-01
2.972270846366882324e-01 -6.190785020589828491e-02
-2.185779064893722534e-01 2.048110216856002808e-01
1.770304143428802490e-02 -9.937506169080734253e-02
8.909375220537185669e-02 -6.996099650859832764e-02
-3.902162015438079834e-01 4.342827498912811279e-01
4.080343246459960938e-02 1.425078064203262329e-01
-4.074754416942596436e-01 2.434726208448410034e-01
-6.552260369062423706e-02 -6.038726866245269775e-02
-1.518793851137161255e-01 -1.187084615230560303e-01
1.615878045558929443e-01 -1.680986434221267700e-01
2.588829696178436279e-01 -4.017574489116668701e-01
-3.335379362106323242e-01 2.557826936244964600e-01
1.149803102016448975e-01 -1.737446486949920654e-01
-8.026119321584701538e-02 1.391088366508483887e-01
5.069544315338134766e-01 -6.153065562248229980e-01
4.046144187450408936e-01 -4.134346842765808105e-01
2.486793994903564453e-01 -1.113289222121238708e-01
-1.449031829833984375e-01 2.222982347011566162e-01
6.182498335838317871e-01 -5.689749121665954590e-01
8.674185723066329956e-02 -2.272683382034301758e-01
-7.832975685596466064e-02 1.287129968404769897e-01
-2.344593107700347900e-01 1.335650235414505005e-01
-1.450728774070739746e-01 5.591055005788803101e-02
-3.030813932418823242e-01 2.398136556148529053e-01
7.803806662559509277e-02 8.073978871107101440e-02
-1.261191908270120621e-02 -4.055837169289588928e-02
-3.488442003726959229e-01 4.362612664699554443e-01
2.122717350721359253e-02 -4.778273776173591614e-02
-5.217989161610603333e-02 -7.067054510116577148e-02
-6.897516548633575439e-02 9.550002962350845337e-02
-1.703903675079345703e-01 2.121627181768417358e-01
-3.404189944267272949e-01 5.547748804092407227e-01
-2.398751229047775269e-01 1.088792011141777039e-01
1.698204427957534790e-01 1.173882484436035156e-01
-5.935863256454467773e-01 5.624991059303283691e-01
1.143515389412641525e-02 7.818521559238433838e-02
-1.132696960121393204e-02 5.713592097163200378e-02
-4.785789549350738525e-01 4.386381208896636963e-01
3.765233978629112244e-02 -2.155098915100097656e-01
3.655542433261871338e-01 -3.825916051864624023e-01
-5.247623100876808167e-02 -6.558711081743240356e-02
-3.298686146736145020e-01 2.272913753986358643e-01
1.261546015739440918e-01 1.898695081472396851e-01
2.093687355518341064e-01 5.984098836779594421e-02
1.990452408790588379e-01 -2.671988606452941895e-01
1.698992331512272358e-03 5.212033167481422424e-02
-8.167669177055358887e-02 8.205432444810867310e-02
-1.179811060428619385e-01 3.354413211345672607e-01
-2.315987944602966309e-01 2.562067806720733643e-01
2.405547797679901123e-01 -1.803311258554458618e-01
4.765689969062805176e-01 -3.567068576812744141e-01
4.113038480281829834e-01 -4.351288974285125732e-01
3.247829973697662354e-01 -4.467221498489379883e-01
-6.529451906681060791e-02 -7.754690200090408325e-02
-1.552209109067916870e-01 1.378600895404815674e-01
1.470014005899429321e-01 -1.892741173505783081e-01
2.930541709065437317e-02 -1.217750646173954010e-02
-7.274231314659118652e-02 3.129199892282485962e-02
1.286449581384658813e-01 9.343307465314865112e-02
-2.831265032291412354e-01 2.889483273029327393e-01
-4.204526543617248535e-02 -7.521820068359375000e-02
-4.769013449549674988e-02 -1.940204948186874390e-01
-1.077559888362884521e-01 -8.515086770057678223e-02
-9.963020682334899902e-03 -2.117289975285530090e-02
9.477209299802780151e-02 -1.713250130414962769e-01
-3.077466972172260284e-02 -4.447567462921142578e-02
5.404577031731605530e-02 1.170742288231849670e-01
-2.353852540254592896e-01 2.188740223646163940e-01
-1.671520248055458069e-02 -1.119801476597785950e-01
-2.196211814880371094e-01 1.618814468383789062e-02
-3.212989568710327148e-01 3.539829254150390625e-01
-1.701645255088806152e-01 1.078507155179977417e-01
-1.114806234836578369e-01 2.089116126298904419e-01
4.193424060940742493e-02 -8.645925670862197876e-03
-7.156431674957275391e-03 2.054219134151935577e-02
-1.221439018845558167e-01 1.400407254695892334e-01
-1.942356079816818237e-01 1.514910012483596802e-01
2.746951282024383545e-01 -2.179612368345260620e-01
8.438806235790252686e-02 -1.067111790180206299e-01
6.198897212743759155e-02 -6.124565843492746353e-03
-5.620031431317329407e-02 -1.637481302022933960e-01
-2.332359999418258667e-01 4.928015917539596558e-02
2.079792320728302002e-01 -2.038463950157165527e-01
2.981261014938354492e-01 -3.017258942127227783e-01
9.607455879449844360e-02 -1.102845277637243271e-02
3.548989072442054749e-02 -1.085164546966552734e-01
6.343077868223190308e-02 1.257186681032180786e-01
3.836117684841156006e-02 4.336678236722946167e-02
4.021135717630386353e-02 1.457830518484115601e-01
-2.673705667257308960e-02 7.312410324811935425e-02
2.005518227815628052e-01 -2.066786438226699829e-01
-4.618036448955535889e-01 4.614977240562438965e-01
1.433185189962387085e-01 -1.396967917680740356e-01
-4.583615809679031372e-02 1.128694191575050354e-01
6.175146624445915222e-02 -3.919604793190956116e-02
-8.913371711969375610e-02 2.617308497428894043e-01
-2.901002950966358185e-02 -9.897117502987384796e-03
-1.133461669087409973e-01 6.221603229641914368e-02
-3.488212823867797852e-01 7.330396026372909546e-02
-2.911345362663269043e-01 2.529038190841674805e-01
3.247289955615997314e-01 -2.624030411243438721e-01
1.661128103733062744e-01 -8.651316910982131958e-02
-3.203125298023223877e-01 3.010922968387603760e-01
-1.187442690134048462e-01 1.769658476114273071e-01
-1.881677657365798950e-01 1.076364517211914062e-01
6.880386918783187866e-02 -5.072531104087829590e-02
-2.604577131569385529e-02 2.107981443405151367e-01
-8.723484724760055542e-02 -4.999510943889617920e-03
2.142118103802204132e-02 -1.251956671476364136e-01
2.530970275402069092e-01 -1.999889463186264038e-01
-1.892500519752502441e-01 -1.376458443701267242e-02
1.486366242170333862e-01 -1.577603630721569061e-02
2.171001434326171875e-01 -3.086465224623680115e-02
-1.078502684831619263e-01 3.888826817274093628e-02
2.618273198604583740e-01 -1.550749242305755615e-01
1.342073529958724976e-01 -7.044762372970581055e-02
1.367558091878890991e-01 -3.296595215797424316e-01
5.045182108879089355e-01 -4.064175486564636230e-01
3.564857542514801025e-01 -5.442661643028259277e-01
-2.115824073553085327e-01 2.254938781261444092e-01
1.927542984485626221e-01 -4.984576627612113953e-02
1.610316187143325806e-01 -1.344043463468551636e-01
-1.577554643154144287e-01 1.089183613657951355e-01
-2.321094274520874023e-01 1.262072920799255371e-01
5.052809715270996094e-01 -2.960249781608581543e-01
-2.570957504212856293e-02 -1.596289724111557007e-01
-3.473530113697052002e-01 3.747828900814056396e-01
2.632540464401245117e-01 -2.393261790275573730e-01
1.312948763370513916e-01 -2.078079283237457275e-01
2.292013354599475861e-02 1.906152516603469849e-01
5.222354456782341003e-02 -1.413827240467071533e-01
-2.471222430467605591e-01 3.622791171073913574e-01
-3.481296598911285400e-01 3.574453592300415039e-01
8.913788199424743652e-02 -8.286429941654205322e-02
2.595826797187328339e-02 5.625014007091522217e-02
2.600312931463122368e-03 -4.618325084447860718e-02
-2.226411104202270508e-01 7.345327734947204590e-02
2.006256133317947388e-01 -1.503541320562362671e-01
7.656189054250717163e-02 1.027968823909759521e-01
-9.744334965944290161e-02 1.007936820387840271e-01
3.458139672875404358e-02 2.002459168434143066e-01
-1.726051419973373413e-01 1.553201582282781601e-03
4.857691824436187744e-01 -3.716965913772583008e-01
-1.207823529839515686e-01 -4.905806854367256165e-02
-6.254441291093826294e-02 7.473248243331909180e-02
-2.580989301204681396e-01 4.090168774127960205e-01
2.948247194290161133e-01 -4.160034358501434326e-01
-2.099975347518920898e-01 2.448544055223464966e-01
2.436087466776371002e-03 -9.348130971193313599e-02
2.475380748510360718e-01 -1.486656516790390015e-01
-6.137666478753089905e-02 -2.114010974764823914e-02
2.739561535418033600e-02 -2.288017049431800842e-02
1.241435334086418152e-01 -2.351052910089492798e-01
5.163440480828285217e-03 -1.049199178814888000e-01
2.286003530025482178e-01 -1.682894974946975708e-01
-3.693305850028991699e-01 2.810640037059783936e-01
9.183158166706562042e-03 1.108145620673894882e-02
-2.787853479385375977e-01 3.164067268371582031e-01
6.630583852529525757e-02 5.575335770845413208e-02
-3.230230808258056641e-01 4.349728524684906006e-01
2.553521394729614258e-01 -4.637261852622032166e-02
-3.119976818561553955e-01 2.240832448005676270e-01
-2.350634336471557617e-01 -2.572556491941213608e-03
-1.744317263364791870e-01 1.967864036560058594e-01
1.891785115003585815e-01 -2.410923093557357788e-01
-3.118270635604858398e-01 1.809792220592498779e-01
-5.455349013209342957e-02 -2.277256995439529419e-01
-1.232060119509696960e-01 2.821883261203765869e-01
-1.424652487039566040e-01 2.212868928909301758e-01
-2.683263719081878662e-01 2.162822484970092773e-01
-2.092057168483734131e-01 1.091671735048294067e-02
1.049204319715499878e-01 -3.765125572681427002e-02
1.225547567009925842e-01 -6.660856306552886963e-02
4.073219001293182373e-02 -1.919296085834503174e-01
2.886048518121242523e-02 1.180759370326995850e-01
-1.369363046251237392e-03 1.286266297101974487e-01
1.773618608713150024e-01 -1.222070083022117615e-01
7.763963192701339722e-02 -1.273749917745590210e-01
-1.092347782105207443e-02 1.179177761077880859e-01
-1.138241887092590332e-01 4.477661568671464920e-03
-4.489179700613021851e-02 9.259439259767532349e-02
1.714250445365905762e-01 -1.574365049600601196e-01
1.396868526935577393e-01 -1.162634640932083130e-01
7.396337389945983887e-02 -4.547382518649101257e-02
3.134627640247344971e-01 -3.555732071399688721e-01
-1.168659627437591553e-01 1.960345506668090820e-01
-5.310526862740516663e-02 3.464437127113342285e-01
-1.778178960084915161e-01 2.214755564928054810e-01
1.348794251680374146e-01 -2.353384941816329956e-01
-8.217068761587142944e-02 1.670561134815216064e-01
-3.040961027145385742e-01 2.754278481006622314e-01
4.592463076114654541e-01 -4.082776308059692383e-01
6.623715162277221680e-02 -1.240800470113754272e-01
-2.437500804662704468e-01 5.356292799115180969e-02
1.671450734138488770e-01 -2.999570667743682861e-01
-1.585440188646316528e-01 1.048062578774988651e-03
-1.077589094638824463e-01 2.111516296863555908e-01
-2.943110419437289238e-03 -2.249587886035442352e-02
-2.978554069995880127e-01 2.823918163776397705e-01
1.960598975419998169e-01 -4.005739986896514893e-01
4.124755412340164185e-02 1.560598015785217285e-01
2.888614535331726074e-01 -3.691259920597076416e-01
2.905026376247406006e-01 -2.802887856960296631e-01
2.729652523994445801e-01 -1.722113341093063354e-01
1.653382629156112671e-01 -1.553535014390945435e-01
-9.466281533241271973e-02 2.123317718505859375e-01
4.398858547210693359e-01 -2.864837050437927246e-01
5.930447950959205627e-02 4.573321901261806488e-03
2.289945818483829498e-02 -2.604332566261291504e-02
-1.953216642141342163e-01 2.821129262447357178e-01
2.478862702846527100e-01 -2.584179639816284180e-01
-3.471945971250534058e-02 4.052193835377693176e-02
6.783068925142288208e-02 4.859159886837005615e-02
2.054921537637710571e-01 -3.277617692947387695e-01
-2.625879943370819092e-01 1.815485209226608276e-01
3.862490132451057434e-02 1.548233926296234131e-01
