-2.348103374242782593e-01 2.123254686594009399e-01
-3.343483209609985352e-01 2.220161706209182739e-01
7.167658209800720215e-02 -1.711707413196563721e-01
1.706165224313735962e-01 3.768294304609298706e-02
-1.401785016059875488e-01 3.869396820664405823e-02
1.168694868683815002e-01 -3.742374107241630554e-02
-3.313109651207923889e-02 4.356623068451881409e-02
1.958888620138168335e-01 -1.644361019134521484e-01
1.481172908097505569e-02 5.675769224762916565e-02
-2.116972804069519043e-01 5.227917805314064026e-02
2.788757979869842529e-01 5.049327760934829712e-02
3.647509813308715820e-01 -1.742795556783676147e-01
-8.918507397174835205e-02 -1.738718301057815552e-01
1.002843901515007019e-01 -1.843955814838409424e-01
1.808944642543792725e-01 -3.115637600421905518e-02
-4.170626774430274963e-02 -1.139671653509140015e-01
2.026055008172988892e-01 -1.286830306053161621e-01
1.616451442241668701e-01 -7.872733473777770996e-02
-1.816166681237518787e-03 9.867594391107559204e-02
-1.857381314039230347e-02 -1.568154990673065186e-01
2.875862121582031250e-01 -3.284807503223419189e-02
-3.459696769714355469e-01 1.681522727012634277e-01
2.739236950874328613e-01 -7.132792472839355469e-02
-1.371650993824005127e-01 1.168308705091476440e-01
9.256042540073394775e-02 -1.599989533424377441e-01
9.568066895008087158e-02 -2.429131418466567993e-01
-2.701279520988464355e-01 9.174789488315582275e-02
-1.819401830434799194e-01 1.075723618268966675e-01
1.134184524416923523e-01 -6.133558601140975952e-02
1.828057169914245605e-01 -1.523052304983139038e-01
-9.047527611255645752e-02 9.347951412200927734e-02
-1.692894846200942993e-01 6.592647731304168701e-02
-3.699178397655487061e-01 3.959608674049377441e-01
1.389973796904087067e-02 -2.523354291915893555e-01
-3.462942317128181458e-02 5.025784671306610107e-02
1.038379147648811340e-01 1.214391924440860748e-02
8.473675698041915894e-02 -1.102935969829559326e-01
-1.827334314584732056e-01 2.437376379966735840e-01
-1.472607348114252090e-02 -1.844717860221862793e-01
2.510500140488147736e-02 -6.373107433319091797e-02
-3.557636439800262451e-01 2.423060089349746704e-01
-1.785401701927185059e-01 1.380866169929504395e-01
4.394842311739921570e-02 9.867429733276367188e-03
2.958288975059986115e-02 -3.280535340309143066e-02
3.556179627776145935e-02 2.356522679328918457e-01
9.149830788373947144e-02 -1.196785122156143188e-01
-9.979485720396041870e-02 -4.536630585789680481e-02
8.377303183078765869e-02 -5.522521212697029114e-02
3.706935048103332520e-02 -1.082516834139823914e-01
1.333291530609130859e-01 1.249504275619983673e-02
4.019495844841003418e-01 -1.746126711368560791e-01
-3.218817058950662613e-03 1.314203590154647827e-01
-1.021796166896820068e-01 1.691831648349761963e-02
-1.795312762260437012e-01 8.100891113281250000e-02
1.645156182348728180e-02 -3.356732800602912903e-02
1.444542258977890015e-01 7.276704907417297363e-02
-2.343178987503051758e-01 3.072086274623870850e-01
3.906958550214767456e-02 5.256648361682891846e-02
-1.964032649993896484e-01 2.376101464033126831e-01
-5.851445719599723816e-02 -8.809229731559753418e-02
-1.116062179207801819e-01 9.310404956340789795e-02
-1.040741652250289917e-01 -8.575391024351119995e-02
2.758129537105560303e-01 -1.543663591146469116e-01
-1.709772646427154541e-01 2.918967902660369873e-01
-2.077395766973495483e-01 2.009102851152420044e-01
3.239382207393646240e-01 -3.393051028251647949e-01
4.978848695755004883e-01 -2.373420894145965576e-01
2.806874215602874756e-01 -2.900144159793853760e-01
-1.065570116043090820e-01 1.405946537852287292e-02
5.318810045719146729e-02 -1.392658501863479614e-01
3.728042542934417725e-01 -2.831727862358093262e-01
2.115491181612014771e-01 -3.791927397251129150e-01
2.662499547004699707e-01 -1.520625501871109009e-01
1.410654634237289429e-01 -2.744645774364471436e-01
8.938101679086685181e-02 -1.303920745849609375e-01
-1.505698561668395996e-01 1.290333569049835205e-01
2.209140956401824951e-01 -2.170201390981674194e-02
1.996418833732604980e-01 -3.094280064105987549e-01
2.765356898307800293e-01 -4.479659497737884521e-01
-3.173214495182037354e-01 3.004322350025177002e-01
4.055116772651672363e-01 -2.959647476673126221e-01
3.501571118831634521e-01 -1.534428894519805908e-01
1.224876567721366882e-01 -1.455529034137725830e-01
-2.908950448036193848e-01 6.646833568811416626e-02
6.096535176038742065e-02 -6.547169759869575500e-03
-1.362648010253906250e-01 2.572668492794036865e-01
9.202736616134643555e-02 -2.637941837310791016e-01
1.183451265096664429e-01 -2.601407468318939209e-01
2.309855222702026367e-01 -2.719067931175231934e-01
2.263081818819046021e-01 -1.961376667022705078e-01
-6.477606296539306641e-02 3.696321845054626465e-01
-2.107018381357192993e-01 2.272981703281402588e-01
3.507372140884399414e-01 -2.755095958709716797e-01
3.230684995651245117e-01 -6.361580640077590942e-02
-1.216744557023048401e-01 4.936693981289863586e-02
-3.786822557449340820e-01 4.229326844215393066e-01
1.278306543827056885e-01 -2.528972625732421875e-01
4.130693078041076660e-01 -3.611812293529510498e-01
1.930491067469120026e-02 1.474747359752655029e-01
2.137691080570220947e-01 -5.251504108309745789e-02
-1.421619206666946411e-01 1.934128850698471069e-01
-1.605021655559539795e-01 1.141933202743530273e-01
-2.315307110548019409e-01 1.421277821063995361e-01
-2.041130214929580688e-01 1.816747486591339111e-01
-2.650361657142639160e-01 1.441867947578430176e-01
-2.974548377096652985e-02 1.669930964708328247e-01
-1.141347289085388184e-01 1.345355510711669922e-01
1.838685125112533569e-01 -1.771338880062103271e-01
-3.582629859447479248e-01 2.708984911441802979e-01
-1.883334480226039886e-02 9.466251358389854431e-03
3.421798348426818848e-01 -3.372443318367004395e-01
-5.469981580972671509e-02 7.561898231506347656e-02
-2.532689571380615234e-01 1.343855708837509155e-01
1.960913687944412231e-01 -1.745829433202743530e-01
2.049642652273178101e-01 -3.385540246963500977e-01
-2.541002333164215088e-01 3.130623996257781982e-01
-1.013323813676834106e-01 1.096000447869300842e-01
-2.855695784091949463e-01 1.514493525028228760e-01
-2.144832313060760498e-01 -3.169339150190353394e-02
6.264784373342990875e-03 -1.360522657632827759e-01
-3.255242407321929932e-01 2.145570069551467896e-01
1.968636214733123779e-01 -2.649377286434173584e-01
-3.697464466094970703e-01 2.751362323760986328e-01
1.467258185148239136e-01 -4.156450331211090088e-01
8.245568722486495972e-03 -1.870599091053009033e-01
8.081069099716842175e-04 6.273470073938369751e-02
2.706925570964813232e-01 -2.376541793346405029e-01
-8.900921046733856201e-02 3.294139504432678223e-01
3.185618519783020020e-01 -3.491827845573425293e-01
6.342235952615737915e-02 4.354331269860267639e-02
-1.285770535469055176e-01 1.409782916307449341e-01
1.309678256511688232e-01 5.104036256670951843e-02
-2.806845605373382568e-01 4.017445743083953857e-01
4.418902993202209473e-01 -3.458076119422912598e-01
2.322443276643753052e-01 -2.050741463899612427e-01
1.093967333436012268e-01 -4.404102265834808350e-02
-1.689542084932327271e-01 2.409325689077377319e-01
1.826360970735549927e-01 -3.432135581970214844e-01
-2.138403505086898804e-01 6.491106003522872925e-02
3.540332615375518799e-01 -1.800374090671539307e-01
2.255166620016098022e-01 -2.735525071620941162e-01
-1.146321892738342285e-01 3.284582495689392090e-01
2.408410012722015381e-01 -1.891100555658340454e-01
1.658113151788711548e-01 -1.845336705446243286e-01
5.486793234013020992e-04 -9.064464829862117767e-03
-4.141807556152343750e-01 2.877888083457946777e-01
9.725109487771987915e-02 -2.251652479171752930e-01
-3.751960694789886475e-01 2.715268135070800781e-01
1.604012399911880493e-01 -2.582508921623229980e-01
-9.827972389757633209e-03 2.035500801866874099e-04
-2.909953892230987549e-01 2.334454953670501709e-01
-1.184237450361251831e-01 -9.490550309419631958e-02
-1.268094778060913086e-01 2.044120877981185913e-01
2.001822143793106079e-01 -2.979213297367095947e-01
1.001981273293495178e-01 -4.259894490242004395e-01
-1.788626462221145630e-01 1.639846526086330414e-02
2.482719570398330688e-01 -1.260713636875152588e-01
-2.249934524297714233e-01 2.495843917131423950e-01
6.095743551850318909e-02 -2.956734411418437958e-02
-3.430721163749694824e-01 2.724949419498443604e-01
-4.179509729146957397e-02 1.750780791044235229e-01
-1.573061197996139526e-01 1.224807798862457275e-01
2.318290024995803833e-01 3.066516108810901642e-02
-3.177445232868194580e-01 1.891275346279144287e-01
2.392455041408538818e-01 -1.756589263677597046e-01
2.216449528932571411e-01 -1.261335909366607666e-01
-6.379797123372554779e-03 -8.404957503080368042e-02
2.614756580442190170e-03 -8.678232133388519287e-02
8.617257326841354370e-02 -2.510350942611694336e-01
-3.502824604511260986e-01 2.135169655084609985e-01
-2.082040011882781982e-01 1.707940250635147095e-01
8.601682633161544800e-02 8.240041881799697876e-02
-1.578771770000457764e-01 1.102700382471084595e-01
2.041696012020111084e-01 -6.162755191326141357e-02
-3.446544110774993896e-01 2.137414216995239258e-01
3.785980343818664551e-01 -3.275810480117797852e-01
3.402192592620849609e-01 -1.967986226081848145e-01
-8.365101367235183716e-02 1.155069470405578613e-01
1.325008086860179901e-02 -2.017853856086730957e-01
-2.474904209375381470e-01 1.762047410011291504e-01
2.042742669582366943e-01 -1.552268564701080322e-01
-2.345478832721710205e-01 2.265593409538269043e-01
2.450122982263565063e-01 8.054145425558090210e-02
3.366594314575195312e-01 -2.673381865024566650e-01
1.688543558120727539e-01 -2.857021987438201904e-01
-1.347776502370834351e-01 3.687491714954376221e-01
-3.752482831478118896e-01 5.297638177871704102e-01
-3.460834026336669922e-01 3.599476218223571777e-01
-1.781785860657691956e-02 -5.569935962557792664e-02
-1.243707835674285889e-01 -1.165232807397842407e-01
-7.802270352840423584e-02 -2.889377065002918243e-02
-2.048601657152175903e-01 3.770186901092529297e-01
2.168093472719192505e-01 -2.697029411792755127e-01
-1.490199100226163864e-02 -1.324920803308486938e-01
1.762887984514236450e-01 7.835623621940612793e-02
3.115143813192844391e-02 4.125789925456047058e-02
-2.002519965171813965e-01 9.746302664279937744e-02
1.396331191062927246e-01 -4.591738805174827576e-02
9.928290545940399170e-02 1.924736797809600830e-01
-2.616087794303894043e-01 8.711587637662887573e-02
-1.179978772997856140e-01 3.475702106952667236e-01
-1.977359503507614136e-01 1.081271320581436157e-01
-5.615552887320518494e-02 2.490290552377700806e-01
1.028168052434921265e-01 1.615815795958042145e-02
1.444019377231597900e-01 -1.496288776397705078e-01
-1.611967682838439941e-01 1.621211916208267212e-01
5.605523288249969482e-02 -1.671847850084304810e-01
-5.417350679636001587e-02 1.482204720377922058e-02
-1.236271262168884277e-01 2.445657104253768921e-01
-2.433219105005264282e-01 2.979707717895507812e-01
-2.061670124530792236e-01 3.886547684669494629e-02
-6.401564180850982666e-02 2.132116407155990601e-01
-1.499363966286182404e-02 1.202107290737330914e-03
2.189335791626945138e-04 1.808004453778266907e-02
1.280687451362609863e-01 -3.319881558418273926e-01
-1.796791255474090576e-01 2.861788570880889893e-01
-4.253856837749481201e-02 1.132709626108407974e-02
-3.967306390404701233e-02 1.201387569308280945e-01
7.185122463852167130e-03 -5.592578276991844177e-02
-1.655999720096588135e-01 1.880001127719879150e-01
1.792980581521987915e-01 -1.940801143646240234e-01
-5.713706091046333313e-02 -6.081739813089370728e-02
-1.075477004051208496e-01 9.341598302125930786e-02
-8.461095392704010010e-02 2.334317862987518311e-01
1.834375411272048950e-01 -3.648732230067253113e-02
1.897853612899780273e-01 -1.002680603414773941e-02
7.349558174610137939e-02 -2.707710862159729004e-01
-1.091585904359817505e-01 3.342218101024627686e-01
-2.990866601467132568e-01 5.415557324886322021e-02
-2.310774922370910645e-01 1.987424492835998535e-01
-2.092866599559783936e-01 8.813351392745971680e-02
1.267308294773101807e-01 -6.917574256658554077e-02
6.016454845666885376e-02 -1.532892324030399323e-02
7.525902241468429565e-02 5.002637580037117004e-02
-1.741037815809249878e-01 3.086613118648529053e-01
1.476147621870040894e-01 1.093021556735038757e-01
-2.471513599157333374e-01 2.045509517192840576e-01
5.904946848750114441e-02 9.495759010314941406e-02
-1.061360687017440796e-01 -3.264021500945091248e-02
1.472195088863372803e-01 -1.159884035587310791e-01
3.263724744319915771e-01 -1.521136611700057983e-01
-2.207891456782817841e-02 -9.288339642807841301e-04
2.099878787994384766e-01 -9.973162412643432617e-02
2.857824554666876793e-03 -8.295248448848724365e-02
1.380241215229034424e-01 -7.925037294626235962e-02
-2.013211846351623535e-01 1.336496323347091675e-01
-2.512427046895027161e-03 6.433559954166412354e-02
-3.452777862548828125e-02 -7.229026407003402710e-02
2.046252340078353882e-01 -7.096003741025924683e-02
8.076664805412292480e-02 -3.492065146565437317e-02
-2.996196746826171875e-01 3.412728607654571533e-01
-2.848915159702301025e-01 2.523926794528961182e-01
3.023305237293243408e-01 -2.586416006088256836e-01
1.896780878305435181e-01 -3.377857804298400879e-01
1.644183695316314697e-01 -4.399958625435829163e-02
-2.390040457248687744e-01 1.323471069335937500e-01
