-2.761990427970886230e-01 3.739606738090515137e-01
4.404414892196655273e-01 -4.393621981143951416e-01
2.335408478975296021e-01 -1.219054237008094788e-01
-8.553109318017959595e-02 -7.529778033494949341e-02
-3.136995807290077209e-02 6.744183599948883057e-02
-2.283291518688201904e-01 2.061057537794113159e-01
-5.269510671496391296e-02 -1.887976750731468201e-02
-9.879124909639358521e-02 1.273682862520217896e-01
1.486984342336654663e-01 4.699792340397834778e-02
-6.925312429666519165e-02 1.644529402256011963e-01
8.030430227518081665e-02 -4.543254617601633072e-03
-1.199972257018089294e-02 -3.834056109189987183e-02
9.830014407634735107e-02 -1.129094883799552917e-01
-2.077383846044540405e-01 1.639192998409271240e-01
4.171911776065826416e-01 -4.633126854896545410e-01
-4.058101475238800049e-01 2.665002048015594482e-01
-4.622972905635833740e-01 5.632727146148681641e-01
-4.084440767765045166e-01 4.543133974075317383e-01
1.618263274431228638e-01 2.517745085060596466e-02
-2.208434939384460449e-01 4.444459080696105957e-01
7.625325322151184082e-01 -5.591300129890441895e-01
1.287910640239715576e-01 4.228075593709945679e-02
-1.032672822475433350e-01 -1.824766211211681366e-02
7.671739161014556885e-02 -5.785831809043884277e-02
-2.900971174240112305e-01 2.658041417598724365e-01
-3.104692101478576660e-01 4.022096097469329834e-01
2.376169115304946899e-01 -1.550187617540359497e-01
-3.565479218959808350e-01 4.717167615890502930e-01
-1.574161499738693237e-01 1.635913401842117310e-01
1.515660583972930908e-01 -2.405080348253250122e-01
-2.425640523433685303e-01 2.249226421117782593e-01
-2.597714960575103760e-01 2.633659243583679199e-01
-1.166534423828125000e-01 -7.536281645298004150e-02
-1.930033713579177856e-01 1.667504757642745972e-01
-2.063349187374114990e-01 1.223049908876419067e-01
-2.062593996524810791e-01 3.920788690447807312e-02
-3.540807068347930908e-01 2.822240591049194336e-01
2.644501924514770508e-01 -2.706741392612457275e-01
-2.322121560573577881e-01 2.758677899837493896e-01
-3.525313138961791992e-01 4.023949503898620605e-01
3.706668019294738770e-01 -4.972113966941833496e-01
5.490154623985290527e-01 -4.937851130962371826e-01
2.019663155078887939e-01 -1.537243425846099854e-01
4.432616233825683594e-01 -3.181796371936798096e-01
-2.527994513511657715e-01 4.108135029673576355e-02
-4.815007448196411133e-01 5.014106631278991699e-01
7.897177338600158691e-02 -1.950410157442092896e-01
5.201501771807670593e-02 1.124935373663902283e-01
3.003275394439697266e-01 -4.303654432296752930e-01
-2.814200818538665771e-01 -4.395153373479843140e-02
1.760224401950836182e-01 -3.158150315284729004e-01
-2.993469238281250000e-01 3.043664097785949707e-01
2.861993014812469482e-01 -1.567108929157257080e-01
1.946958601474761963e-01 -1.303227841854095459e-01
-1.593148857355117798e-01 2.241465300321578979e-01
-2.585176825523376465e-01 2.308461517095565796e-01
4.036787152290344238e-01 -5.208184719085693359e-01
-2.210988700389862061e-01 1.651574820280075073e-01
-2.606604993343353271e-01 2.174934744834899902e-01
9.851104766130447388e-02 -7.661267369985580444e-02
1.234739348292350769e-01 -5.645138025283813477e-02
-1.780510693788528442e-01 1.759817600250244141e-01
-1.760388463735580444e-01 3.406144678592681885e-01
-4.134200811386108398e-01 4.762997031211853027e-01
1.471373736858367920e-01 1.338180452585220337e-01
7.506366968154907227e-01 -6.288951039314270020e-01
7.716527581214904785e-01 -7.915975451469421387e-01
-3.121700286865234375e-01 4.378317594528198242e-01
2.357863038778305054e-01 -4.094719588756561279e-01
-4.719502627849578857e-01 5.461005568504333496e-01
-5.897552371025085449e-01 5.102183222770690918e-01
-5.927862524986267090e-01 6.016766428947448730e-01
-3.134558796882629395e-01 2.701617181301116943e-01
6.349045634269714355e-01 -5.706061124801635742e-01
-6.904338002204895020e-01 6.547938585281372070e-01
-1.050140023231506348e+00 8.882462978363037109e-01
2.505360543727874756e-01 -4.391545355319976807e-01
-2.235142737627029419e-01 6.401248276233673096e-02
3.766378164291381836e-01 -2.923565506935119629e-01
-1.525566130876541138e-01 2.782751917839050293e-01
-5.373189449310302734e-01 4.945360124111175537e-01
-6.499886512756347656e-01 6.903728842735290527e-01
3.720817863941192627e-01 -3.401044607162475586e-01
-4.720371961593627930e-01 4.115777015686035156e-01
3.170223236083984375e-01 -1.989134103059768677e-01
-2.653411328792572021e-01 2.905892729759216309e-01
-8.042400330305099487e-02 2.238752394914627075e-01
-5.596966743469238281e-01 4.891977608203887939e-01
1.726800501346588135e-01 -2.678804099559783936e-02
-1.523479938507080078e+00 1.498915791511535645e+00
-1.153942868113517761e-01 1.339004188776016235e-01
-2.832689881324768066e-01 2.222950607538223267e-01
5.976755619049072266e-01 -7.027757763862609863e-01
3.279602900147438049e-02 -6.494404375553131104e-02
-7.816711068153381348e-01 5.674610733985900879e-01
-4.529325291514396667e-02 1.227491423487663269e-01
5.207687616348266602e-01 -4.849912524223327637e-01
-5.545039176940917969e-01 5.368697643280029297e-01
-7.259744405746459961e-02 2.835755608975887299e-02
-2.982937991619110107e-01 1.045832857489585876e-01
-4.952259361743927002e-01 6.526530385017395020e-01
5.296239852905273438e-01 -3.331272304058074951e-01
2.381480634212493896e-01 -6.274797022342681885e-02
-1.146858930587768555e+00 1.163498878479003906e+00
8.790220618247985840e-01 -7.773048877716064453e-01
1.125318169593811035e+00 -1.128814697265625000e+00
-3.560396432876586914e-01 4.183247387409210205e-01
9.197559952735900879e-01 -9.854877591133117676e-01
1.335158795118331909e-01 -3.741974234580993652e-01
-1.489239633083343506e-01 2.093335837125778198e-01
4.107043743133544922e-01 -2.675187885761260986e-01
1.251610368490219116e-02 -1.478396449238061905e-02
1.025132656097412109e+00 -1.300753951072692871e+00
3.688571155071258545e-01 -1.930370330810546875e-01
-2.677279114723205566e-01 4.211377203464508057e-01
-6.691839098930358887e-01 4.418537914752960205e-01
-1.073227524757385254e+00 9.771789908409118652e-01
-2.433063685894012451e-01 9.458626061677932739e-02
-3.191668093204498291e-01 2.115515619516372681e-01
-3.150480985641479492e-01 3.722448647022247314e-02
1.732370972633361816e+00 -1.727627038955688477e+00
-8.015636801719665527e-01 7.836570143699645996e-01
-5.215329527854919434e-01 4.187345802783966064e-01
-5.192783474922180176e-01 5.583242177963256836e-01
2.118223160505294800e-01 -1.198342666029930115e-01
3.347117006778717041e-01 -4.110698997974395752e-01
-2.965403795242309570e-01 2.924188375473022461e-01
-4.633816480636596680e-01 5.445687174797058105e-01
3.783307373523712158e-01 -3.016604483127593994e-01
-4.587573185563087463e-02 6.586833298206329346e-02
6.931747794151306152e-01 -6.826705932617187500e-01
-2.352751493453979492e-01 1.519635915756225586e-01
7.843115925788879395e-01 -8.868193626403808594e-01
-3.369467854499816895e-01 5.119776129722595215e-01
-5.065581202507019043e-01 4.534931778907775879e-01
3.933024406433105469e-01 -5.403403043746948242e-01
4.788296222686767578e-01 -3.691131472587585449e-01
-5.605360865592956543e-02 -2.055029124021530151e-01
-2.298062294721603394e-01 3.038267195224761963e-01
-1.418158411979675293e+00 1.362230658531188965e+00
-7.775232195854187012e-01 4.852225482463836670e-01
1.912790089845657349e-01 -3.680630326271057129e-01
-3.723466396331787109e-01 2.090188860893249512e-01
6.656546890735626221e-02 8.040242642164230347e-02
-6.409642845392227173e-02 -4.992735385894775391e-02
-4.434240162372589111e-01 3.818714022636413574e-01
7.550512552261352539e-01 -8.254908919334411621e-01
-9.985350072383880615e-02 6.015469133853912354e-02
3.938422203063964844e-01 -5.599903464317321777e-01
-3.315356969833374023e-01 4.523273706436157227e-01
1.949905604124069214e-01 -1.561159491539001465e-01
-4.236711263656616211e-01 3.373632133007049561e-01
3.855058252811431885e-01 -4.671535789966583252e-01
-5.997435450553894043e-01 5.349314212799072266e-01
-7.650374174118041992e-01 8.519378304481506348e-01
-4.201909154653549194e-02 6.790553033351898193e-02
3.219744861125946045e-01 -4.525801837444305420e-01
-4.677975773811340332e-01 5.001201629638671875e-01
-9.715070128440856934e-01 7.174271345138549805e-01
4.113970398902893066e-01 -5.512926578521728516e-01
7.884704470634460449e-01 -5.001201033592224121e-01
6.063254475593566895e-01 -7.463070154190063477e-01
-1.034555673599243164e+00 9.566146135330200195e-01
-7.461190819740295410e-01 7.205014228820800781e-01
-7.668951898813247681e-02 -1.158470287919044495e-01
-9.388436079025268555e-01 8.299686908721923828e-01
-1.798236370086669922e-01 1.357474327087402344e-01
-4.262348413467407227e-01 1.766461580991744995e-01
5.390295386314392090e-01 -4.559226036071777344e-01
1.208187222480773926e+00 -1.144048333168029785e+00
1.110939010977745056e-01 -9.061595797538757324e-02
1.029738336801528931e-01 -6.513862311840057373e-02
2.757320879027247429e-03 -9.291230887174606323e-02
2.239442169666290283e-01 -4.319469630718231201e-01
-2.411824613809585571e-01 2.831284403800964355e-01
1.699853986501693726e-01 -1.018211990594863892e-01
3.791161179542541504e-01 -4.781146943569183350e-01
-5.061412602663040161e-02 2.067576348781585693e-01
1.957219988107681274e-01 -2.547347359359264374e-02
2.893646955490112305e-01 -2.787176966667175293e-01
3.199265897274017334e-01 -3.647417128086090088e-01
1.778235137462615967e-01 -3.682111203670501709e-01
3.335139527916908264e-02 -3.880169615149497986e-02
-1.577455550432205200e-01 4.021771848201751709e-01
2.591229081153869629e-01 -3.940274193882942200e-02
-5.530593395233154297e-01 4.966377615928649902e-01
3.233483135700225830e-01 -2.337081879377365112e-01
9.076376557350158691e-01 -7.056094408035278320e-01
2.917720377445220947e-01 -4.689045548439025879e-01
3.277817666530609131e-01 -3.059217631816864014e-01
-7.460966706275939941e-02 2.690606750547885895e-02
-1.202648356556892395e-01 1.721535027027130127e-01
-6.049162708222866058e-03 1.955932527780532837e-01
-2.045617550611495972e-01 1.432522237300872803e-01
3.119092881679534912e-01 -8.258225768804550171e-02
3.437848389148712158e-01 -6.991868466138839722e-02
-5.436516404151916504e-01 5.791633129119873047e-01
-5.622370243072509766e-01 5.671573281288146973e-01
-7.450997084379196167e-02 1.551880687475204468e-01
6.424178928136825562e-02 -6.831378489732742310e-02
5.145452022552490234e-01 -3.110702931880950928e-01
-3.990590274333953857e-01 3.249592781066894531e-01
1.010906323790550232e-01 -2.674566805362701416e-01
-6.032468080520629883e-01 4.543669223785400391e-01
-1.323417723178863525e-01 1.669514179229736328e-01
3.418506979942321777e-01 -3.958277404308319092e-01
1.083886176347732544e-01 4.988799244165420532e-02
1.237136200070381165e-01 -4.959749430418014526e-02
-2.052299976348876953e-01 3.946290314197540283e-01
2.936100121587514877e-03 1.831365227699279785e-01
-2.060568928718566895e-01 1.202729493379592896e-01
4.975108802318572998e-01 -2.182536721229553223e-01
7.355120182037353516e-01 -4.911392927169799805e-01
-3.850935399532318115e-01 3.685792386531829834e-01
-2.096312195062637329e-01 2.152621597051620483e-01
2.671541273593902588e-01 -2.560305297374725342e-01
4.926770329475402832e-01 -2.711635529994964600e-01
-3.742034137248992920e-01 3.844426274299621582e-01
-4.841396808624267578e-01 6.126467585563659668e-01
1.290437430143356323e-01 -1.828911006450653076e-01
-3.663593437522649765e-03 7.007218152284622192e-02
-1.917503029108047485e-01 1.410426199436187744e-01
1.276578903198242188e-01 1.491725295782089233e-01
5.190781876444816589e-02 -6.490007042884826660e-02
-4.109323024749755859e-02 -1.232408210635185242e-01
-3.055668249726295471e-02 1.665097624063491821e-01
-2.886053323745727539e-01 2.700315415859222412e-01
-5.164570361375808716e-02 3.041753768920898438e-01
-2.333161681890487671e-01 1.947804838418960571e-01
-5.305807590484619141e-01 5.547576546669006348e-01
-4.744129478931427002e-01 3.074467182159423828e-01
2.170891016721725464e-01 -1.872821748256683350e-01
1.169773377478122711e-02 -1.356621533632278442e-01
2.608006894588470459e-01 -2.854672968387603760e-01
-8.428755402565002441e-02 1.825732737779617310e-01
-1.938468515872955322e-01 8.265529572963714600e-02
2.439534068107604980e-01 -4.507527947425842285e-01
2.392345219850540161e-01 -4.343016743659973145e-01
-4.954719543457031250e-02 -1.475167460739612579e-02
-2.199781239032745361e-01 2.302973717451095581e-01
-3.296751528978347778e-02 2.424394339323043823e-01
-3.904003798961639404e-01 1.944753527641296387e-01
-2.324857264757156372e-01 1.987836658954620361e-01
-2.311626374721527100e-01 1.425004154443740845e-01
-1.196266487240791321e-01 1.654616296291351318e-01
4.812650680541992188e-01 -6.383651494979858398e-01
3.660528063774108887e-01 -3.602206408977508545e-01
3.662364184856414795e-01 -4.833793640136718750e-01
-1.903566569089889526e-01 6.214864179491996765e-02
-1.981612145900726318e-01 9.393458813428878784e-02
1.442879717797040939e-02 -9.614251554012298584e-02
-1.791911125183105469e-01 3.166852295398712158e-01
-9.355529397726058960e-02 1.569112539291381836e-01
1.375461071729660034e-01 -9.702680259943008423e-02
-1.019350588321685791e-01 1.240548714995384216e-01
-4.173228442668914795e-01 2.761037051677703857e-01
