7.977799326181411743e-02 -1.258874535560607910e-01
1.254883706569671631e-01 8.607266843318939209e-02
-8.885973691940307617e-02 3.119444549083709717e-01
-7.253733277320861816e-02 3.755670040845870972e-02
-3.477132916450500488e-01 7.935270667076110840e-02
1.493347287178039551e-01 -1.568273454904556274e-01
-4.871410131454467773e-02 -8.706122636795043945e-02
6.188726425170898438e-02 -2.245598733425140381e-01
2.351776808500289917e-01 -9.608618170022964478e-02
1.079757232218980789e-02 1.314277052879333496e-01
4.870753735303878784e-02 -3.880329057574272156e-02
5.620397999882698059e-02 -1.902554370462894440e-02
-8.477627485990524292e-02 -1.286032050848007202e-01
9.059436619281768799e-03 3.084604255855083466e-02
-1.219701208174228668e-02 -4.468125104904174805e-02
-6.664868444204330444e-02 9.519375115633010864e-02
1.503501236438751221e-01 -3.646750468760728836e-03
-6.059245206415653229e-03 -9.727548062801361084e-02
-9.451865404844284058e-02 4.252118617296218872e-02
2.398431748151779175e-01 -6.439331173896789551e-02
-6.503289192914962769e-02 -5.287977401167154312e-04
-1.597623676061630249e-01 2.223177105188369751e-01
5.490768700838088989e-02 -9.198210388422012329e-02
2.666814327239990234e-01 -7.152884453535079956e-02
3.875166177749633789e-02 -2.064125239849090576e-01
1.420809626579284668e-01 -4.344499856233596802e-02
1.318432986736297607e-01 -1.486642472445964813e-02
-2.147047780454158783e-02 4.006614536046981812e-02
1.152973845601081848e-01 2.346588224172592163e-01
1.230224967002868652e-01 -1.876995265483856201e-01
5.838572978973388672e-02 -2.071468532085418701e-01
3.933811560273170471e-02 -1.128355860710144043e-01
3.927927836775779724e-02 -6.706255674362182617e-02
1.199341192841529846e-01 -2.835829555988311768e-01
-7.685437053442001343e-02 1.315046846866607666e-01
-2.250446081161499023e-01 6.046517938375473022e-02
1.788427978754043579e-01 7.213157135993242264e-03
1.842590272426605225e-01 -4.098157957196235657e-02
-8.831967413425445557e-02 2.493175566196441650e-01
1.564480662345886230e-01 -2.205987125635147095e-01
-1.115334033966064453e-02 5.274801701307296753e-02
4.620108287781476974e-03 4.346907511353492737e-02
-4.632155969738960266e-02 3.179423213005065918e-01
3.507184237241744995e-02 -1.137013509869575500e-01
-1.441739946603775024e-01 2.448473358526825905e-03
2.407683879137039185e-01 -2.770206145942211151e-02
-2.496167272329330444e-01 6.826910376548767090e-02
7.556503266096115112e-02 -1.650687754154205322e-01
-4.390655830502510071e-02 2.023945152759552002e-01
-1.489337086677551270e-01 2.668491303920745850e-01
7.709709554910659790e-02 5.860672518610954285e-02
8.531196974217891693e-03 -1.271923910826444626e-02
1.115539446473121643e-01 -9.824557602405548096e-02
-1.978697031736373901e-01 3.974859416484832764e-02
-5.930217355489730835e-02 1.934930682182312012e-01
-1.300214678049087524e-01 -5.644474923610687256e-02
-4.856808483600616455e-02 2.702959477901458740e-01
2.548381090164184570e-01 -1.166748777031898499e-01
2.752301096916198730e-01 -2.201356589794158936e-01
1.389405727386474609e-01 -1.649580746889114380e-01
2.662570960819721222e-02 -1.476203352212905884e-01
1.125784963369369507e-01 -2.464047819375991821e-01
1.578943058848381042e-02 -1.820018328726291656e-02
-1.344398558139801025e-01 2.950295507907867432e-01
-2.641963064670562744e-01 2.821414172649383545e-01
-1.145574823021888733e-01 2.083566188812255859e-01
-7.906549423933029175e-02 3.325712978839874268e-01
2.705886363983154297e-01 -3.173970282077789307e-01
1.736410856246948242e-01 -4.735085368156433105e-02
-1.720070652663707733e-02 -2.406513877213001251e-02
9.461944550275802612e-02 -1.545261740684509277e-01
3.220976889133453369e-01 -2.871108651161193848e-01
1.153398156166076660e-01 -1.096510812640190125e-01
-1.244155615568161011e-01 1.220884323120117188e-01
5.743771791458129883e-02 8.449295535683631897e-03
-1.203491315245628357e-01 5.325365811586380005e-02
3.585278689861297607e-01 -3.041199147701263428e-01
4.547484219074249268e-03 -8.916763961315155029e-02
-1.861427724361419678e-01 9.931707382202148438e-02
-1.873603314161300659e-01 1.622626334428787231e-01
-2.655908465385437012e-01 1.138586923480033875e-01
1.279707103967666626e-01 -1.043030545115470886e-01
1.230710372328758240e-01 -1.726038008928298950e-01
1.506760269403457642e-01 -2.223162055015563965e-01
-1.911712288856506348e-01 2.182492464780807495e-01
9.912775829434394836e-03 1.079042628407478333e-01
2.725411355495452881e-01 -1.441569775342941284e-01
3.188018500804901123e-01 -2.383387833833694458e-02
-2.354883998632431030e-01 2.548216879367828369e-01
2.537499070167541504e-01 -3.358236849308013916e-01
1.448538154363632202e-01 -5.937252566218376160e-02
7.434344291687011719e-02 -2.364617288112640381e-01
-6.966695934534072876e-02 -1.694431900978088379e-01
-7.468785345554351807e-02 1.248297393321990967e-01
1.595062017440795898e-01 -2.547974586486816406e-01
-4.257813841104507446e-02 1.432342082262039185e-01
-2.614043354988098145e-01 9.118166565895080566e-02
1.694546192884445190e-01 -1.430186182260513306e-01
-1.340506225824356079e-01 2.064481824636459351e-01
-1.209455803036689758e-01 1.626710444688796997e-01
-4.167754203081130981e-02 -3.387819603085517883e-02
9.608579427003860474e-02 -1.204111203551292419e-01
-1.856072843074798584e-01 2.367382049560546875e-01
2.081373035907745361e-01 -2.503376603126525879e-01
3.100813031196594238e-01 -6.254354864358901978e-02
-2.877831757068634033e-01 1.112793982028961182e-01
-1.619956195354461670e-01 3.386061787605285645e-01
-3.598643094301223755e-02 1.517205387353897095e-01
-1.373127549886703491e-01 1.082560941576957703e-01
-4.765691980719566345e-02 2.850828878581523895e-02
-1.914680600166320801e-01 3.006550371646881104e-01
9.548757970333099365e-02 -2.379631847143173218e-01
-1.120071858167648315e-01 -6.921977270394563675e-03
2.119550108909606934e-01 -1.706843636929988861e-02
-2.692006528377532959e-01 2.324464470148086548e-01
-1.065056100487709045e-01 -3.881969675421714783e-02
1.623727232217788696e-01 -2.495488226413726807e-01
-1.215628627687692642e-02 1.288599818944931030e-01
9.979945421218872070e-02 -3.742812573909759521e-02
-1.094826385378837585e-01 1.747953146696090698e-01
-1.675122380256652832e-01 2.588891983032226562e-01
2.859055064618587494e-02 3.146944195032119751e-02
7.927831262350082397e-02 -1.293301433324813843e-01
5.631860345602035522e-02 -8.556472510099411011e-02
2.809700369834899902e-01 -2.734545767307281494e-01
-2.389682978391647339e-01 -5.839703138917684555e-03
1.067240759730339050e-01 -2.520387172698974609e-01
2.091033905744552612e-01 -1.200496405363082886e-01
1.603465080261230469e-01 -1.645713299512863159e-01
1.608879864215850830e-01 3.744763135910034180e-02
6.108934525400400162e-03 5.684094876050949097e-02
-1.195828169584274292e-01 8.236487954854965210e-02
2.332690954208374023e-01 -7.248923182487487793e-02
1.713105663657188416e-02 1.529941856861114502e-01
-6.794216483831405640e-02 1.838049739599227905e-01
-5.355352163314819336e-02 -3.368126228451728821e-02
-1.092217341065406799e-01 2.133355662226676941e-02
1.097517088055610657e-01 4.594235122203826904e-02
-1.676046997308731079e-01 1.353882849216461182e-01
-7.457632571458816528e-02 8.468328742310404778e-04
-8.977203071117401123e-02 2.769125998020172119e-01
1.210686638951301575e-01 -5.522557348012924194e-02
-4.345732182264328003e-02 2.026442885398864746e-01
-6.953302025794982910e-02 3.368563055992126465e-01
2.632840573787689209e-01 -7.030418515205383301e-02
2.084662020206451416e-01 -1.009845882654190063e-01
-1.241281554102897644e-01 1.943313777446746826e-01
-3.769124858081340790e-03 -2.577518671751022339e-02
8.076723897829651833e-04 -2.827989123761653900e-02
-2.812421619892120361e-01 2.506579756736755371e-01
-4.893356189131736755e-02 9.216210991144180298e-02
2.206105925142765045e-02 -8.472128957509994507e-02
-2.007343322038650513e-01 2.226319462060928345e-01
-2.418453246355056763e-01 1.056808382272720337e-01
2.096133306622505188e-02 1.309545487165451050e-01
-2.728698076680302620e-03 1.087194308638572693e-01
-1.750663518905639648e-01 7.980920374393463135e-02
4.521716386079788208e-02 -1.820180267095565796e-01
9.322547167539596558e-02 -1.838789135217666626e-01
-1.443813294172286987e-01 -7.122457772493362427e-02
-1.491899490356445312e-01 2.145160883665084839e-01
-8.030173182487487793e-02 -1.837562620639801025e-01
5.986809358000755310e-02 -8.952726423740386963e-02
5.278164986521005630e-03 -2.284218668937683105e-01
-2.461324334144592285e-01 1.880292147397994995e-01
2.215866893529891968e-01 -7.357086241245269775e-02
1.610204763710498810e-02 3.249459713697433472e-02
1.725477166473865509e-02 -8.753096312284469604e-02
-9.115384519100189209e-02 1.678228229284286499e-01
1.395109295845031738e-01 7.466638833284378052e-02
1.088074669241905212e-01 -5.489561334252357483e-02
-6.893328391015529633e-03 -1.735911071300506592e-01
-1.764340698719024658e-01 -7.483113091439008713e-03
-1.366083472967147827e-01 8.312548696994781494e-02
1.529220789670944214e-01 -1.158283427357673645e-01
1.195009574294090271e-01 -1.424465477466583252e-01
-7.324353605508804321e-02 1.444190144538879395e-01
-1.361387372016906738e-01 -4.918434843420982361e-02
6.567814201116561890e-02 1.272506713867187500e-01
1.264583468437194824e-01 -8.483226597309112549e-02
6.467123329639434814e-02 -2.894603610038757324e-01
-8.724542707204818726e-02 1.073243319988250732e-01
2.108803689479827881e-01 -2.096808701753616333e-01
-1.212477609515190125e-01 1.147282421588897705e-01
-9.505122900009155273e-02 3.338753059506416321e-02
-1.426001787185668945e-01 8.168637752532958984e-02
1.721233576536178589e-01 -4.894146695733070374e-02
-1.667141765356063843e-01 2.025283128023147583e-02
-2.009852975606918335e-01 1.038847118616104126e-01
1.684791594743728638e-01 -2.507963776588439941e-01
1.873215883970260620e-01 3.764043003320693970e-02
8.666236698627471924e-02 5.688919499516487122e-02
4.750526323914527893e-02 -9.249099344015121460e-02
-5.389051511883735657e-02 1.171902269124984741e-01
6.947371363639831543e-02 -7.863005995750427246e-02
-2.004403024911880493e-01 7.819095253944396973e-02
-1.228348761796951294e-01 2.028788179159164429e-01
-1.237607896327972412e-01 1.572473943233489990e-01
-1.074591726064682007e-01 1.550069302320480347e-01
8.356877416372299194e-02 -1.080347225069999695e-01
-4.541724547743797302e-02 -7.882848149165511131e-04
-2.936976216733455658e-02 -1.060587912797927856e-01
7.142249494791030884e-02 -4.637536406517028809e-02
-2.827073037624359131e-01 1.199351102113723755e-01
-2.683346532285213470e-02 -1.158582195639610291e-01
-9.318189322948455811e-02 -1.625429093837738037e-01
4.596826434135437012e-02 4.284698981791734695e-03
9.801363945007324219e-02 1.831443631090223789e-03
1.103943437337875366e-01 -1.552208065986633301e-01
1.439556032419204712e-01 -1.678285002708435059e-01
-8.818064630031585693e-02 2.107186317443847656e-01
1.877342909574508667e-01 -8.298761397600173950e-02
-5.629514902830123901e-02 8.818525820970535278e-03
-1.204599905759096146e-02 -1.859135478734970093e-01
-2.460150420665740967e-02 -1.509220805019140244e-02
7.768243551254272461e-02 -1.280814292840659618e-03
5.758544057607650757e-02 -3.574964031577110291e-02
-1.420483440160751343e-01 1.131954267621040344e-01
1.047810614109039307e-01 8.395522832870483398e-03
5.491434782743453979e-02 2.144436910748481750e-02
1.957910656929016113e-01 1.261359304189682007e-01
1.114117577672004700e-01 -4.588359966874122620e-02
1.634813100099563599e-02 1.421824097633361816e-01
6.870317156426608562e-04 3.249628096818923950e-02
-1.510697696357965469e-02 2.300916910171508789e-01
-2.278846055269241333e-01 2.101627737283706665e-01
-1.557528879493474960e-02 1.863722503185272217e-01
-1.752973906695842743e-02 -1.202862858772277832e-01
-7.198223471641540527e-02 1.056465581059455872e-01
5.183301866054534912e-03 1.674828976392745972e-01
2.900590188801288605e-02 1.405035704374313354e-01
-1.421294957399368286e-01 -2.938037365674972534e-02
1.753247529268264771e-02 1.474465876817703247e-01
7.064422965049743652e-02 1.163015142083168030e-01
1.546106636524200439e-01 1.353568863123655319e-03
-8.600481599569320679e-02 3.334071114659309387e-02
-7.613535225391387939e-02 1.937332600355148315e-01
1.560830175876617432e-01 -1.162662953138351440e-01
-1.985659599304199219e-01 2.609508633613586426e-01
-2.561994455754756927e-02 -2.057801932096481323e-02
-1.121334061026573181e-01 7.250904291868209839e-02
2.765544690191745758e-02 1.272870600223541260e-01
1.022794619202613831e-01 -1.644321680068969727e-01
-2.591359615325927734e-01 2.074120044708251953e-01
5.296830087900161743e-02 -5.883957818150520325e-02
-1.100987643003463745e-01 5.954365804791450500e-02
9.845041483640670776e-02 -1.916041038930416107e-02
6.503091007471084595e-02 -1.789796911180019379e-02
1.861715316772460938e-01 -7.238588482141494751e-02
-5.318614840507507324e-02 -1.201274916529655457e-01
-2.274134196341037750e-03 -1.771106123924255371e-01
-2.235952317714691162e-01 6.249457597732543945e-02
6.221256032586097717e-02 5.686530843377113342e-02
2.863275408744812012e-01 -7.881034910678863525e-02
2.833792474120855331e-03 9.716241061687469482e-02
1.585829257965087891e-01 -8.704814314842224121e-02
