-1.958550959825515747e-01 2.634629905223846436e-01
9.737180918455123901e-02 -1.148792207241058350e-01
1.489048078656196594e-02 2.139387279748916626e-01
-9.677286725491285324e-04 -1.671151816844940186e-02
1.723834276199340820e-01 -1.052206307649612427e-01
-2.943565845489501953e-01 2.816414535045623779e-01
6.785805523395538330e-02 2.758894301950931549e-02
2.653316408395767212e-02 -2.436922304332256317e-02
8.445010334253311157e-02 -6.605564057826995850e-02
-1.813244968652725220e-01 -6.110106408596038818e-02
-2.529521286487579346e-01 -1.400077948346734047e-03
-2.290484011173248291e-01 2.791322469711303711e-01
-2.402067631483078003e-01 2.169278711080551147e-01
8.097396790981292725e-02 4.823106899857521057e-02
2.105707488954067230e-02 -1.156860124319791794e-02
1.001686602830886841e-01 8.592417836189270020e-02
7.654240471310913563e-04 1.883758902549743652e-01
2.202533185482025146e-01 -1.241247951984405518e-01
7.112040370702743530e-02 1.117756217718124390e-02
-1.377609372138977051e-01 1.294166408479213715e-02
-2.500592917203903198e-02 1.520908623933792114e-01
-3.467744886875152588e-01 7.704517245292663574e-02
1.224726885557174683e-01 -1.398513913154602051e-01
-7.652606815099716187e-02 7.354617118835449219e-02
2.377690523862838745e-01 -2.417902201414108276e-01
6.857091188430786133e-02 8.785824477672576904e-02
6.076974794268608093e-02 -1.034107059240341187e-01
-1.929979026317596436e-01 3.313035070896148682e-01
-1.702092438936233521e-01 -8.420640230178833008e-02
2.307379990816116333e-01 -1.104860976338386536e-01
1.157283633947372437e-01 -3.066924512386322021e-01
1.925164647400379181e-02 -5.640741065144538879e-02
7.624647766351699829e-02 1.533897519111633301e-01
-1.600410640239715576e-01 1.632472574710845947e-01
1.398201435804367065e-01 3.020194172859191895e-02
1.540862172842025757e-01 -2.799815833568572998e-01
-9.062342345714569092e-02 5.303522571921348572e-02
3.948537111282348633e-01 -3.606418669223785400e-01
-1.109304204583168030e-01 7.397147268056869507e-02
1.074246093630790710e-01 -9.789622575044631958e-02
3.610840439796447754e-02 -6.277167797088623047e-02
3.206677734851837158e-02 4.089274629950523376e-02
2.118159234523773193e-01 -1.496701687574386597e-01
-2.182074785232543945e-01 2.113414406776428223e-01
1.363857686519622803e-01 -1.469393223524093628e-01
-6.805829703807830811e-02 1.366434395313262939e-01
6.797254830598831177e-02 -1.939965933561325073e-01
2.232432365417480469e-01 -6.482645124197006226e-02
2.466745227575302124e-01 -3.439154922962188721e-01
-7.333297282457351685e-02 -4.705825820565223694e-02
7.081822305917739868e-02 8.249287307262420654e-02
3.665257096290588379e-01 -1.644182503223419189e-01
1.602922230958938599e-01 -1.205010414123535156e-01
-3.043287433683872223e-03 -3.891459479928016663e-02
-1.590597629547119141e-01 -5.787532031536102295e-02
-1.691168732941150665e-02 -3.207852542400360107e-01
1.500365696847438812e-02 -8.827091753482818604e-02
3.126298487186431885e-01 -2.714823186397552490e-01
-2.026018649339675903e-01 -8.100890368223190308e-02
1.457725614309310913e-01 -3.268546760082244873e-01
1.783566027879714966e-01 -2.836216390132904053e-01
-1.931856125593185425e-01 1.451807171106338501e-01
-2.715294659137725830e-01 1.002002656459808350e-01
8.286076784133911133e-02 -4.256119206547737122e-02
4.631677269935607910e-02 2.084577456116676331e-02
-1.649963706731796265e-01 1.400143206119537354e-01
2.252739071846008301e-01 -2.622902989387512207e-01
-1.755748391151428223e-01 4.514631032943725586e-01
-1.978347450494766235e-01 3.367322310805320740e-02
4.240776002407073975e-01 -1.973398178815841675e-01
-4.175859689712524414e-01 9.143893420696258545e-02
-1.914680302143096924e-01 2.022975683212280273e-01
-1.861396431922912598e-01 6.536117196083068848e-02
-7.708141952753067017e-02 7.650918513536453247e-02
-3.483334183692932129e-02 9.447066485881805420e-02
-3.134928941726684570e-01 3.022094964981079102e-01
1.174750104546546936e-01 -6.262129545211791992e-02
-1.985350400209426880e-01 2.801321446895599365e-01
1.633674502372741699e-01 -2.361580431461334229e-01
-1.421993374824523926e-01 -4.169819876551628113e-02
2.067322470247745514e-02 -2.993916394189000130e-03
2.306590378284454346e-01 -2.423421442508697510e-01
-1.951227895915508270e-02 -1.503652520477771759e-02
2.380848526954650879e-01 -3.044553995132446289e-01
2.599171400070190430e-01 -3.775676786899566650e-01
-2.312992364168167114e-01 1.876646876335144043e-01
4.908282682299613953e-02 1.094194874167442322e-01
3.207714259624481201e-01 -1.744057685136795044e-01
1.988412886857986450e-01 -1.948444694280624390e-01
1.094463169574737549e-01 -1.464833021163940430e-01
5.986974835395812988e-01 -3.151042759418487549e-01
-9.454989433288574219e-02 1.412020027637481689e-01
1.522707659751176834e-02 -3.566524386405944824e-02
2.805209159851074219e-01 -1.100097671151161194e-01
1.699542552232742310e-01 -2.075412422418594360e-01
-4.709165394306182861e-01 2.647168040275573730e-01
2.087828069925308228e-01 -2.885521948337554932e-01
2.889437079429626465e-01 -3.708089590072631836e-01
-1.609360724687576294e-01 1.637030839920043945e-01
5.992389097809791565e-02 1.392556428909301758e-01
1.411086916923522949e-01 -3.127554059028625488e-01
2.900955379009246826e-01 -3.170579373836517334e-01
1.353338658809661865e-01 -1.949969232082366943e-01
7.027468085289001465e-02 -1.528169028460979462e-02
-2.106912285089492798e-01 -1.005228906869888306e-01
-4.191446900367736816e-01 2.877428829669952393e-01
3.563290238380432129e-01 -3.890338242053985596e-01
3.663567826151847839e-02 -1.783704906702041626e-01
2.700459361076354980e-01 -4.207637906074523926e-01
-6.379480659961700439e-02 1.562996208667755127e-02
-1.930464953184127808e-01 3.424277305603027344e-01
2.248780578374862671e-01 -1.290391683578491211e-01
2.118389457464218140e-01 -1.772310137748718262e-01
7.129950076341629028e-02 1.798389106988906860e-01
1.558232009410858154e-01 -1.325274556875228882e-01
2.622489631175994873e-01 -2.394869923591613770e-01
2.248906642198562622e-01 -3.645211830735206604e-02
-2.914113104343414307e-01 4.603222310543060303e-01
-3.194802105426788330e-01 5.199602246284484863e-01
8.546167612075805664e-02 -2.202983647584915161e-01
2.152960151433944702e-01 -3.674908578395843506e-01
3.261529207229614258e-01 -1.964438110589981079e-01
-3.433560132980346680e-01 1.912553459405899048e-01
2.115740031003952026e-01 -2.146099656820297241e-01
3.403218686580657959e-01 -4.988065063953399658e-01
-6.128294020891189575e-02 -1.549795717000961304e-01
-3.292678594589233398e-01 3.893782496452331543e-01
4.384772852063179016e-02 3.585841879248619080e-02
-2.923599481582641602e-01 2.963239848613739014e-01
-1.360975652933120728e-01 2.695722319185733795e-02
1.927000731229782104e-01 -2.302161604166030884e-01
-1.993931829929351807e-01 3.053474426269531250e-01
-4.496316611766815186e-02 -1.519871801137924194e-01
-3.709408342838287354e-01 2.775096297264099121e-01
-1.463350951671600342e-01 1.725250780582427979e-01
-2.523291707038879395e-01 3.824037909507751465e-01
-2.757821083068847656e-01 1.562262773513793945e-01
3.107571005821228027e-01 -1.247226297855377197e-01
-2.482384294271469116e-01 1.639894545078277588e-01
-2.483104169368743896e-01 1.274441480636596680e-01
2.344699800014495850e-01 -2.985444068908691406e-01
-2.853583097457885742e-01 3.705252707004547119e-01
1.099633201956748962e-01 -6.605119258165359497e-02
1.623378396034240723e-01 -2.076779752969741821e-01
2.982960343360900879e-01 -2.515381276607513428e-01
1.775565594434738159e-01 -2.974567711353302002e-01
-1.974272578954696655e-01 4.479995742440223694e-02
4.747870862483978271e-01 -4.609739184379577637e-01
6.898187845945358276e-02 -2.107569016516208649e-02
8.026731759309768677e-02 2.399561181664466858e-02
3.714596033096313477e-01 -3.427518010139465332e-01
-3.104157559573650360e-02 2.016316503286361694e-01
1.793730109930038452e-01 -2.940772771835327148e-01
2.538946270942687988e-01 -6.894559413194656372e-02
3.211068809032440186e-01 -4.976102709770202637e-02
-3.950802683830261230e-01 2.813630700111389160e-01
4.681203365325927734e-01 -3.017118573188781738e-01
1.187793835997581482e-01 -6.779657304286956787e-02
-7.820735126733779907e-02 -2.181827463209629059e-02
-3.647217154502868652e-02 1.656072586774826050e-01
1.744766682386398315e-01 5.657659843564033508e-02
4.442005753517150879e-01 -2.580044567584991455e-01
-4.237376525998115540e-02 -2.105840295553207397e-02
6.860589981079101562e-02 -1.466534286737442017e-01
3.653537631034851074e-01 -5.534775853157043457e-01
2.332592457532882690e-01 -2.822845578193664551e-01
-9.479241073131561279e-02 3.569939136505126953e-01
-3.149078190326690674e-01 1.423587203025817871e-01
2.069215029478073120e-01 1.320401486009359360e-02
-4.651113450527191162e-01 3.441298902034759521e-01
-4.329117015004158020e-02 2.092753648757934570e-01
-2.424026727676391602e-01 1.781599521636962891e-01
3.294444382190704346e-01 -3.614898025989532471e-01
-5.026340112090110779e-02 -7.474842667579650879e-02
-4.841537475585937500e-01 4.909898638725280762e-01
1.518931239843368530e-01 -1.270809769630432129e-01
-2.457868605852127075e-01 2.547715902328491211e-01
-3.995539546012878418e-01 2.109346985816955566e-01
-9.951770305633544922e-03 5.425360798835754395e-02
3.859039247035980225e-01 -2.839706540107727051e-01
-1.145510748028755188e-01 4.682500287890434265e-02
-1.702653467655181885e-01 2.444726675748825073e-01
-4.629923403263092041e-01 2.946673631668090820e-01
-1.618681401014328003e-01 1.822225302457809448e-01
4.343549311161041260e-01 -3.400272130966186523e-01
2.567084729671478271e-01 -3.946425914764404297e-01
3.094678372144699097e-02 2.414805442094802856e-02
-2.479577511548995972e-01 3.704518675804138184e-01
3.468278944492340088e-01 -2.084669917821884155e-01
6.993523985147476196e-02 1.222061589360237122e-01
-2.786532342433929443e-01 3.767732977867126465e-01
-3.768704086542129517e-02 2.276624366641044617e-02
-5.279417335987091064e-02 2.512888908386230469e-01
1.274420414119958878e-02 -7.887193560600280762e-02
2.455670535564422607e-01 -1.903840005397796631e-01
1.147461533546447754e-01 -7.255861163139343262e-02
7.666389644145965576e-02 -8.605536073446273804e-02
-1.118493229150772095e-01 1.517315804958343506e-01
-1.424399670213460922e-03 -7.301800698041915894e-02
-1.080160737037658691e-01 -1.100941468030214310e-02
-9.664326161146163940e-02 -7.664600014686584473e-02
-7.568296790122985840e-02 9.590106457471847534e-02
-1.576160788536071777e-01 3.950850293040275574e-02
-1.971693634986877441e-01 1.678388863801956177e-01
-2.972063422203063965e-01 1.616585552692413330e-01
9.815274924039840698e-02 -8.407856523990631104e-02
-7.631083577871322632e-02 5.770310759544372559e-02
5.046106874942779541e-02 3.737990511581301689e-03
-2.180127501487731934e-01 1.471176296472549438e-01
3.043926954269409180e-01 -2.373489737510681152e-01
-7.598869502544403076e-02 3.218266069889068604e-01
-1.044648662209510803e-01 -1.352849416434764862e-02
-1.316756457090377808e-01 1.436272412538528442e-01
-2.245631366968154907e-01 1.537972986698150635e-01
3.007647581398487091e-02 1.079083457589149475e-01
-6.568798422813415527e-02 -4.204204678535461426e-02
2.671318650245666504e-01 -2.347233593463897705e-01
-3.217665106058120728e-02 1.363344788551330566e-01
1.194707825779914856e-01 -1.035642530769109726e-02
-2.973649799823760986e-01 1.305628418922424316e-01
4.227754101157188416e-02 -2.148628830909729004e-01
-2.840503156185150146e-01 2.918744087219238281e-01
-7.808467000722885132e-02 2.024458497762680054e-01
-1.069288477301597595e-01 2.232323735952377319e-01
-2.731187343597412109e-01 7.420259714126586914e-02
3.288656473159790039e-01 -1.440934091806411743e-01
-8.327522128820419312e-02 2.324662059545516968e-01
1.219377107918262482e-02 -7.367358356714248657e-02
-4.091404844075441360e-03 7.609873265027999878e-02
1.720477268099784851e-02 8.143816143274307251e-02
-2.111492604017257690e-01 2.128782719373703003e-01
2.137906849384307861e-01 -2.122403308749198914e-02
1.593879461288452148e-01 -1.458086669445037842e-01
3.241675794124603271e-01 -2.690252475440502167e-02
1.377624645829200745e-02 1.496275663375854492e-01
1.542204767465591431e-01 -7.029516994953155518e-02
6.740665435791015625e-02 -2.488794922828674316e-01
1.528925076127052307e-02 -2.412057295441627502e-02
6.603073328733444214e-02 -1.749397814273834229e-01
6.980585306882858276e-02 -1.817248016595840454e-02
2.216380238533020020e-01 -3.187029957771301270e-01
9.589761495590209961e-02 2.657832391560077667e-02
2.348660081624984741e-01 -1.405131220817565918e-01
-8.281922340393066406e-02 -1.273999065160751343e-01
2.399603575468063354e-01 -8.545819669961929321e-02
1.305230311118066311e-03 -8.247833698987960815e-03
-1.461694389581680298e-01 2.274766378104686737e-02
-1.961408555507659912e-01 5.889215692877769470e-02
3.315699398517608643e-01 -2.069700360298156738e-01
-1.685578823089599609e-01 2.782653272151947021e-01
6.575689464807510376e-02 -1.555640399456024170e-01
1.957893818616867065e-01 -1.060120239853858948e-01
1.860881894826889038e-01 -5.327684059739112854e-02
-1.110875681042671204e-01 -3.566828370094299316e-02
1.319003850221633911e-01 1.067164912819862366e-01
2.159135341644287109e-01 2.700075507164001465e-02
