-1.289785653352737427e-01 1.228155288845300674e-02
1.240871176123619080e-01 -2.097662910819053650e-02
1.200276166200637817e-01 -4.955138638615608215e-02
9.881935548037290573e-04 -4.369859397411346436e-02
1.105732470750808716e-02 1.021857094019651413e-02
5.660452693700790405e-02 1.573842763900756836e-02
1.615198701620101929e-01 -3.324428200721740723e-01
-1.604376435279846191e-01 3.832417428493499756e-01
2.387619018554687500e-01 -2.554281428456306458e-02
-7.422769069671630859e-02 3.924297988414764404e-01
3.066120445728302002e-01 -2.990581989288330078e-01
2.425241768360137939e-01 -2.569753527641296387e-01
-2.235567420721054077e-01 7.853884249925613403e-02
2.981679439544677734e-01 -3.068137764930725098e-01
-3.599308133125305176e-01 1.820718795061111450e-01
1.408510208129882812e-01 4.323279019445180893e-03
3.586954474449157715e-01 -5.440723299980163574e-01
-2.909537851810455322e-01 1.656322777271270752e-01
2.640516459941864014e-01 -3.352300450205802917e-02
6.073116511106491089e-02 3.458189219236373901e-02
-6.854547560214996338e-02 2.204576507210731506e-02
2.161562591791152954e-01 -2.032067328691482544e-01
3.903504014015197754e-01 -4.879097640514373779e-01
8.115038275718688965e-02 9.363976120948791504e-02
7.784060388803482056e-02 -1.315733417868614197e-02
-5.992225185036659241e-02 1.306283324956893921e-01
8.616232872009277344e-02 -1.292323172092437744e-01
2.974350750446319580e-01 -2.387363165616989136e-01
-3.465788364410400391e-01 1.920805722475051880e-01
-1.006433507427573204e-03 -5.261875316500663757e-02
1.064733415842056274e-02 -3.544012457132339478e-02
-3.117206394672393799e-01 1.033321470022201538e-01
2.263897657394409180e-01 -1.529040783643722534e-01
-3.525042906403541565e-02 8.582949638366699219e-02
-1.503296196460723877e-01 2.255216836929321289e-01
-3.051622025668621063e-02 1.729188412427902222e-01
1.876234710216522217e-01 -3.627707064151763916e-01
1.018783748149871826e-01 8.633675426244735718e-02
-1.650595217943191528e-01 -1.009241715073585510e-01
-9.852432459592819214e-02 -9.026981145143508911e-02
-1.387847661972045898e-01 9.022794663906097412e-03
-2.691829204559326172e-01 2.084186971187591553e-01
-1.328387260437011719e-01 4.459258168935775757e-02
-1.295616943389177322e-02 2.377908229827880859e-01
1.849748939275741577e-02 -8.601653389632701874e-03
-4.628750681877136230e-02 -1.197862625122070312e-01
-2.710226774215698242e-01 1.460788100957870483e-01
-8.402901887893676758e-02 -6.225476413965225220e-02
5.794055014848709106e-02 -1.974090486764907837e-01
-1.789970248937606812e-01 1.107528582215309143e-01
-2.181607782840728760e-01 2.476486116647720337e-01
-1.725244522094726562e-01 1.574516594409942627e-01
4.698173329234123230e-02 -8.730302006006240845e-02
-2.415577881038188934e-02 5.775139201432466507e-03
-3.191039562225341797e-01 1.928565204143524170e-01
1.636863350868225098e-01 -1.938860565423965454e-01
6.083121523261070251e-02 -5.013895779848098755e-02
1.139753386378288269e-01 -1.604001075029373169e-01
1.536220908164978027e-01 -1.649962365627288818e-01
-8.324462175369262695e-02 1.144913434982299805e-01
-2.628467045724391937e-02 -3.878043219447135925e-02
-1.444527208805084229e-01 1.192806586623191833e-01
1.533046513795852661e-01 -1.558474153280258179e-01
-7.488876581192016602e-02 -9.344474226236343384e-02
1.626715511083602905e-01 -1.437665373086929321e-01
6.255654096603393555e-01 -4.092258512973785400e-01
-2.385519631206989288e-02 2.608587779104709625e-02
-4.199780896306037903e-02 -1.752107739448547363e-01
5.181550383567810059e-01 -3.780962526798248291e-01
1.610261052846908569e-01 -2.847405374050140381e-01
-1.120110824704170227e-01 1.708027869462966919e-01
2.044135928153991699e-01 -1.837943941354751587e-01
3.041348755359649658e-01 -5.205760002136230469e-01
-8.629318475723266602e-01 7.092189192771911621e-01
1.853460073471069336e-01 -2.372247725725173950e-01
8.115623593330383301e-01 -7.704399824142456055e-01
-7.506177425384521484e-01 7.258666157722473145e-01
6.735957264900207520e-01 -5.815672874450683594e-01
-7.369160652160644531e-01 7.096076011657714844e-01
5.420987606048583984e-01 -5.890148282051086426e-01
4.752919077873229980e-01 -4.829969108104705811e-01
-5.839191079139709473e-01 5.286998152732849121e-01
7.307147234678268433e-02 -3.101173937320709229e-01
1.576668173074722290e-01 -1.183710694313049316e-01
-1.952233016490936279e-01 2.203953415155410767e-01
1.560521870851516724e-01 -5.187428370118141174e-02
7.063268870115280151e-02 -2.931287884712219238e-01
1.231349185109138489e-01 3.662409260869026184e-02
1.570127904415130615e-01 -6.056078150868415833e-02
-7.057833671569824219e-01 5.174226164817810059e-01
2.360093146562576294e-01 -6.377418339252471924e-02
4.494639039039611816e-01 -2.833841741085052490e-01
-2.825786545872688293e-02 2.112522535026073456e-02
5.512898415327072144e-02 -2.067411988973617554e-01
-8.795325160026550293e-01 8.286761641502380371e-01
-2.406926900148391724e-01 3.121946379542350769e-02
5.617493987083435059e-01 -7.040628790855407715e-01
-5.496996268630027771e-02 2.893910109996795654e-01
1.784123033285140991e-01 -1.214431747794151306e-01
-8.759756088256835938e-01 5.677123665809631348e-01
1.347682476043701172e-01 -7.703842222690582275e-02
4.991348683834075928e-01 -5.886986851692199707e-01
-1.788560152053833008e-01 8.674732595682144165e-02
-1.439486891031265259e-01 -4.465698450803756714e-02
-5.376233533024787903e-02 6.763580022379755974e-04
-2.848761379718780518e-01 4.077311754226684570e-01
2.658443450927734375e-01 -1.525306254625320435e-01
5.825395584106445312e-01 -6.120595335960388184e-01
1.938746571540832520e-01 -2.594965100288391113e-01
-2.504994869232177734e-01 2.248101383447647095e-01
-6.348928213119506836e-01 5.190687179565429688e-01
-2.564445436000823975e-01 1.122284010052680969e-01
3.919012844562530518e-01 -2.851397395133972168e-01
-2.650285363197326660e-01 1.557094305753707886e-01
-8.644854277372360229e-02 -4.416474327445030212e-02
-8.794818073511123657e-02 2.351224422454833984e-01
-9.678876399993896484e-02 2.271334081888198853e-01
-2.142560184001922607e-01 3.103147745132446289e-01
-5.044162869453430176e-01 4.280908703804016113e-01
3.894731104373931885e-01 -4.021025300025939941e-01
7.949647307395935059e-02 -1.049105376005172729e-01
-4.211106300354003906e-01 2.713020145893096924e-01
4.301211833953857422e-01 -4.144485592842102051e-01
1.340567171573638916e-01 -3.084798157215118408e-02
2.177977561950683594e-01 -1.581822633743286133e-01
8.826639503240585327e-02 -2.457112967967987061e-01
1.182975992560386658e-02 -7.834511995315551758e-02
1.493068188428878784e-01 -1.478403061628341675e-01
1.596323996782302856e-01 -5.708349496126174927e-02
8.343232274055480957e-01 -9.553301930427551270e-01
1.280629783868789673e-01 -1.869111955165863037e-01
-6.091332435607910156e-01 4.502182900905609131e-01
-2.989355102181434631e-02 1.454629153013229370e-01
3.919947147369384766e-01 -5.501202940940856934e-01
-5.077798962593078613e-01 5.756989121437072754e-01
1.434546262025833130e-01 -1.426663398742675781e-01
4.556885063648223877e-01 -3.477262556552886963e-01
-2.971979975700378418e-01 4.694028198719024658e-01
2.191104292869567871e-01 -4.795141816139221191e-01
7.653515338897705078e-01 -8.500569462776184082e-01
-2.408490981906652451e-03 2.530558779835700989e-02
1.410884857177734375e-01 -2.382757700979709625e-02
-5.682569742202758789e-01 5.030115246772766113e-01
8.174714446067810059e-02 -8.483427017927169800e-02
8.087927103042602539e-01 -6.431278586387634277e-01
-1.210759758949279785e+00 1.338504910469055176e+00
4.572273194789886475e-01 -2.988874018192291260e-01
1.002984046936035156e+00 -9.123321771621704102e-01
-6.658616065979003906e-01 8.036298155784606934e-01
3.198069334030151367e-01 -2.563007473945617676e-01
5.643779635429382324e-01 -3.740810453891754150e-01
1.981722712516784668e-01 -1.250308156013488770e-01
-1.289771348237991333e-01 1.884728670120239258e-02
-5.600095391273498535e-01 5.264121890068054199e-01
1.569294482469558716e-01 -2.253097593784332275e-01
-4.070435091853141785e-02 6.987924873828887939e-02
5.036093592643737793e-01 -5.915592312812805176e-01
-1.566440910100936890e-01 2.522127330303192139e-01
-8.497897982597351074e-01 8.921314477920532227e-01
-3.113007247447967529e-01 2.387312948703765869e-01
7.833356261253356934e-01 -8.464308977127075195e-01
-9.697549045085906982e-02 2.005691528320312500e-01
-2.842199802398681641e-01 1.660895198583602905e-01
-3.713906705379486084e-01 5.603734850883483887e-01
6.257644891738891602e-01 -7.802850008010864258e-01
-1.950486004352569580e-01 4.398563131690025330e-02
-7.679062429815530777e-03 -5.466968938708305359e-02
8.896490931510925293e-02 -7.477930281311273575e-03
5.800121426582336426e-01 -4.810970127582550049e-01
-3.023473024368286133e-01 4.221661686897277832e-01
2.495467513799667358e-01 -3.869373351335525513e-02
1.231189012527465820e+00 -1.320549011230468750e+00
4.772839546203613281e-01 -4.041785001754760742e-01
4.145905375480651855e-01 -4.225733578205108643e-01
-3.705034852027893066e-01 1.853292435407638550e-01
-8.040837645530700684e-01 7.356271147727966309e-01
6.331811547279357910e-01 -6.511723399162292480e-01
4.874617457389831543e-01 -3.226656019687652588e-01
-8.698326945304870605e-01 9.174472689628601074e-01
1.145752966403961182e-01 -3.912426158785820007e-02
-6.572916358709335327e-02 5.945771187543869019e-02
-1.937728226184844971e-01 1.676261276006698608e-01
-4.335818886756896973e-01 2.516313493251800537e-01
1.307881921529769897e-01 3.031337633728981018e-02
-1.301320493221282959e-01 1.861265003681182861e-01
2.313651293516159058e-01 -2.816280424594879150e-01
-3.945195972919464111e-01 3.885490298271179199e-01
-1.548986136913299561e-01 2.510310411453247070e-01
-5.529499053955078125e-01 4.996229112148284912e-01
5.345919132232666016e-01 -3.620882928371429443e-01
3.911032676696777344e-01 -4.903575479984283447e-01
-5.950916409492492676e-01 6.257604360580444336e-01
2.606810033321380615e-01 -4.821829497814178467e-03
4.632270336151123047e-01 -3.555203378200531006e-01
1.101751029491424561e-01 -8.632899075746536255e-02
-2.047877162694931030e-01 1.423833072185516357e-01
6.709381937980651855e-02 -4.661266878247261047e-02
2.245151400566101074e-01 -4.844253063201904297e-01
1.430400311946868896e-01 9.185331314802169800e-02
-3.764260411262512207e-01 1.550123542547225952e-01
1.458199918270111084e-01 -1.105468794703483582e-01
-2.968888878822326660e-01 1.524740755558013916e-01
2.669827938079833984e-01 -1.416587829589843750e-01
2.352485954761505127e-01 -1.453255563974380493e-01
7.001335173845291138e-02 1.232321858406066895e-01
7.695163041353225708e-02 -1.085003372281789780e-02
-5.357837080955505371e-01 4.594499468803405762e-01
1.366773545742034912e-01 -1.307524889707565308e-01
2.406780719757080078e-01 -2.967846095561981201e-01
-3.916927278041839600e-01 4.239253699779510498e-01
-7.128477096557617188e-03 -1.775294393301010132e-01
2.929836213588714600e-01 -2.443085610866546631e-01
-8.959973603487014771e-02 1.469318866729736328e-01
2.298747450113296509e-01 -8.858023583889007568e-02
4.168856739997863770e-01 -2.355399429798126221e-01
-9.341508150100708008e-02 2.151273190975189209e-01
-1.669802367687225342e-01 3.841196894645690918e-01
1.726909168064594269e-02 -3.132846206426620483e-02
2.324072569608688354e-01 -1.910438835620880127e-01
3.192480802536010742e-01 -2.581017017364501953e-01
4.303156211972236633e-02 -1.069932356476783752e-01
-2.325508445501327515e-01 2.298087775707244873e-01
1.013682857155799866e-01 -9.115875512361526489e-02
-2.971637248992919922e-01 1.532900780439376831e-01
1.309486776590347290e-01 -1.470928639173507690e-01
5.769743025302886963e-02 -8.177985250949859619e-02
-4.607888311147689819e-02 1.253492981195449829e-01
-1.749203652143478394e-01 3.209670782089233398e-01
1.347927898168563843e-01 -1.007868349552154541e-01
1.100518777966499329e-01 1.193763129413127899e-02
2.431742288172245026e-02 -2.511894144117832184e-02
1.462393105030059814e-01 -8.786615729331970215e-02
6.943916901946067810e-03 -8.895029872655868530e-02
-6.118176877498626709e-02 1.831282079219818115e-01
-9.712845832109451294e-02 1.237373352050781250e-01
1.684159040451049805e-01 -3.321893215179443359e-01
-9.633207693696022034e-03 -2.663951925933361053e-02
-2.420573234558105469e-01 7.781009376049041748e-02
-4.648586362600326538e-02 2.179297804832458496e-01
-1.111058667302131653e-01 8.599712699651718140e-02
5.791854262351989746e-01 -4.657134413719177246e-01
1.852254271507263184e-01 -2.378930449485778809e-01
-4.001310169696807861e-01 5.593181252479553223e-01
-2.377388812601566315e-02 1.652668043971061707e-02
1.799219846725463867e-01 -9.466410428285598755e-02
-6.697580963373184204e-02 5.460042506456375122e-02
-4.052470028400421143e-01 2.392600178718566895e-01
-2.267056517302989960e-02 1.076692342758178711e-01
-4.683398827910423279e-02 1.433520466089248657e-01
1.779280751943588257e-01 1.051480770111083984e-01
3.950905427336692810e-02 -1.385083049535751343e-02
-1.472856551408767700e-01 3.470877557992935181e-02
-3.874343037605285645e-01 1.514609307050704956e-01
-1.085599977523088455e-02 7.168584316968917847e-02
4.594247937202453613e-01 -2.900509238243103027e-01
1.938521116971969604e-01 9.841780364513397217e-02
