-2.569779455661773682e-01 1.012919098138809204e-01
-1.125567629933357239e-01 -1.447595953941345215e-01
-3.448047935962677002e-01 2.242107093334197998e-01
7.505956292152404785e-02 -4.633327946066856384e-02
9.075494855642318726e-02 -5.756834056228399277e-03
1.333834230899810791e-01 -7.376191020011901855e-02
-4.244229756295681000e-03 9.094350785017013550e-02
2.935661971569061279e-01 -5.627865344285964966e-02
-3.253216296434402466e-02 -1.249708086252212524e-01
5.054703354835510254e-02 -1.387285739183425903e-01
1.284310072660446167e-01 -3.127746284008026123e-01
1.835289895534515381e-01 -8.509127795696258545e-02
2.460610121488571167e-01 -8.076355606317520142e-02
-3.532463684678077698e-02 1.450989842414855957e-01
2.973026633262634277e-01 -2.615760862827301025e-01
-2.061837911605834961e-01 -6.151958182454109192e-02
6.763914227485656738e-02 -1.903428509831428528e-02
-3.007766306400299072e-01 2.739316225051879883e-01
8.165713399648666382e-02 -1.254497468471527100e-01
-1.262983083724975586e-01 1.483680121600627899e-02
-1.448135673999786377e-01 1.086053699254989624e-01
-1.840304136276245117e-01 3.110385835170745850e-01
2.683160603046417236e-01 -1.014515906572341919e-01
-1.197109967470169067e-01 8.650337904691696167e-02
-3.113088384270668030e-02 1.097925826907157898e-01
-5.283698067069053650e-02 -1.868846118450164795e-01
3.422674909234046936e-02 -3.207714483141899109e-02
1.226843446493148804e-01 -2.537681162357330322e-01
3.693071380257606506e-02 -1.700861304998397827e-01
1.746559739112854004e-01 -1.316778808832168579e-01
-1.538868993520736694e-01 1.540060192346572876e-01
-7.259307056665420532e-02 -9.394735097885131836e-02
1.528927590698003769e-02 -1.212166920304298401e-01
-3.807041049003601074e-02 -3.625157848000526428e-02
3.610823303461074829e-02 8.617678284645080566e-02
-7.274675369262695312e-02 2.146573066711425781e-01
-5.711721256375312805e-02 1.336276531219482422e-01
-2.935785986483097076e-02 1.027944497764110565e-02
5.229769274592399597e-03 2.418781965970993042e-01
7.008226960897445679e-02 1.432573515921831131e-02
2.906851768493652344e-01 -2.040284872055053711e-01
2.346593439579010010e-01 -1.842314749956130981e-01
1.208751797676086426e-01 7.307001948356628418e-02
-4.815480113029479980e-02 -1.722478568553924561e-01
2.226054072380065918e-01 2.080594003200531006e-02
1.266056597232818604e-01 -1.162782683968544006e-01
1.446072906255722046e-01 -6.707029789686203003e-02
-3.832978010177612305e-01 1.944880336523056030e-01
-8.303113281726837158e-02 -1.464511752128601074e-01
-2.091927081346511841e-02 2.047689706087112427e-01
-6.409313529729843140e-02 -9.897810220718383789e-02
-1.659940630197525024e-01 7.676154375076293945e-02
-5.521824955940246582e-02 1.400039792060852051e-01
3.893376290798187256e-01 -1.892545372247695923e-01
-1.219066455960273743e-01 7.603544741868972778e-02
-1.098492518067359924e-01 1.194729842245578766e-02
-2.525200843811035156e-01 1.544210910797119141e-01
-2.086240500211715698e-01 -7.151386886835098267e-02
1.801438778638839722e-01 -2.271447628736495972e-01
3.254109919071197510e-01 -9.789918363094329834e-02
-1.041801944375038147e-01 -3.997254744172096252e-02
9.321123361587524414e-03 1.300769113004207611e-02
-1.244850456714630127e-01 -5.958138406276702881e-02
-2.112666517496109009e-01 -1.574278473854064941e-01
3.517424762248992920e-01 -1.638959497213363647e-01
1.628990322351455688e-01 -2.310181111097335815e-01
-2.342491894960403442e-01 2.414488494396209717e-01
2.636967301368713379e-01 -3.408339619636535645e-01
-1.196935251355171204e-01 2.907564342021942139e-01
-2.369078546762466431e-01 2.020234316587448120e-01
-2.535582184791564941e-01 4.330108165740966797e-01
3.604593919590115547e-03 3.249391019344329834e-01
-1.595959663391113281e-01 1.706235855817794800e-01
-2.123901993036270142e-01 1.713481694459915161e-01
2.837513983249664307e-01 -1.254863888025283813e-01
-4.028359949588775635e-01 2.414169460535049438e-01
3.915116786956787109e-01 -3.051206469535827637e-01
-3.470391035079956055e-01 1.990343332290649414e-01
1.620813906192779541e-01 -2.971935868263244629e-01
-1.800598353147506714e-01 3.468311131000518799e-01
3.858119249343872070e-01 -2.250155359506607056e-01
-1.802467405796051025e-01 1.708200871944427490e-01
2.515808045864105225e-01 -1.634342968463897705e-01
3.194367745891213417e-03 1.578788012266159058e-01
-2.581148147583007812e-01 1.230343654751777649e-01
-1.573768556118011475e-01 -5.442493036389350891e-02
2.326199263334274292e-01 -2.719814479351043701e-01
-2.493535429239273071e-01 3.243140578269958496e-01
-2.862510383129119873e-01 3.354474306106567383e-01
-3.433941006660461426e-01 3.360072672367095947e-01
4.084516465663909912e-01 -2.275170236825942993e-01
3.321628570556640625e-01 -3.243725597858428955e-01
3.130146563053131104e-01 -3.215104937553405762e-01
-1.434958875179290771e-01 1.663126945495605469e-01
-2.363548129796981812e-01 2.537988424301147461e-01
4.659269750118255615e-01 -3.155779838562011719e-01
3.726552128791809082e-01 -2.859850525856018066e-01
1.953420639038085938e-01 -2.415176630020141602e-01
-3.489572107791900635e-01 2.582222223281860352e-01
-4.504554271697998047e-01 3.303119540214538574e-01
-3.804267346858978271e-01 2.721800506114959717e-01
-3.695580661296844482e-01 3.819909393787384033e-01
-3.073803484439849854e-01 2.194854617118835449e-01
1.828497350215911865e-01 -3.125956952571868896e-01
3.113211691379547119e-01 -1.901217401027679443e-01
3.913311958312988281e-01 -3.634964823722839355e-01
3.048478253185749054e-02 -1.201294362545013428e-01
6.480099260807037354e-02 1.600749790668487549e-01
-2.551284134387969971e-01 4.055787026882171631e-01
1.127580478787422180e-01 -6.859780848026275635e-02
3.738970756530761719e-01 -1.595658510923385620e-01
-2.145791351795196533e-01 3.579953014850616455e-01
1.085930690169334412e-01 1.590770483016967773e-02
-3.432002365589141846e-01 3.130826652050018311e-01
2.646135687828063965e-01 -5.412713885307312012e-01
-2.321984022855758667e-01 2.664520442485809326e-01
-3.037675619125366211e-01 2.437519133090972900e-01
3.112634718418121338e-01 -4.097194969654083252e-01
4.657209515571594238e-01 -2.940453886985778809e-01
-1.793901324272155762e-01 3.248484432697296143e-01
-2.077423483133316040e-01 3.182972669601440430e-01
2.276691496372222900e-01 -2.748516155406832695e-03
3.277656733989715576e-01 -3.281189203262329102e-01
1.041692718863487244e-01 -2.548080384731292725e-01
2.674977779388427734e-01 -3.122847080230712891e-01
-2.222971320152282715e-01 2.394105046987533569e-01
7.580112665891647339e-02 -1.231956183910369873e-01
3.103061914443969727e-01 -2.423768192529678345e-01
-1.161288935691118240e-03 -4.564331471920013428e-02
-1.327027231454849243e-01 1.228391304612159729e-01
-2.980034351348876953e-01 7.076907157897949219e-02
8.563031256198883057e-02 -8.945486694574356079e-02
-3.693517670035362244e-02 1.778303980827331543e-01
1.617168337106704712e-01 1.178086996078491211e-01
1.404880881309509277e-01 -3.153558969497680664e-01
7.666281610727310181e-02 -2.354590408504009247e-02
-3.265002742409706116e-02 5.730829760432243347e-02
-9.366399794816970825e-02 1.820979714393615723e-01
-1.459549516439437866e-01 1.261880844831466675e-01
-1.017895862460136414e-01 1.133720651268959045e-01
4.918742179870605469e-02 -2.349465340375900269e-01
-5.685514584183692932e-02 7.375035434961318970e-02
1.222361102700233459e-01 -2.416658252477645874e-01
2.094826102256774902e-01 -1.127105299383401871e-02
4.301433265209197998e-02 -9.106517583131790161e-02
2.035839861491695046e-04 3.333133878186345100e-03
1.081076636910438538e-01 -1.278373748064041138e-01
-1.700164824724197388e-01 3.612528145313262939e-01
-2.337858974933624268e-01 2.154620140790939331e-01
-7.446540892124176025e-02 1.071290113031864166e-02
-2.292929738759994507e-01 2.812232375144958496e-01
1.266533136367797852e-01 4.249526560306549072e-02
-1.812819242477416992e-01 9.547315537929534912e-02
-3.416755497455596924e-01 7.808629423379898071e-02
-1.049556881189346313e-01 2.825864218175411224e-02
1.618122905492782593e-01 -9.767994284629821777e-02
2.072521150112152100e-01 -2.192199826240539551e-01
-9.769962728023529053e-02 3.005341589450836182e-01
-1.936653256416320801e-01 9.689079970121383667e-02
-6.606351584196090698e-02 5.060043768025934696e-04
9.679402410984039307e-02 -2.362975925207138062e-01
1.256536245346069336e-01 -2.269271612167358398e-01
-3.820092184469103813e-03 3.658658638596534729e-02
2.032779529690742493e-02 2.571263313293457031e-01
-1.277519017457962036e-01 -6.039360910654067993e-02
-6.124541163444519043e-02 1.009550914168357849e-01
1.611075699329376221e-01 -1.160813942551612854e-01
-1.105242036283016205e-02 1.732919961214065552e-01
-6.357713788747787476e-02 1.337497234344482422e-01
2.986956238746643066e-01 -2.667747735977172852e-01
1.910868287086486816e-02 -2.689906060695648193e-01
2.522766590118408203e-01 -2.808975800871849060e-02
-2.321259081363677979e-01 1.081024408340454102e-01
-6.383930891752243042e-02 4.981693997979164124e-02
-2.550890743732452393e-01 1.721502989530563354e-01
4.438254982233047485e-02 2.059736102819442749e-01
4.061843454837799072e-02 -2.648824825882911682e-02
-6.196517962962388992e-03 1.545413136482238770e-01
1.116380095481872559e-01 -5.031927302479743958e-02
-2.183084376156330109e-02 -3.847925690934062004e-03
1.960586756467819214e-01 -1.223811656236648560e-01
1.122905611991882324e-01 -2.995742559432983398e-01
-1.259520202875137329e-01 -4.222691059112548828e-02
-4.778729379177093506e-02 9.527530521154403687e-02
6.892894208431243896e-02 6.160249561071395874e-02
-1.681907027959823608e-01 3.324488699436187744e-01
2.117554098367691040e-02 -1.222380399703979492e-01
7.939555495977401733e-02 8.565410971641540527e-02
5.809425935149192810e-02 -1.053091660141944885e-01
-2.039274573326110840e-01 -2.315385080873966217e-02
-2.132963687181472778e-01 9.883374720811843872e-02
2.048789262771606445e-01 -1.946600526571273804e-01
1.947580277919769287e-01 -2.576356753706932068e-03
-8.284901268780231476e-03 -4.550699889659881592e-02
-1.089904382824897766e-01 1.551181524991989136e-01
2.273074118420481682e-03 6.525436416268348694e-03
7.345899939537048340e-02 -7.305970042943954468e-02
-1.036128103733062744e-01 2.212462127208709717e-01
6.394862383604049683e-02 -9.053535759449005127e-02
-1.444124281406402588e-01 -1.191600132733583450e-02
-3.289407491683959961e-02 -5.024997144937515259e-02
-1.634735614061355591e-02 -3.403488174080848694e-02
6.487275660037994385e-02 -5.629378557205200195e-02
4.574595950543880463e-03 -1.102783754467964172e-01
-2.777011692523956299e-01 1.194308698177337646e-01
-1.646136641502380371e-01 1.335839778184890747e-01
-9.557840228080749512e-02 -9.303296357393264771e-02
1.358075253665447235e-02 -4.418926313519477844e-02
1.121739372611045837e-01 -5.898420885205268860e-02
3.267800062894821167e-02 -1.411325186491012573e-01
9.443683922290802002e-02 6.779539585113525391e-02
-8.534086495637893677e-02 -1.017280668020248413e-01
-1.176172122359275818e-01 1.503010690212249756e-01
8.035042881965637207e-02 -2.423524558544158936e-01
-2.029407620429992676e-01 2.722240090370178223e-01
9.737988561391830444e-02 4.736523702740669250e-02
6.304886192083358765e-02 1.523891687393188477e-01
-4.441138729453086853e-02 1.089765578508377075e-01
-3.231364488601684570e-02 2.687777392566204071e-03
-4.629023745656013489e-02 4.298605769872665405e-02
1.818029731512069702e-01 -7.526347041130065918e-02
-2.219887264072895050e-02 -2.212881594896316528e-01
8.955010026693344116e-02 3.000133205205202103e-03
1.705802977085113525e-02 -1.224710121750831604e-01
4.129081591963768005e-02 3.783580381423234940e-03
1.101049873977899551e-02 8.128346875309944153e-03
5.374779552221298218e-02 -1.578534096479415894e-01
-4.318157956004142761e-02 -3.532711789011955261e-02
-2.071971148252487183e-01 8.614525943994522095e-02
-1.284802556037902832e-01 1.998560428619384766e-01
-9.659661352634429932e-02 -2.107196673750877380e-02
-9.959826618432998657e-02 5.429041013121604919e-02
9.226681664586067200e-03 -1.032957136631011963e-01
1.639416962862014771e-01 -1.074731051921844482e-01
-1.080085262656211853e-01 9.626518189907073975e-02
-5.245915427803993225e-02 5.637501552700996399e-02
2.608794160187244415e-02 1.008582785725593567e-01
-1.180088967084884644e-01 -4.748502280563116074e-03
2.199504524469375610e-01 -1.863953024148941040e-01
1.301307976245880127e-01 1.966818794608116150e-02
-2.551185488700866699e-01 2.232142537832260132e-01
-6.823555449955165386e-04 8.358195424079895020e-02
7.058650255203247070e-02 -2.947923541069030762e-01
8.529405295848846436e-02 -3.916909173130989075e-02
1.316684633493423462e-01 -5.705484747886657715e-02
2.265343666076660156e-01 -2.026903778314590454e-01
1.660261303186416626e-02 1.256020665168762207e-01
2.362333238124847412e-02 -2.669359929859638214e-02
-8.019522647373378277e-04 -4.052087664604187012e-02
6.912872195243835449e-02 9.739047288894653320e-02
-4.041266739368438721e-01 1.069954931735992432e-01
3.452694416046142578e-02 -9.398300945758819580e-02
2.335120737552642822e-02 -7.440266758203506470e-02
-1.546907797455787659e-02 1.396643668413162231e-01
2.757733315229415894e-02 -3.294136375188827515e-02
3.538415208458900452e-02 1.650991290807723999e-02
