4.701765999197959900e-02 -4.238918423652648926e-03
2.304241806268692017e-01 -3.291983157396316528e-02
-1.644097715616226196e-01 6.324890255928039551e-02
1.495792716741561890e-01 -2.246144413948059082e-01
-1.323827356100082397e-01 8.910440653562545776e-02
1.178108751773834229e-01 -1.767470538616180420e-01
-1.496071964502334595e-01 1.730175018310546875e-01
1.898483335971832275e-01 -2.898696064949035645e-01
2.090161899104714394e-03 -1.771274954080581665e-01
6.146573275327682495e-02 -8.821788430213928223e-02
1.021523028612136841e-01 5.607281252741813660e-02
-9.290175884962081909e-02 -1.645652353763580322e-01
-1.238955780863761902e-01 -2.315947785973548889e-02
-1.458045095205307007e-01 1.963578909635543823e-01
5.339797213673591614e-02 -1.290832161903381348e-01
-4.500035569071769714e-02 1.933938562870025635e-01
2.088641971349716187e-01 -1.230191159993410110e-02
-3.070455044507980347e-02 -9.350309520959854126e-02
-4.572045803070068359e-02 8.369863033294677734e-02
4.548325762152671814e-02 -1.213033869862556458e-01
1.558621823787689209e-01 1.697470992803573608e-02
-6.157694756984710693e-02 9.627189487218856812e-02
-6.551992148160934448e-02 7.612604647874832153e-02
5.483649298548698425e-02 7.738510146737098694e-03
1.895135194063186646e-01 -2.109134793281555176e-01
-2.270769095048308372e-03 -2.126424461603164673e-01
-1.984319537878036499e-01 5.967848002910614014e-02
-3.149277716875076294e-02 9.224592149257659912e-02
-2.877804636955261230e-01 1.263080239295959473e-01
-9.896997362375259399e-02 7.613623887300491333e-02
-7.080684602260589600e-02 6.048041954636573792e-02
-3.272486478090286255e-02 -1.995328068733215332e-01
-4.289523512125015259e-02 -3.468038141727447510e-02
-1.814438104629516602e-01 8.458051085472106934e-02
-1.784258484840393066e-01 -8.032760024070739746e-02
1.362949907779693604e-01 -4.844589531421661377e-02
-1.214929521083831787e-01 8.473514020442962646e-02
-4.071502014994621277e-02 1.598452180624008179e-01
8.476176857948303223e-02 -1.894757151603698730e-01
-1.516801863908767700e-01 2.153879106044769287e-01
-1.050925180315971375e-01 1.409622430801391602e-01
1.548111438751220703e-01 -1.390827149152755737e-01
-2.530395388603210449e-01 1.225945129990577698e-01
-2.756274938583374023e-01 -4.713079426437616348e-03
8.958203345537185669e-02 6.930437404662370682e-03
6.177421659231185913e-03 -9.317992627620697021e-02
8.599625527858734131e-02 1.470116525888442993e-01
-2.321779876947402954e-01 1.646294593811035156e-01
3.045079112052917480e-01 -7.548166811466217041e-02
-9.721801429986953735e-02 1.665771752595901489e-01
1.496436446905136108e-02 -5.614688247442245483e-02
-1.719803512096405029e-01 2.121112197637557983e-01
1.558225303888320923e-01 -1.714112311601638794e-01
-1.409252136945724487e-01 2.618071138858795166e-01
-1.354025304317474365e-01 1.990832835435867310e-01
2.977479994297027588e-02 -9.902076423168182373e-02
8.622325211763381958e-02 2.911506034433841705e-02
-1.554937362670898438e-01 2.288079112768173218e-01
1.225564554333686829e-01 -1.599702835083007812e-01
2.029013037681579590e-01 -2.428011894226074219e-01
-5.740934982895851135e-02 3.370887041091918945e-01
2.827428877353668213e-01 -1.207670122385025024e-01
1.351359784603118896e-01 -8.926818519830703735e-02
2.172052860260009766e-02 2.103445380926132202e-01
-1.779292225837707520e-01 3.475087508559226990e-02
2.606862187385559082e-01 -1.178725510835647583e-01
-8.401124924421310425e-02 -1.312949359416961670e-01
1.671761870384216309e-01 -2.021891921758651733e-01
1.863199770450592041e-01 -1.625309884548187256e-01
-2.615554630756378174e-01 1.508107483386993408e-01
-3.405730053782463074e-02 1.988283991813659668e-01
1.243326440453529358e-01 -2.914815545082092285e-01
2.015266716480255127e-01 -3.046898543834686279e-01
2.113945335149765015e-01 -1.387345194816589355e-01
-7.572378963232040405e-03 -8.179381489753723145e-02
8.691203780472278595e-03 -5.161181464791297913e-02
2.478451728820800781e-01 -1.242759898304939270e-01
-4.468111321330070496e-02 -2.150763990357518196e-03
-5.491169169545173645e-02 2.708643376827239990e-01
2.244639545679092407e-01 -1.211432665586471558e-01
3.671271204948425293e-01 -8.559059351682662964e-02
2.327693998813629150e-01 -5.659459903836250305e-02
-8.690645545721054077e-02 2.556210160255432129e-01
5.937743559479713440e-02 -2.988722026348114014e-01
-1.824312955141067505e-01 -4.619326069951057434e-02
2.647001147270202637e-01 -1.852726042270660400e-01
1.552847474813461304e-01 -1.385174244642257690e-01
-1.957661360502243042e-01 6.712477654218673706e-02
3.140843808650970459e-01 -1.641732901334762573e-01
1.685576438903808594e-01 -1.599908769130706787e-01
-2.079438120126724243e-01 2.724518179893493652e-01
2.371948063373565674e-01 -2.506577372550964355e-01
-3.700790703296661377e-01 3.727946877479553223e-01
1.160873025655746460e-01 -2.109913378953933716e-01
-5.113264918327331543e-02 1.077091991901397705e-01
-1.521667242050170898e-01 8.433860540390014648e-02
2.871335670351982117e-02 1.302147377282381058e-02
-3.310129940509796143e-01 1.977195143699645996e-01
1.852359920740127563e-01 -1.496883034706115723e-01
2.678924798965454102e-01 2.582235494628548622e-03
1.687221974134445190e-01 -1.746601909399032593e-01
-7.963021099567413330e-02 -3.809043020009994507e-02
-8.884350955486297607e-02 2.068035751581192017e-01
-3.080886229872703552e-02 2.428715676069259644e-01
1.993221789598464966e-01 -2.338933497667312622e-01
-5.034933611750602722e-02 1.982730813324451447e-02
-7.704498618841171265e-02 1.671818494796752930e-01
-1.728492081165313721e-01 1.814663559198379517e-01
-1.289664953947067261e-01 2.727286517620086670e-01
5.620994418859481812e-02 -3.244899213314056396e-02
-6.710597127676010132e-02 1.872784793376922607e-01
-5.281205475330352783e-02 -5.693790968507528305e-03
1.931387633085250854e-01 -2.040046304464340210e-01
-1.058644428849220276e-01 9.923963248729705811e-02
-1.344746500253677368e-01 1.447342038154602051e-01
-2.312039434909820557e-01 9.155655652284622192e-02
-8.762586116790771484e-02 1.761428415775299072e-01
-2.423636913299560547e-01 2.575263679027557373e-01
-5.703452602028846741e-02 1.614651679992675781e-01
6.147503480315208435e-02 -1.065181121230125427e-01
1.951784342527389526e-01 -1.586816012859344482e-01
-1.672054529190063477e-01 1.278332024812698364e-01
1.690316349267959595e-01 9.873378276824951172e-02
1.156927198171615601e-01 -8.253237605094909668e-02
-1.887177973985671997e-01 3.156470060348510742e-01
7.877235114574432373e-02 4.185810219496488571e-03
1.228046342730522156e-01 -1.532631665468215942e-01
-1.510726362466812134e-01 1.327922046184539795e-01
-1.792566180229187012e-01 2.160042673349380493e-01
5.067223310470581055e-02 -4.257564619183540344e-02
-7.658301293849945068e-02 6.836345046758651733e-02
-9.319315850734710693e-02 -1.491173077374696732e-02
-9.108752012252807617e-02 1.276813894510269165e-01
-2.580185830593109131e-01 -3.388578072190284729e-03
-1.159749999642372131e-01 -1.402446650899946690e-03
2.582000792026519775e-01 -3.425789773464202881e-01
1.661912053823471069e-01 -3.654652237892150879e-01
-6.099725607782602310e-03 1.207783594727516174e-01
1.521449536085128784e-01 -9.428755193948745728e-02
-2.653432823717594147e-02 -1.096120625734329224e-01
-1.345706731081008911e-01 -2.629031240940093994e-02
3.743099868297576904e-01 -8.564407378435134888e-02
-9.910643100738525391e-02 -1.062877997756004333e-01
1.823202669620513916e-01 -2.037988454103469849e-01
-2.753012478351593018e-01 1.620382666587829590e-01
1.521669477224349976e-01 -9.547446668148040771e-02
-3.676874935626983643e-02 1.594388037919998169e-01
1.717783808708190918e-01 -9.620687365531921387e-02
-1.398686319589614868e-01 1.854452639818191528e-01
1.936852037906646729e-01 -4.142916947603225708e-02
-8.289295434951782227e-02 1.097225621342658997e-01
2.527853846549987793e-01 -5.062191188335418701e-02
-1.216868236660957336e-01 1.932975202798843384e-01
5.488256737589836121e-02 -2.377317845821380615e-02
4.174722358584403992e-02 -1.197923347353935242e-01
2.556588649749755859e-01 -7.483639568090438843e-02
6.017235666513442993e-02 1.475940793752670288e-01
-1.717711985111236572e-01 1.535937786102294922e-01
7.499139755964279175e-02 2.423341125249862671e-01
1.835994273424148560e-01 -3.141596913337707520e-01
2.827530726790428162e-02 5.628085695207118988e-03
2.833057343959808350e-01 -1.648496836423873901e-01
8.298193663358688354e-02 -2.133599072694778442e-01
-8.622960001230239868e-02 5.627197772264480591e-02
-1.193571016192436218e-01 1.280424892902374268e-01
2.672644890844821930e-02 -5.465951748192310333e-03
5.952964723110198975e-02 4.471351951360702515e-02
-6.619220227003097534e-02 -1.602152734994888306e-02
8.844505064189434052e-03 -8.179841190576553345e-02
1.757576465606689453e-01 -7.517865300178527832e-02
2.427054196596145630e-02 -1.654212623834609985e-01
-2.166119068861007690e-01 1.769317686557769775e-01
6.995769590139389038e-02 -7.268379628658294678e-02
-1.485209912061691284e-01 1.435972452163696289e-01
2.408584058284759521e-01 1.273199468851089478e-01
-1.559739708900451660e-01 1.020669192075729370e-01
1.387157887220382690e-01 1.384937912225723267e-01
5.512349307537078857e-02 -1.410782486200332642e-01
2.800788581371307373e-01 -1.951508969068527222e-01
4.442408680915832520e-02 -2.807229459285736084e-01
3.880099952220916748e-02 1.982049830257892609e-02
-1.299928724765777588e-01 1.566347032785415649e-01
-8.850117772817611694e-02 -9.009888023138046265e-02
-1.134731546044349670e-01 1.664675772190093994e-01
1.904566586017608643e-01 7.508514076471328735e-02
-2.860139012336730957e-01 2.435726523399353027e-01
2.455303221940994263e-01 -9.840293228626251221e-02
-9.481403976678848267e-02 8.942680805921554565e-02
-5.949539691209793091e-02 1.171049997210502625e-01
2.931968569755554199e-01 -2.332862168550491333e-01
8.469086140394210815e-02 -1.386662721633911133e-01
-5.030518025159835815e-02 1.347662359476089478e-01
1.138456389307975769e-01 -1.935674063861370087e-02
9.819196164608001709e-02 -1.581697762012481689e-01
-1.797190010547637939e-01 9.726232290267944336e-02
1.417319625616073608e-01 -1.541649997234344482e-01
9.301228821277618408e-02 -4.845928400754928589e-02
-6.268098205327987671e-02 6.106151267886161804e-02
-2.435667254030704498e-02 1.920758634805679321e-01
5.207427591085433960e-02 -5.503785610198974609e-02
1.412999927997589111e-01 -7.885029166936874390e-02
-1.809654943645000458e-02 1.719806902110576630e-02
1.516209989786148071e-01 -2.994284927845001221e-01
-2.081809006631374359e-02 -1.997418701648712158e-01
-1.980330646038055420e-01 2.779256105422973633e-01
5.805344879627227783e-02 -1.244026003405451775e-03
1.501114517450332642e-01 1.512148678302764893e-01
1.207120120525360107e-01 -1.698953062295913696e-01
7.234162092208862305e-02 -1.015663817524909973e-01
-1.452175676822662354e-01 3.323357701301574707e-01
-1.782666891813278198e-01 9.055894613265991211e-02
1.644386649131774902e-01 -1.617878824472427368e-01
-1.696204394102096558e-02 -6.895717233419418335e-02
9.552799165248870850e-03 -1.265955120325088501e-01
-1.012084409594535828e-01 1.709516644477844238e-01
2.554427087306976318e-01 -9.642756730318069458e-02
-1.269941478967666626e-01 -4.850321635603904724e-02
1.577627845108509064e-03 -8.190799504518508911e-02
-4.549595341086387634e-02 -2.176183164119720459e-01
1.465618461370468140e-01 -2.924431562423706055e-01
4.846730828285217285e-02 -9.277141653001308441e-03
-1.475218981504440308e-01 1.245704218745231628e-01
-1.091986075043678284e-01 6.848865747451782227e-02
2.615573406219482422e-01 -4.579191282391548157e-02
-1.426951140165328979e-01 5.750102456659078598e-03
1.717423051595687866e-01 -5.875168740749359131e-02
-6.128580495715141296e-02 9.259716421365737915e-02
-9.182043373584747314e-02 6.741797178983688354e-02
-9.816039353609085083e-02 4.591762647032737732e-02
-3.982701804488897324e-03 -6.184848770499229431e-02
3.640409186482429504e-02 -2.902382984757423401e-02
-1.937207579612731934e-01 2.376289218664169312e-01
4.162523150444030762e-02 -3.040687553584575653e-02
1.492453087121248245e-02 -1.598730534315109253e-01
-8.458912372589111328e-02 4.297037795186042786e-02
-1.149657443165779114e-01 -5.778724327683448792e-02
-6.458567827939987183e-02 1.489983201026916504e-01
5.447014048695564270e-02 9.987900964915752411e-03
1.723285578191280365e-02 -9.218610078096389771e-02
-2.981233894824981689e-01 1.072981283068656921e-01
1.704181581735610962e-01 -1.034812703728675842e-01
-2.497868798673152924e-02 -4.542062059044837952e-02
1.920793205499649048e-01 -3.155778720974922180e-02
4.459590464830398560e-02 7.067923247814178467e-02
4.161143302917480469e-02 -1.793248206377029419e-02
-1.614933013916015625e-01 1.067479774355888367e-01
-1.343546956777572632e-01 4.905231297016143799e-02
1.797558180987834930e-02 -1.302496492862701416e-01
8.149712532758712769e-02 -1.233894601464271545e-01
-1.917180269956588745e-01 2.586192637681961060e-02
1.317992955446243286e-01 -1.841778606176376343e-01
7.773298770189285278e-02 9.144307672977447510e-02
-1.333908992819488049e-03 1.408737599849700928e-01
2.319316565990447998e-01 -9.909777343273162842e-02
1.204982921481132507e-01 -1.624122560024261475e-01
-9.947566688060760498e-02 -5.417807959020137787e-03
