-7.384278625249862671e-02 5.811966583132743835e-02
2.645379630848765373e-03 2.390922755002975464e-01
-1.259521245956420898e-01 -1.184380203485488892e-01
9.426238387823104858e-02 -7.407542318105697632e-02
-1.643186360597610474e-01 2.730541862547397614e-02
-1.977267712354660034e-01 1.141486614942550659e-01
-1.975738257169723511e-01 5.125506967306137085e-02
2.144438177347183228e-01 -7.226328551769256592e-02
-5.970475263893604279e-03 1.261819303035736084e-01
-1.014350801706314087e-01 -1.642702333629131317e-02
-9.511537849903106689e-02 -2.421242371201515198e-02
5.535941105335950851e-03 2.810171544551849365e-01
-1.842166781425476074e-01 2.441829256713390350e-02
8.286041766405105591e-02 -2.670000866055488586e-02
2.885221540927886963e-01 -5.431780964136123657e-02
-3.973373398184776306e-02 -2.061933577060699463e-01
1.290990263223648071e-01 -1.153710260987281799e-01
-2.370772957801818848e-01 1.064601391553878784e-01
-3.416182100772857666e-02 -1.403533220291137695e-01
-1.189993545413017273e-01 1.655030846595764160e-01
3.285475820302963257e-02 1.267114877700805664e-01
5.278795212507247925e-02 -1.173481568694114685e-01
3.267042711377143860e-02 -4.739974811673164368e-02
4.372408986091613770e-02 1.233474016189575195e-01
-7.652850449085235596e-02 -2.249191328883171082e-02
-1.389988511800765991e-01 2.256897985935211182e-01
-4.677400738000869751e-02 3.185939788818359375e-02
7.329976558685302734e-02 -1.525442302227020264e-02
1.436826288700103760e-01 9.824156761169433594e-02
6.726960837841033936e-02 -2.524975538253784180e-01
-2.856638841331005096e-02 1.453636586666107178e-01
1.462273299694061279e-01 -2.708720415830612183e-02
7.568769901990890503e-02 9.777779877185821533e-02
6.040458008646965027e-02 -6.055343151092529297e-02
-4.057928919792175293e-02 -1.021353974938392639e-01
1.544928997755050659e-01 -6.639412045478820801e-02
-2.142565846443176270e-01 3.870633989572525024e-02
-4.588798061013221741e-02 -2.000501900911331177e-01
2.443144917488098145e-01 -2.942264378070831299e-01
-6.855041533708572388e-02 4.861685633659362793e-02
1.096775010228157043e-01 -3.152429461479187012e-01
1.830753125250339508e-02 -1.375631839036941528e-01
-4.567363113164901733e-02 -2.322670444846153259e-02
2.671930566430091858e-02 -6.723151355981826782e-02
1.214944645762443542e-01 -5.159672722220420837e-02
9.359281102661043406e-05 1.065699234604835510e-01
2.653202116489410400e-01 -2.504134178161621094e-01
-1.397304832935333252e-01 9.829918295145034790e-02
8.434553444385528564e-02 -3.338897367939352989e-03
-1.001872196793556213e-01 -5.425535142421722412e-02
1.334300041198730469e-01 -6.587699800729751587e-02
-2.322100698947906494e-01 5.921996012330055237e-02
-1.110015511512756348e-01 9.618420153856277466e-02
-9.471299499273300171e-02 5.093482136726379395e-02
-1.577267348766326904e-01 1.179884076118469238e-01
-9.758144617080688477e-02 1.729929447174072266e-01
1.517248898744583130e-01 -8.049786090850830078e-02
1.586816273629665375e-02 -2.888345159590244293e-02
2.490114420652389526e-02 1.804128736257553101e-01
6.206448376178741455e-02 -1.126233786344528198e-01
1.140191107988357544e-01 -5.055734887719154358e-02
-8.174523711204528809e-02 -5.788671597838401794e-02
-1.824089139699935913e-01 1.814624965190887451e-01
1.354124099016189575e-01 -1.353357732295989990e-01
1.918017119169235229e-02 -2.734511508606374264e-05
1.066208109259605408e-01 -5.362781137228012085e-02
5.359784886240959167e-02 -1.856707632541656494e-01
1.904501467943191528e-01 -1.724231392145156860e-01
7.907530665397644043e-02 1.181360986083745956e-02
1.852218806743621826e-02 -2.268930971622467041e-01
-1.039751097559928894e-01 5.552679672837257385e-02
1.845419593155384064e-02 2.044335007667541504e-02
-4.622657969594001770e-02 6.136571243405342102e-02
1.111664697527885437e-01 -1.225431542843580246e-02
-9.011072665452957153e-02 2.975090146064758301e-01
-1.723202317953109741e-01 1.958698332309722900e-01
-8.800553530454635620e-02 7.852449268102645874e-02
-8.533748239278793335e-02 1.756405532360076904e-01
3.527802526950836182e-01 -1.473488807678222656e-01
6.182326003909111023e-02 -1.631672233343124390e-01
1.385859400033950806e-01 -1.028402075171470642e-01
-1.283600032329559326e-01 1.663513630628585815e-01
1.075018122792243958e-01 -2.407692559063434601e-02
-2.379271835088729858e-01 2.210993766784667969e-01
-2.451722323894500732e-02 2.003100328147411346e-02
2.036740481853485107e-01 -1.234266236424446106e-01
-5.216099321842193604e-02 -2.484943158924579620e-02
-1.149169057607650757e-01 1.386344730854034424e-01
-1.401289999485015869e-01 2.616302073001861572e-01
9.770321100950241089e-02 -2.453398108482360840e-01
-1.982011795043945312e-01 2.051593363285064697e-01
-2.306057512760162354e-01 1.970788538455963135e-01
1.363560557365417480e-01 -1.257857829332351685e-01
8.524037897586822510e-02 -1.696752011775970459e-01
-2.217969000339508057e-01 1.930426359176635742e-01
2.371023744344711304e-01 -9.714461863040924072e-02
4.582636058330535889e-03 -1.233676522970199585e-01
-1.144154965877532959e-01 1.050585880875587463e-01
-1.481943726539611816e-01 2.606618106365203857e-01
2.190482467412948608e-01 2.190865762531757355e-02
-2.342103272676467896e-01 2.723749577999114990e-01
2.934092879295349121e-01 -3.814822062849998474e-02
2.591159194707870483e-02 -3.448523879051208496e-01
-1.474890112876892090e-01 2.345596849918365479e-01
2.421585284173488617e-02 -5.525052919983863831e-02
-2.787909470498561859e-02 5.066486075520515442e-02
-1.819566264748573303e-02 -2.416673451662063599e-01
7.186836749315261841e-02 -2.825196683406829834e-01
-6.746762245893478394e-02 6.549905240535736084e-02
-1.725216209888458252e-01 1.658321768045425415e-01
1.343343257904052734e-01 2.327377162873744965e-02
-1.590915471315383911e-01 1.147570908069610596e-01
2.364864200353622437e-01 -6.451002508401870728e-02
-2.492270320653915405e-01 1.975087672472000122e-01
3.334187865257263184e-01 -6.210738420486450195e-02
-8.948414027690887451e-02 3.219486773014068604e-01
-1.339622437953948975e-01 2.291838973760604858e-01
-3.469512332230806351e-03 -3.606129437685012817e-02
-8.146727085113525391e-02 7.002180069684982300e-02
-2.437916025519371033e-02 -1.752921044826507568e-01
2.289239466190338135e-01 -3.089050054550170898e-01
1.831243783235549927e-01 -2.178704440593719482e-01
-2.126338630914688110e-01 -2.004200778901576996e-02
-4.623950645327568054e-02 2.690183520317077637e-01
-1.852412372827529907e-01 2.318785339593887329e-02
1.309464424848556519e-01 -1.695769876241683960e-01
-1.897588521242141724e-01 1.740778982639312744e-01
-2.337239831686019897e-01 2.696487121284008026e-02
-9.638520330190658569e-02 6.521160155534744263e-02
-1.418528407812118530e-01 -1.447267550975084305e-02
1.730955839157104492e-01 -2.066260129213333130e-01
-2.644139807671308517e-03 2.169405817985534668e-01
2.898237705230712891e-01 9.781067259609699249e-03
-5.550030246376991272e-02 1.939975321292877197e-01
-1.095123142004013062e-01 -9.534345939755439758e-03
1.067832261323928833e-01 -2.070887237787246704e-01
1.049539744853973389e-01 -2.838081419467926025e-01
-1.434701532125473022e-01 8.112114667892456055e-02
1.654977723956108093e-02 -3.235508874058723450e-02
-2.566536962985992432e-01 2.192609459161758423e-01
-5.394031479954719543e-02 8.024493604898452759e-02
8.864176273345947266e-02 -1.952871978282928467e-01
-1.886843331158161163e-02 6.684852298349142075e-03
-3.682085499167442322e-02 -1.893048733472824097e-01
-5.141310393810272217e-02 6.360190361738204956e-02
-1.851624809205532074e-03 -1.469750553369522095e-01
1.539537161588668823e-01 -1.485104560852050781e-01
-9.735284745693206787e-02 1.442045569419860840e-01
-1.134640574455261230e-01 1.881966143846511841e-01
-1.884012073278427124e-01 2.752161026000976562e-01
4.001984745264053345e-02 7.642142474651336670e-02
-2.172366976737976074e-01 7.416414469480514526e-02
-4.752264544367790222e-02 8.960367739200592041e-02
-7.025963626801967621e-03 1.763310283422470093e-01
-3.810371086001396179e-02 1.465696543455123901e-01
-1.431255489587783813e-01 1.715377122163772583e-01
1.790305972099304199e-01 -2.359078228473663330e-01
3.519796207547187805e-02 8.729357272386550903e-02
-2.490879781544208527e-02 6.533565372228622437e-02
8.464989811182022095e-02 -1.057226136326789856e-01
1.642674058675765991e-01 -6.364730652421712875e-03
7.734936475753784180e-02 -1.237386763095855713e-01
6.452156603336334229e-02 1.820899099111557007e-01
2.654882073402404785e-01 -1.262283176183700562e-01
-1.676667332649230957e-01 5.983500927686691284e-02
6.696064025163650513e-03 1.312098503112792969e-01
1.007359772920608521e-01 3.496400639414787292e-02
1.524880230426788330e-01 -1.041589528322219849e-01
-1.620240062475204468e-01 1.315138954669237137e-02
6.831648945808410645e-02 -1.556332558393478394e-01
3.332737684249877930e-01 -2.233120612800121307e-02
1.564959585666656494e-01 -5.385066568851470947e-02
2.499040365219116211e-01 -3.417865186929702759e-02
1.410038489848375320e-02 1.456321217119693756e-02
1.438976228237152100e-01 -2.481151930987834930e-02
-8.290033787488937378e-02 -7.185950875282287598e-03
-2.078028172254562378e-01 1.601729393005371094e-01
1.495473384857177734e-01 -1.132277399301528931e-01
5.115906149148941040e-02 -1.701829135417938232e-01
-2.231710851192474365e-01 1.208047941327095032e-01
-1.207352206110954285e-01 1.693750321865081787e-01
1.741575896739959717e-01 8.654674515128135681e-03
-1.647571027278900146e-01 1.118683442473411560e-01
-4.158881306648254395e-02 -1.280228048563003540e-01
3.198532760143280029e-02 -1.759848892688751221e-01
1.193798482418060303e-01 -1.448810696601867676e-01
-2.150528877973556519e-01 1.192734539508819580e-01
1.355394423007965088e-01 3.684468194842338562e-02
2.673275396227836609e-02 -4.133514687418937683e-02
-1.993073336780071259e-02 -5.530079454183578491e-02
2.920558750629425049e-01 -3.058477640151977539e-01
1.614382266998291016e-01 8.101641386747360229e-02
6.734313070774078369e-02 -1.889278441667556763e-01
-2.587241865694522858e-02 -1.936548948287963867e-01
-2.391768619418144226e-02 -1.078718341886997223e-02
-8.582305163145065308e-02 7.980789989233016968e-02
-7.912905514240264893e-02 8.262430131435394287e-02
2.232484892010688782e-02 1.516284048557281494e-01
-1.811573803424835205e-01 -9.227613918483257294e-03
1.257198955863714218e-02 -5.667269229888916016e-03
3.038590960204601288e-02 -1.374377757310867310e-01
-3.150939196348190308e-02 -1.843218654394149780e-01
-6.542812287807464600e-02 1.390428692102432251e-01
9.164533764123916626e-02 -2.601204812526702881e-02
-8.649349212646484375e-02 1.309552937746047974e-01
3.289833068847656250e-01 -1.121411174535751343e-01
4.379903431981801987e-03 3.570575267076492310e-02
-9.344660490751266479e-02 8.906386047601699829e-02
-1.562050879001617432e-01 -1.015227064490318298e-01
-3.471154719591140747e-02 -1.688521504402160645e-01
2.362973988056182861e-01 -1.564211249351501465e-01
-1.620805263519287109e-01 -1.246093809604644775e-01
-1.789871305227279663e-01 1.490006595849990845e-01
2.142705470323562622e-01 -1.621548533439636230e-01
-1.785334050655364990e-01 1.216422915458679199e-01
1.266195029020309448e-01 -1.799755096435546875e-01
-7.233971357345581055e-02 2.673850953578948975e-01
-7.436932530254125595e-03 -9.336630254983901978e-02
-7.536771241575479507e-03 -5.767882987856864929e-02
1.316581964492797852e-01 -1.397218257188796997e-01
-1.912288367748260498e-01 1.593107134103775024e-01
1.503697037696838379e-01 -2.182875424623489380e-01
-7.752630859613418579e-03 2.271750569343566895e-01
2.086259722709655762e-01 -1.604600399732589722e-01
-1.720697432756423950e-02 6.094213947653770447e-02
-9.631374478340148926e-02 -2.484014779329299927e-01
-4.629496112465858459e-02 -2.028095722198486328e-02
8.583762496709823608e-02 1.176692619919776917e-01
2.400934994220733643e-01 -3.020144812762737274e-02
-3.161972388625144958e-03 -7.388582825660705566e-02
1.098199561238288879e-01 -9.313402324914932251e-02
1.153543870896100998e-02 -2.613404989242553711e-01
-1.052144765853881836e-01 2.182935327291488647e-01
2.772215604782104492e-01 -1.052265316247940063e-01
1.991677843034267426e-02 -6.722380965948104858e-02
5.817074701189994812e-02 1.593413501977920532e-01
6.966023892164230347e-02 3.802469745278358459e-02
6.495594047009944916e-03 -6.785662472248077393e-02
-8.941411226987838745e-02 -1.575739234685897827e-01
2.099245600402355194e-02 1.624223589897155762e-02
4.746389016509056091e-02 7.295165210962295532e-02
-1.562965661287307739e-01 -9.395138919353485107e-02
-1.496367901563644409e-01 1.576153337955474854e-01
1.440426148474216461e-02 -1.984739303588867188e-02
-1.266599744558334351e-01 -8.967675268650054932e-02
2.026476711034774780e-01 -6.556371599435806274e-02
3.172306343913078308e-02 -1.156476587057113647e-01
1.243907660245895386e-01 -5.923220887780189514e-02
1.443758457899093628e-01 -7.008569315075874329e-03
1.250336915254592896e-01 1.349928379058837891e-01
-1.764117479324340820e-01 1.175439581274986267e-01
1.237509846687316895e-01 -2.650159969925880432e-02
-1.587043255567550659e-01 -5.937753990292549133e-02
-7.235474884510040283e-02 3.326311474665999413e-03
-1.673717796802520752e-01 -1.175049412995576859e-02
1.872987672686576843e-02 6.771676242351531982e-02
