3.274388983845710754e-02 1.225780770182609558e-01
2.822794914245605469e-01 -1.680013686418533325e-01
-1.603856831789016724e-01 -5.035136267542839050e-02
-8.401651680469512939e-02 9.125194698572158813e-02
5.813848227262496948e-02 -8.093444257974624634e-02
-1.191174164414405823e-01 6.770369410514831543e-02
-2.008233219385147095e-01 1.932619512081146240e-01
-8.090524375438690186e-02 1.885046362876892090e-01
7.510177791118621826e-02 -1.577273942530155182e-02
-7.096640020608901978e-02 2.059173211455345154e-02
-1.491547226905822754e-01 -6.587255746126174927e-03
8.799137920141220093e-02 -1.379691809415817261e-01
-1.944507360458374023e-01 3.139373362064361572e-01
8.749195188283920288e-02 -2.466423064470291138e-01
8.196414262056350708e-02 1.229928359389305115e-01
2.101378291845321655e-01 -1.655039787292480469e-01
-1.619357056915760040e-02 -1.697442531585693359e-01
1.914530806243419647e-02 1.095618307590484619e-02
6.900019943714141846e-02 4.266548901796340942e-02
-2.647898495197296143e-01 9.764941036701202393e-02
-3.913737460970878601e-02 -1.598925590515136719e-01
6.682810187339782715e-02 2.236686274409294128e-02
-4.283225908875465393e-02 1.596514135599136353e-01
-1.175932064652442932e-01 3.961582481861114502e-02
1.953652352094650269e-01 -1.377893686294555664e-01
3.537684679031372070e-01 -1.860580444335937500e-01
-2.723850011825561523e-01 4.964190348982810974e-02
6.231612339615821838e-02 8.172539994120597839e-03
2.592388093471527100e-01 -8.617380261421203613e-02
3.262986137997359037e-05 1.754442006349563599e-01
-1.899405196309089661e-02 -7.610301673412322998e-02
1.036911979317665100e-01 -2.820000797510147095e-02
-1.127194985747337341e-01 2.443084269762039185e-01
-1.187263503670692444e-01 1.435648798942565918e-01
-3.912937268614768982e-02 -5.866379663348197937e-02
1.234702840447425842e-01 -3.182988464832305908e-01
-9.556514769792556763e-02 -7.393135130405426025e-02
2.865274846553802490e-01 -9.173847734928131104e-02
4.617024958133697510e-02 -3.554880153387784958e-03
-2.363580912351608276e-01 1.105096712708473206e-01
4.530251771211624146e-02 -8.654413372278213501e-02
-3.176367282867431641e-02 -7.919301092624664307e-02
-2.094875574111938477e-01 8.640644699335098267e-02
4.901603236794471741e-02 -1.434053182601928711e-01
-1.721331626176834106e-01 1.859297007322311401e-01
7.725992053747177124e-02 -7.979120314121246338e-02
1.600555181503295898e-01 -3.019787743687629700e-02
-1.056959778070449829e-01 1.461318284273147583e-01
9.937443584203720093e-02 -1.429552882909774780e-01
2.123976051807403564e-01 -1.370197832584381104e-01
1.686161607503890991e-01 -1.872861087322235107e-01
-3.406112492084503174e-01 7.282301038503646851e-02
2.158943414688110352e-01 -1.404975950717926025e-01
-1.387109160423278809e-01 2.634691596031188965e-01
-4.934961441904306412e-03 1.912089437246322632e-02
1.508702710270881653e-02 -4.045611619949340820e-02
9.207500517368316650e-02 -1.478879302740097046e-01
-8.445744216442108154e-02 1.800109893083572388e-01
4.935147240757942200e-02 -3.133337572216987610e-02
7.349069416522979736e-02 -1.449200659990310669e-01
-1.966529339551925659e-01 5.793012306094169617e-02
6.352709978818893433e-02 -1.344784349203109741e-01
1.155388355255126953e-01 -1.266553699970245361e-01
-5.570341274142265320e-02 1.297356188297271729e-01
-2.545987665653228760e-01 1.825388371944427490e-01
1.823355853557586670e-01 -2.592355310916900635e-01
4.687567800283432007e-02 -4.628180712461471558e-02
-1.731965839862823486e-01 1.537783294916152954e-01
1.010935157537460327e-01 -1.852115392684936523e-01
2.234082072973251343e-01 -6.908457726240158081e-02
-8.354441821575164795e-02 1.547108590602874756e-01
-5.429787933826446533e-02 2.470241189002990723e-01
1.237522577866911888e-03 1.449321806430816650e-01
1.348342448472976685e-01 -1.539301276206970215e-01
-1.777346283197402954e-01 2.905987799167633057e-01
1.374505311250686646e-01 -2.969128787517547607e-01
-2.178903669118881226e-01 -3.272924944758415222e-02
7.987679541110992432e-02 -1.301446855068206787e-01
-3.129851818084716797e-01 5.257531255483627319e-02
1.755575239658355713e-01 -8.668455481529235840e-02
-2.369942888617515564e-02 1.179529651999473572e-01
-3.219714760780334473e-02 -3.011094406247138977e-02
9.946169704198837280e-02 -1.908638477325439453e-01
-1.351068615913391113e-01 -3.281001746654510498e-02
-1.321860402822494507e-01 4.827205091714859009e-02
1.021592244505882263e-01 -1.279885023832321167e-01
-3.794981166720390320e-02 2.150215953588485718e-01
-4.069814458489418030e-02 -7.790605537593364716e-03
2.424282431602478027e-01 -4.059317708015441895e-02
1.959796696901321411e-01 -2.312511503696441650e-01
-2.107754200696945190e-01 6.062044203281402588e-02
-7.381689548492431641e-02 1.644846796989440918e-01
-1.092220023274421692e-01 2.359168380498886108e-01
6.294004619121551514e-02 -1.780282407999038696e-01
6.466275453567504883e-02 6.720928847789764404e-02
2.180354148149490356e-01 -4.964037984609603882e-02
-3.302004933357238770e-01 1.731550842523574829e-01
-3.224578499794006348e-01 1.910070180892944336e-01
-1.000712811946868896e-02 2.007740922272205353e-02
-9.336537122726440430e-02 5.476040393114089966e-02
-1.049268394708633423e-01 1.989243477582931519e-01
1.379075348377227783e-01 -2.331739068031311035e-01
-2.584776654839515686e-02 8.074544370174407959e-02
-9.952508658170700073e-02 3.472468852996826172e-01
1.534659564495086670e-01 6.047055870294570923e-02
6.142397969961166382e-02 5.689792707562446594e-02
-8.874561637639999390e-02 2.632236480712890625e-01
2.814424335956573486e-01 -1.061159297823905945e-01
-1.676460504531860352e-01 1.888196468353271484e-01
2.078663259744644165e-01 -1.168244704604148865e-01
1.228689476847648621e-01 -2.213680893182754517e-01
-2.812408506870269775e-01 2.561398744583129883e-01
-1.505634468048810959e-02 -4.960471391677856445e-02
7.459019124507904053e-02 -8.994304388761520386e-02
4.328896105289459229e-02 -1.586767435073852539e-01
2.352656573057174683e-01 -8.147635310888290405e-02
-2.529050111770629883e-01 1.088686361908912659e-01
7.369225472211837769e-02 -1.726216375827789307e-01
1.129609346389770508e-01 -1.188161373138427734e-01
-1.648172736167907715e-01 5.655711516737937927e-02
2.805166840553283691e-01 -1.267876178026199341e-01
-2.605457305908203125e-01 1.784569025039672852e-01
-8.255949616432189941e-02 1.471880227327346802e-01
-2.667644023895263672e-01 7.032736390829086304e-02
-1.187405511736869812e-01 9.104231745004653931e-02
2.139892429113388062e-01 -3.022979497909545898e-01
-2.575200498104095459e-01 9.349808096885681152e-02
-2.648874223232269287e-01 1.220910996198654175e-01
-5.708873271942138672e-02 2.899248600006103516e-01
2.314891517162322998e-01 -1.154573038220405579e-01
-1.820304989814758301e-02 5.478726699948310852e-02
1.932353675365447998e-01 -1.650792658329010010e-01
-5.446097254753112793e-02 2.499843202531337738e-02
-1.454654266126453876e-03 -1.927647739648818970e-02
6.431467086076736450e-02 -3.880042210221290588e-02
-1.656882837414741516e-02 2.325465716421604156e-02
2.923666536808013916e-01 -2.308616489171981812e-01
-2.126049548387527466e-01 2.402180433273315430e-01
-1.204585880041122437e-01 5.124711990356445312e-02
-7.560248021036386490e-03 -4.573396965861320496e-02
-1.432868987321853638e-01 1.246712282299995422e-01
-8.994324132800102234e-03 1.925486885011196136e-02
-6.853587180376052856e-02 -5.305840447545051575e-02
1.632758826017379761e-01 -5.373908206820487976e-02
-1.893683969974517822e-01 1.548122614622116089e-01
-2.159182168543338776e-02 3.729717060923576355e-02
2.229949925094842911e-03 -1.327349618077278137e-02
-2.187127619981765747e-01 -8.773834258317947388e-02
1.352917402982711792e-01 -1.006420403718948364e-01
6.408078968524932861e-02 -1.477489620447158813e-01
-7.952141016721725464e-02 2.808670401573181152e-01
-1.857247948646545410e-01 6.044943258166313171e-02
-2.253605872392654419e-01 1.778514981269836426e-01
1.604692339897155762e-01 -6.525907665491104126e-02
-1.584532558917999268e-01 1.745737344026565552e-01
1.565313637256622314e-01 -5.220560729503631592e-02
8.246144652366638184e-02 -1.080660149455070496e-02
1.903014034032821655e-01 -9.361533820629119873e-02
-5.931740626692771912e-02 1.570501476526260376e-01
9.404473751783370972e-02 -1.196577325463294983e-01
-1.576857864856719971e-01 1.668976992368698120e-01
1.086788028478622437e-01 -1.121730953454971313e-01
-2.823223359882831573e-02 1.752294301986694336e-01
1.892358362674713135e-01 -8.093297481536865234e-02
1.273644901812076569e-02 -8.110056072473526001e-02
-1.656657308340072632e-01 5.866869166493415833e-02
-1.422521024942398071e-01 3.618523478507995605e-02
-5.802756920456886292e-02 1.647289544343948364e-01
1.473295241594314575e-01 -4.670986533164978027e-02
-1.830792129039764404e-01 9.881812334060668945e-02
-1.304464489221572876e-01 4.669561982154846191e-02
2.802495658397674561e-01 -1.437207311391830444e-01
-2.822272777557373047e-01 1.831321567296981812e-01
1.238875389099121094e-01 -2.302040718495845795e-02
-2.607620134949684143e-02 -6.140957027673721313e-02
-6.874806433916091919e-02 1.985110901296138763e-02
-4.485659673810005188e-02 3.413463383913040161e-02
2.017898485064506531e-02 -1.175725162029266357e-01
1.044346764683723450e-01 -1.260438114404678345e-01
-9.060695767402648926e-02 1.528556346893310547e-01
2.342084944248199463e-01 -2.384638786315917969e-01
9.360221028327941895e-02 -1.720531135797500610e-01
2.924384772777557373e-01 -2.131186574697494507e-01
2.757903933525085449e-01 -6.239090487360954285e-02
5.541048943996429443e-02 4.330895375460386276e-03
1.211631745100021362e-01 -3.891103342175483704e-02
1.931912004947662354e-01 -8.342924714088439941e-02
1.917356066405773163e-02 -6.115623190999031067e-02
1.307495217770338058e-02 -9.682769887149333954e-03
3.635423183441162109e-01 -1.686190366744995117e-01
-1.734061390161514282e-01 2.050081491470336914e-01
2.704252600669860840e-01 -5.201634019613265991e-02
-6.857385486364364624e-02 -4.954905435442924500e-02
1.474999189376831055e-01 -1.552355289459228516e-01
-1.364764422178268433e-01 1.590132266283035278e-01
1.413639485836029053e-01 -6.152874231338500977e-02
3.246573731303215027e-02 7.368157058954238892e-02
1.670561879873275757e-01 -7.753875851631164551e-02
-4.463017731904983521e-02 1.610805653035640717e-02
-2.087290585041046143e-01 6.254813075065612793e-02
1.383226737380027771e-02 1.331573724746704102e-02
-2.357082068920135498e-02 9.669635444879531860e-02
-9.252081066370010376e-02 6.926768273115158081e-02
1.529954522848129272e-01 -1.883600503206253052e-01
-4.835411906242370605e-02 -1.158941462635993958e-01
2.265087664127349854e-01 -6.787423789501190186e-02
1.562380641698837280e-01 1.708361692726612091e-02
2.758416235446929932e-01 3.070478513836860657e-02
1.800062805414199829e-01 -2.724209055304527283e-02
-3.559653833508491516e-02 -1.761016622185707092e-02
-5.525408685207366943e-02 1.109389439225196838e-01
-1.480081081390380859e-01 1.501644253730773926e-01
2.433885931968688965e-01 -1.940574944019317627e-01
-2.768779732286930084e-02 -5.511987954378128052e-03
-8.450372517108917236e-02 2.314816415309906006e-01
1.371101140975952148e-01 -1.141311507672071457e-02
-6.680024322122335434e-03 -1.509152352809906006e-01
1.645403802394866943e-01 -2.110212892293930054e-01
1.602341979742050171e-01 -8.743304759263992310e-02
7.120107114315032959e-02 6.425011903047561646e-02
1.807466149330139160e-01 -1.443615853786468506e-01
7.127739954739809036e-04 -9.898781776428222656e-02
6.172185763716697693e-03 2.188650518655776978e-01
2.226820439100265503e-01 -2.118246704339981079e-01
-2.377907335758209229e-01 2.830106578767299652e-02
-1.587728857994079590e-01 9.044498205184936523e-02
-8.514788933098316193e-03 2.598282098770141602e-01
1.838386654853820801e-01 1.018910184502601624e-01
1.224422175437211990e-02 8.118910342454910278e-02
9.574925154447555542e-02 -7.825925014913082123e-03
1.112385094165802002e-01 -1.562083810567855835e-01
-3.473324179649353027e-01 5.631148442625999451e-02
1.538760066032409668e-01 -9.633880853652954102e-02
1.023721098899841309e-01 -3.480526059865951538e-02
-2.925547957420349121e-02 1.171605512499809265e-01
1.297716051340103149e-01 2.287941798567771912e-02
1.749229431152343750e-01 8.889787644147872925e-02
-5.198241397738456726e-02 1.878204196691513062e-01
-9.556619822978973389e-02 2.239386588335037231e-01
-1.536414679139852524e-02 2.428248338401317596e-02
-1.286395043134689331e-01 -1.941291689872741699e-01
1.921117454767227173e-01 6.864991039037704468e-02
2.793092094361782074e-02 -2.719247937202453613e-01
-1.806347072124481201e-01 1.030654460191726685e-01
4.238689690828323364e-02 -1.440066285431385040e-02
-1.368910670280456543e-01 1.819991618394851685e-01
2.518330514430999756e-01 -2.415266036987304688e-01
7.127509266138076782e-02 -1.555517315864562988e-01
-1.218559294939041138e-01 2.588924765586853027e-01
-1.378802806138992310e-01 1.975548267364501953e-01
9.815469384193420410e-02 -2.527104020118713379e-01
1.091532632708549500e-01 2.282236330211162567e-02
-8.031509816646575928e-03 6.839448213577270508e-02
1.375334113836288452e-01 -2.180558294057846069e-01
-8.028754591941833496e-02 1.025664061307907104e-01
3.222438991069793701e-01 -9.104251861572265625e-02
