-4.100502654910087585e-02 -6.324639171361923218e-02
-2.348824739456176758e-01 8.012598752975463867e-02
1.113184392452239990e-01 -2.303478866815567017e-02
-1.063216775655746460e-01 8.920440822839736938e-02
-8.647155761718750000e-02 4.836248233914375305e-02
6.058136373758316040e-02 -1.106691882014274597e-01
-1.820846088230609894e-02 -5.829367320984601974e-03
1.438966244459152222e-01 -1.352637913078069687e-02
2.216763421893119812e-02 -1.683951914310455322e-01
-1.050352528691291809e-01 1.053561791777610779e-01
2.044497244060039520e-02 7.727556675672531128e-02
8.834141492843627930e-02 -4.100313782691955566e-02
3.313658758997917175e-02 9.316933900117874146e-02
7.010857015848159790e-02 -1.556030511856079102e-01
2.645535767078399658e-02 1.741554774343967438e-02
1.172740086913108826e-01 1.478873938322067261e-01
-8.351361751556396484e-02 5.881150066852569580e-02
-6.437291949987411499e-02 1.277306955307722092e-02
-2.476739138364791870e-01 1.672666668891906738e-01
9.523025155067443848e-02 -6.226509064435958862e-02
-1.565496325492858887e-01 1.004188284277915955e-01
-2.162490971386432648e-02 1.055506542325019836e-01
5.831274390220642090e-02 2.103077061474323273e-02
-6.938147358596324921e-03 -7.136783003807067871e-02
2.102970927953720093e-01 -1.606999337673187256e-01
-3.031729348003864288e-02 -5.588557571172714233e-02
4.326476901769638062e-02 -3.005457110702991486e-02
-1.284723728895187378e-01 -7.576023787260055542e-02
3.716128319501876831e-02 -1.765004992485046387e-01
-2.538679242134094238e-01 1.598400324583053589e-01
-9.891447424888610840e-02 1.316205114126205444e-01
7.153884321451187134e-02 -1.453766971826553345e-01
1.559653580188751221e-01 -2.233310341835021973e-01
-1.065765619277954102e-01 8.900052309036254883e-02
-1.382521390914916992e-01 -8.516598492860794067e-02
-2.867031693458557129e-01 2.090835869312286377e-01
1.445203423500061035e-01 -1.737641096115112305e-01
-1.407137978821992874e-02 1.574344784021377563e-01
-5.659465864300727844e-02 4.351560026407241821e-02
-2.983209677040576935e-02 -8.922383934259414673e-02
4.259156435728073120e-02 8.041784167289733887e-02
2.805056236684322357e-02 -1.432535946369171143e-01
-7.500653713941574097e-02 -1.400393713265657425e-02
1.982778124511241913e-02 7.265111804008483887e-02
-4.723674431443214417e-02 -1.320942491292953491e-01
-2.976555824279785156e-01 5.392599478363990784e-02
5.079920962452888489e-02 4.085773229598999023e-02
-5.483129993081092834e-02 -6.833291798830032349e-02
-1.173351556062698364e-01 4.156716912984848022e-02
-7.145076245069503784e-02 5.864048749208450317e-02
2.975500561296939850e-02 2.514505200088024139e-02
-1.045990362763404846e-01 3.259951174259185791e-01
-1.836728453636169434e-01 -3.470799326896667480e-02
1.018407661467790604e-02 -2.500500679016113281e-01
-6.317409873008728027e-02 -9.477487951517105103e-02
1.160441040992736816e-01 -8.668591082096099854e-02
-3.339659422636032104e-02 5.997755751013755798e-02
2.046372294425964355e-01 -8.530607819557189941e-02
-2.702306210994720459e-02 1.298457086086273193e-01
1.013404726982116699e-01 5.609947070479393005e-02
1.158226877450942993e-01 3.373839333653450012e-02
-8.751767128705978394e-02 9.207392483949661255e-02
8.992032706737518311e-02 -4.766061902046203613e-02
-6.439037621021270752e-03 -4.860083013772964478e-02
-3.495675325393676758e-02 1.970924586057662964e-01
-3.163553401827812195e-02 1.717624440789222717e-02
-1.684105098247528076e-01 8.882085233926773071e-02
-1.215403079986572266e-01 1.024998575448989868e-01
-1.230459846556186676e-02 1.590367555618286133e-01
-5.232064519077539444e-03 -1.155686974525451660e-01
1.108798533678054810e-01 1.328822374343872070e-01
-8.742228150367736816e-03 1.388600096106529236e-02
1.302129179239273071e-01 -8.054065704345703125e-02
-1.744980961084365845e-01 1.107063982635736465e-02
-7.466120272874832153e-02 1.787821203470230103e-02
-3.139848634600639343e-02 1.385245025157928467e-01
-5.541009828448295593e-02 6.219083070755004883e-02
3.730192407965660095e-02 -1.223779991269111633e-01
1.800469905138015747e-01 -2.106073796749114990e-01
5.838837102055549622e-02 1.639738827943801880e-01
-1.263878196477890015e-01 1.120994091033935547e-01
4.426461085677146912e-02 -3.594876453280448914e-02
8.539365977048873901e-02 -1.301860958337783813e-01
1.325013041496276855e-01 -1.704743057489395142e-01
-1.566503345966339111e-01 8.268304914236068726e-02
4.650495201349258423e-02 -1.283406615257263184e-01
6.215322390198707581e-02 -1.057797670364379883e-01
1.760268770158290863e-02 -3.882391750812530518e-02
-1.326292753219604492e-01 -7.014422118663787842e-02
1.170604154467582703e-01 -2.255994528532028198e-01
1.282268762588500977e-01 -7.635904103517532349e-02
6.277780234813690186e-02 -7.128796726465225220e-02
-4.307262971997261047e-02 8.994791656732559204e-02
-1.676324307918548584e-01 1.690868847072124481e-02
-4.194092378020286560e-02 2.148084193468093872e-01
5.185973271727561951e-02 -1.450057178735733032e-01
1.965591460466384888e-01 5.997169017791748047e-02
-9.444719180464744568e-04 6.833943724632263184e-02
2.650769948959350586e-01 -1.276505440473556519e-01
1.811495237052440643e-02 -1.014861911535263062e-01
1.965485215187072754e-01 -1.909222006797790527e-01
2.460946515202522278e-02 -6.690898537635803223e-02
-8.492999523878097534e-02 9.101229906082153320e-02
2.510892748832702637e-01 -6.725051999092102051e-02
-1.050484403967857361e-01 1.153814643621444702e-01
1.749210059642791748e-01 -1.077492758631706238e-01
-4.823985695838928223e-02 -2.286287723109126091e-03
6.525828689336776733e-02 -8.070363663136959076e-03
2.193087339401245117e-01 -7.112798839807510376e-02
-2.973798811435699463e-01 2.914433181285858154e-01
6.803112477064132690e-02 -8.251558244228363037e-02
1.534240990877151489e-01 -1.087908521294593811e-01
-3.025559484958648682e-01 2.476352453231811523e-01
-1.526263654232025146e-01 -4.492077976465225220e-02
1.163696721196174622e-01 -1.860529184341430664e-01
-1.555990427732467651e-01 1.211964339017868042e-01
4.766950011253356934e-02 -1.181164905428886414e-01
1.638242751359939575e-01 -2.126227878034114838e-02
5.619563907384872437e-02 1.148836985230445862e-01
-3.319794684648513794e-02 1.171357231214642525e-03
-1.779558062553405762e-01 1.083402410149574280e-01
6.866484880447387695e-02 -1.732809096574783325e-01
-9.502429515123367310e-02 -5.387054011225700378e-02
-1.969397254288196564e-02 6.067997589707374573e-02
-1.794350743293762207e-01 -5.507489293813705444e-02
-9.494804590940475464e-02 1.320880651473999023e-01
-2.253774404525756836e-01 -2.331396751105785370e-02
-8.460623770952224731e-02 8.370232582092285156e-02
1.735430806875228882e-01 -2.805086076259613037e-01
-3.316721916198730469e-01 1.578342616558074951e-01
-2.399643510580062866e-01 1.970275640487670898e-01
6.296680867671966553e-02 -1.535408049821853638e-01
1.107829064130783081e-02 -8.732257038354873657e-02
-9.963524341583251953e-02 -1.137095242738723755e-01
-1.684928685426712036e-01 5.789358983747661114e-04
1.194857209920883179e-01 -6.640775501728057861e-02
2.602209150791168213e-02 -9.458626806735992432e-02
-2.448156923055648804e-01 2.223405241966247559e-01
1.293191313743591309e-01 -1.689041554927825928e-01
1.102258414030075073e-01 -6.986596435308456421e-02
-2.646712362766265869e-01 1.049799323081970215e-01
3.406088948249816895e-01 -2.673660814762115479e-01
-2.915626764297485352e-01 9.610789269208908081e-02
-1.288026869297027588e-01 -2.557126060128211975e-02
-1.657407879829406738e-01 4.277734085917472839e-02
8.767081797122955322e-02 -2.026046961545944214e-01
-1.055520474910736084e-01 1.946335583925247192e-01
-2.437582015991210938e-01 4.449638351798057556e-02
-4.324459005147218704e-03 1.130315940827131271e-03
7.912097871303558350e-02 -3.828673809766769409e-02
-9.814637154340744019e-02 2.360915988683700562e-01
-1.348356064409017563e-02 -1.569283567368984222e-02
-1.267485320568084717e-01 2.743913829326629639e-01
4.179968684911727905e-02 -5.407803133130073547e-02
-1.856671571731567383e-01 1.445657163858413696e-01
2.737501868978142738e-03 -2.801109850406646729e-02
-2.232724577188491821e-01 2.267437279224395752e-01
-3.636233136057853699e-02 -1.939166188240051270e-01
-1.840599434217438102e-04 -1.494501829147338867e-01
1.853736490011215210e-01 4.154922813177108765e-02
-1.134441569447517395e-01 2.523169107735157013e-02
1.596916913986206055e-01 -2.184233516454696655e-01
7.271756231784820557e-02 -1.656036078929901123e-01
2.139011174440383911e-01 -3.152347803115844727e-01
1.910328269004821777e-01 -1.946171969175338745e-01
-2.948977351188659668e-01 9.324082732200622559e-02
1.162207103334367275e-03 -1.482201926410198212e-02
2.247691601514816284e-01 -1.820707321166992188e-01
-3.166618347167968750e-01 2.361555099487304688e-01
1.586759537458419800e-01 -8.123343437910079956e-02
1.012838631868362427e-01 -9.242802113294601440e-02
-1.329823732376098633e-01 2.279848158359527588e-01
3.005536496639251709e-01 -1.821424663066864014e-01
-3.547925055027008057e-01 1.317900866270065308e-01
6.380896270275115967e-02 -1.287685036659240723e-01
-1.206743996590375900e-02 -1.051799282431602478e-01
5.906656384468078613e-02 -2.930175140500068665e-02
-1.871247440576553345e-01 1.908164769411087036e-01
1.703132502734661102e-02 1.670197700150310993e-03
1.067843884229660034e-01 3.076897002756595612e-02
1.112890243530273438e-01 -6.683266907930374146e-02
-1.340840477496385574e-02 -2.149904221296310425e-01
-1.995169073343276978e-01 1.738087385892868042e-01
1.796189546585083008e-01 -1.341353505849838257e-01
-1.660356223583221436e-01 2.518266439437866211e-01
-1.348003149032592773e-01 1.471658796072006226e-01
-1.160469055175781250e-01 2.046971023082733154e-01
-1.108685284852981567e-01 1.229626834392547607e-01
2.918094396591186523e-02 6.782252341508865356e-02
-3.932975232601165771e-02 1.707226336002349854e-01
1.328290998935699463e-01 -1.946911662817001343e-01
1.634829342365264893e-01 -1.409352421760559082e-01
4.865150526165962219e-02 6.385581940412521362e-02
-2.791968882083892822e-01 2.244130074977874756e-01
6.875428557395935059e-02 2.100589871406555176e-02
-6.744127720594406128e-02 -2.424000650644302368e-01
7.030501216650009155e-02 -2.527058720588684082e-01
1.529838591814041138e-01 -8.445013314485549927e-02
1.262377649545669556e-01 1.034424640238285065e-02
6.925229728221893311e-02 1.588717289268970490e-02
2.154010906815528870e-02 -9.728868305683135986e-02
-4.542539268732070923e-02 -1.007216051220893860e-01
1.397290676832199097e-01 -1.498408615589141846e-01
1.011091172695159912e-01 3.025690792128443718e-03
-1.058932319283485413e-01 -6.311114877462387085e-02
3.580594062805175781e-02 8.072429150342941284e-02
7.541569322347640991e-02 -1.800334900617599487e-01
-1.770242005586624146e-01 7.066492736339569092e-02
-1.338586956262588501e-01 2.202401496469974518e-02
3.538358956575393677e-02 -6.401261687278747559e-02
-6.474966555833816528e-02 1.029936075210571289e-01
-2.862488478422164917e-02 1.096463426947593689e-01
1.398645713925361633e-02 -1.856931671500205994e-02
9.791954606771469116e-02 1.922622621059417725e-01
-1.151188388466835022e-01 2.238718606531620026e-02
9.058033674955368042e-02 -1.269278675317764282e-01
-9.737357497215270996e-02 -4.199571534991264343e-02
2.310344278812408447e-01 2.574275620281696320e-02
-2.150083333253860474e-01 2.141522318124771118e-01
-1.083790436387062073e-01 1.295030117034912109e-01
-6.389977782964706421e-02 -5.337771773338317871e-02
-4.808183386921882629e-02 1.517729312181472778e-01
-1.883727759122848511e-01 1.112449392676353455e-01
1.452322006225585938e-01 -7.000946998596191406e-02
-5.291884019970893860e-02 -1.124251112341880798e-01
-2.341027855873107910e-01 1.530553251504898071e-01
3.675485029816627502e-02 7.613366842269897461e-02
1.554731931537389755e-02 2.319142781198024750e-02
8.919747173786163330e-02 -2.077236026525497437e-01
-1.837315112352371216e-01 4.524080827832221985e-02
-7.370714843273162842e-02 1.268982291221618652e-01
1.096795275807380676e-01 6.540235131978988647e-03
-3.800452128052711487e-02 1.982681155204772949e-01
-5.865831300616264343e-02 1.126080602407455444e-01
-1.640280783176422119e-01 8.724538981914520264e-02
-1.289851665496826172e-01 -3.436691686511039734e-02
-9.425657987594604492e-02 -3.048731759190559387e-02
-2.496452182531356812e-01 8.174429088830947876e-02
2.589474245905876160e-02 -1.667683124542236328e-01
-5.590723827481269836e-02 -6.239622086286544800e-02
-9.543339908123016357e-02 1.247361972928047180e-01
-1.220518797636032104e-01 -4.210412129759788513e-02
-4.263520613312721252e-02 -5.361066386103630066e-02
1.442063301801681519e-01 -5.434948951005935669e-03
-3.868037136271595955e-03 1.317573338747024536e-01
1.043154522776603699e-01 -4.223748296499252319e-02
-1.904312968254089355e-01 -1.016051545739173889e-01
7.711881399154663086e-02 -7.770477794110774994e-03
-1.488318443298339844e-01 2.477776706218719482e-01
1.459236890077590942e-01 -1.341820787638425827e-02
-2.349246665835380554e-02 3.853460028767585754e-02
-6.275888998061418533e-03 4.163737595081329346e-02
-1.541826687753200531e-02 4.036110267043113708e-02
1.070633647032082081e-03 -8.540749549865722656e-02
-7.662307471036911011e-02 2.413773909211158752e-02
8.424435555934906006e-02 -3.794202953577041626e-02
