-4.998102411627769470e-02 3.320065140724182129e-01
9.861865639686584473e-02 -8.442557603120803833e-02
-7.310036104172468185e-03 1.060746833682060242e-01
5.194406583905220032e-02 -1.004558652639389038e-01
3.954244032502174377e-02 -1.638785935938358307e-02
-1.930941455066204071e-02 9.341578115709125996e-04
7.271896302700042725e-02 -2.518299818038940430e-01
1.395661681890487671e-01 -1.695870310068130493e-01
1.089922040700912476e-01 1.004997864365577698e-01
2.525833621621131897e-02 9.475538134574890137e-02
-1.541941426694393158e-02 2.121145874261856079e-01
2.427261471748352051e-01 -1.551093161106109619e-01
-1.406527496874332428e-02 1.501758545637130737e-01
1.880074292421340942e-01 7.198550738394260406e-03
-1.116869524121284485e-01 -3.188411518931388855e-02
1.930321156978607178e-01 -1.917310804128646851e-01
1.263235062360763550e-01 -4.142168462276458740e-01
9.501789510250091553e-02 -2.324535697698593140e-01
1.070532798767089844e-01 -1.964079448953270912e-03
-1.676058769226074219e-01 1.221214458346366882e-01
1.175571046769618988e-02 -1.353493630886077881e-01
-1.347476243972778320e-01 -4.730237275362014771e-02
-1.546886265277862549e-01 4.025044292211532593e-02
5.753994360566139221e-02 -6.578098982572555542e-02
2.959874570369720459e-01 -1.902436017990112305e-01
-1.859997361898422241e-01 1.685082465410232544e-01
9.557493776082992554e-02 -1.863607391715049744e-02
2.028279155492782593e-01 -1.798137724399566650e-01
-1.174175739288330078e-01 1.017667427659034729e-01
2.001315951347351074e-01 -2.061956971883773804e-01
-1.354730129241943359e-01 3.538399189710617065e-02
1.534173041582107544e-01 2.651789598166942596e-02
-1.261533647775650024e-01 -8.251929283142089844e-02
1.914347857236862183e-01 -1.960404068231582642e-01
-1.424186825752258301e-01 -3.179993480443954468e-02
1.745128631591796875e-01 -4.728655517101287842e-02
-2.370767891407012939e-01 1.519149988889694214e-01
-6.843430548906326294e-02 1.304528303444385529e-02
-6.866239011287689209e-02 1.533508002758026123e-01
-1.596760451793670654e-01 7.253040373325347900e-02
2.052733302116394043e-02 -1.704746484756469727e-01
8.770275115966796875e-02 -1.401855349540710449e-01
-3.424073383212089539e-02 -5.397374555468559265e-02
-2.517449259757995605e-01 3.520368635654449463e-01
1.407125592231750488e-01 -2.450931519269943237e-01
-2.095158398151397705e-01 1.921240985393524170e-01
2.905911207199096680e-02 -2.862821333110332489e-02
-9.366844780743122101e-03 8.722289651632308960e-02
5.435536801815032959e-02 1.923553459346294403e-02
-9.593380242586135864e-02 6.931398063898086548e-02
-3.497357964515686035e-01 1.896300464868545532e-01
2.084574103355407715e-01 -1.750955432653427124e-01
1.710634976625442505e-01 -1.243472173810005188e-01
-2.964506447315216064e-01 2.267209142446517944e-01
2.042879611253738403e-01 -1.563257426023483276e-01
5.115870386362075806e-02 -5.539171770215034485e-02
-2.035471946001052856e-01 2.930976152420043945e-01
5.444349721074104309e-02 6.947983801364898682e-02
-1.521986573934555054e-01 1.114092674106359482e-02
-3.274304568767547607e-01 3.145834207534790039e-01
-3.473691940307617188e-01 2.874979376792907715e-01
2.561698853969573975e-01 -1.494876593351364136e-01
-4.077941775321960449e-01 2.312900424003601074e-01
-6.434334069490432739e-02 2.009504884481430054e-01
-3.055011630058288574e-01 3.061792254447937012e-01
3.312140703201293945e-01 -3.280251920223236084e-01
2.640322744846343994e-01 -2.451692819595336914e-01
3.051748275756835938e-01 -1.274201273918151855e-01
-2.908647954463958740e-01 3.326714634895324707e-01
9.117023646831512451e-02 -3.713416680693626404e-02
-4.210768267512321472e-02 1.766800135374069214e-01
3.385094106197357178e-01 -3.252710103988647461e-01
2.161282300949096680e-01 -2.516051195561885834e-02
-1.158019527792930603e-01 1.577220410108566284e-01
1.445474326610565186e-01 -9.685308486223220825e-02
3.240903019905090332e-01 -1.544422656297683716e-01
8.075010776519775391e-02 2.865307591855525970e-02
3.694536685943603516e-01 -2.291367501020431519e-01
1.486528217792510986e-01 -8.446276187896728516e-02
-2.981692850589752197e-01 3.557845056056976318e-01
2.449639588594436646e-01 -3.882627189159393311e-01
-2.400074005126953125e-01 3.435152769088745117e-01
-8.251412957906723022e-02 -7.219715416431427002e-02
1.866991966962814331e-01 -4.667926430702209473e-01
3.065969049930572510e-01 -2.585450708866119385e-01
-2.603355944156646729e-01 3.920547664165496826e-02
1.560396254062652588e-01 -2.887857556343078613e-01
8.550439029932022095e-02 1.640055328607559204e-01
4.425468742847442627e-01 -3.141635954380035400e-01
2.355284392833709717e-01 -1.992192864418029785e-01
4.164160490036010742e-01 -2.910069525241851807e-01
4.067392051219940186e-01 -2.239799201488494873e-01
-3.563091158866882324e-01 3.349725306034088135e-01
1.140827015042304993e-01 -2.006014585494995117e-01
2.637231349945068359e-01 -3.183853626251220703e-01
-1.872181147336959839e-01 2.622777223587036133e-01
-2.566019892692565918e-01 1.165268048644065857e-01
4.002743363380432129e-01 -1.708953082561492920e-01
5.805706232786178589e-02 1.239702329039573669e-01
1.142604202032089233e-01 7.718671113252639771e-03
3.201167583465576172e-01 -1.935206800699234009e-01
-1.064469739794731140e-01 2.508471310138702393e-01
-7.863979041576385498e-02 2.546966969966888428e-01
6.098641455173492432e-02 -2.637378573417663574e-01
1.364916265010833740e-01 -2.704066336154937744e-01
-3.961127102375030518e-01 5.462831631302833557e-02
-2.098000794649124146e-02 -8.478508889675140381e-02
-3.229365646839141846e-01 5.190327167510986328e-01
2.072637677192687988e-01 -1.753681302070617676e-01
-9.647367894649505615e-02 8.835023269057273865e-03
3.227632045745849609e-01 -7.542409002780914307e-02
2.196092903614044189e-02 3.613518550992012024e-02
1.723423600196838379e-01 -2.531343996524810791e-01
-1.452803462743759155e-01 1.487055793404579163e-02
-1.701567471027374268e-01 1.398360580205917358e-01
1.121380552649497986e-01 -2.623704075813293457e-01
1.921286806464195251e-02 -3.165239989757537842e-01
-9.987906552851200104e-03 1.165644377470016479e-01
1.230826005339622498e-01 5.240797996520996094e-02
1.248327642679214478e-01 -1.787583529949188232e-02
-2.050867974758148193e-01 2.767018377780914307e-01
-4.038460925221443176e-02 1.465704292058944702e-01
3.429603278636932373e-01 -2.770347893238067627e-01
-2.459831535816192627e-01 2.062220871448516846e-01
-1.981542259454727173e-01 1.930746436119079590e-01
4.994215965270996094e-01 -1.667433679103851318e-01
-1.835493743419647217e-01 3.712962567806243896e-01
-3.212597072124481201e-01 3.532207012176513672e-01
-1.518900990486145020e-01 2.084958106279373169e-01
1.600409448146820068e-01 -3.074319660663604736e-01
9.040529839694499969e-03 -5.326750129461288452e-02
-2.242305427789688110e-01 7.869355380535125732e-02
3.579649031162261963e-01 -4.585529565811157227e-01
6.823796778917312622e-02 -1.424191705882549286e-02
1.540448516607284546e-01 -3.087295591831207275e-02
-2.273892760276794434e-01 2.658901214599609375e-01
-3.959435522556304932e-01 3.156424760818481445e-01
3.430116772651672363e-01 -1.536642462015151978e-01
-2.390177100896835327e-01 2.396718114614486694e-01
3.399455547332763672e-01 -9.384348243474960327e-02
-6.964217126369476318e-02 -4.405709356069564819e-02
2.112180888652801514e-01 -2.471624761819839478e-01
1.129552125930786133e-01 -2.515182793140411377e-01
3.282768726348876953e-01 -2.188791185617446899e-01
1.658696681261062622e-01 -3.528467416763305664e-01
9.651355445384979248e-02 -9.425530210137367249e-03
1.247341185808181763e-01 -6.249483302235603333e-02
1.427958905696868896e-01 9.699406474828720093e-02
-1.815850436687469482e-01 -8.992929756641387939e-02
2.328076958656311035e-01 -3.235433101654052734e-01
2.037814557552337646e-01 -1.017992123961448669e-01
-1.860144436359405518e-01 1.485090851783752441e-01
-9.334519505500793457e-02 1.345224976539611816e-01
5.835792794823646545e-02 -9.780663251876831055e-02
2.020071744918823242e-01 -7.466971874237060547e-02
2.114300280809402466e-01 4.551615566015243530e-02
-3.887163996696472168e-01 1.737037152051925659e-01
-8.187438547611236572e-02 1.161304768174886703e-02
-5.344552919268608093e-02 -8.084701746702194214e-02
-1.163398548960685730e-01 2.981338202953338623e-01
-1.343249380588531494e-01 1.373388320207595825e-01
3.860449194908142090e-01 -3.586563467979431152e-02
-3.525405526161193848e-01 1.066028997302055359e-01
-1.313888430595397949e-01 2.710740566253662109e-01
8.051656931638717651e-02 -9.669572114944458008e-02
3.359998464584350586e-01 -2.388964444398880005e-01
-2.536322772502899170e-01 3.302994072437286377e-01
7.870238274335861206e-02 -2.210642397403717041e-01
1.956602372229099274e-02 -2.439775913953781128e-01
-2.095597535371780396e-01 3.734582960605621338e-01
1.503234505653381348e-01 -7.585656642913818359e-02
-3.780713975429534912e-01 2.616668343544006348e-01
1.923808902502059937e-01 -2.882414460182189941e-01
-6.053526327013969421e-02 7.516755908727645874e-02
-1.165475994348526001e-01 1.513830423355102539e-01
3.625434935092926025e-01 -1.421516984701156616e-01
1.698731780052185059e-01 -2.675308585166931152e-01
1.252524834126234055e-02 1.194703727960586548e-01
-1.436789631843566895e-01 3.745523467659950256e-02
2.306859642267227173e-01 -3.980161249637603760e-01
2.299157679080963135e-01 -2.374101430177688599e-01
6.558336317539215088e-02 2.384001761674880981e-01
3.910178542137145996e-01 -2.852468192577362061e-01
-3.415288031101226807e-02 2.291633337736129761e-01
1.735731959342956543e-01 -2.508387267589569092e-01
-3.449821174144744873e-01 1.974770277738571167e-01
1.525447964668273926e-01 -1.242116764187812805e-01
-3.752182722091674805e-01 4.353472590446472168e-01
-3.567986190319061279e-01 3.838952779769897461e-01
1.538293063640594482e-01 -2.418122738599777222e-01
-2.979513108730316162e-01 3.916634917259216309e-01
-1.039109155535697937e-01 9.912944585084915161e-02
-9.121081978082656860e-02 7.930024713277816772e-02
1.484398096799850464e-01 -1.479242742061614990e-01
2.561988830566406250e-01 -1.765401512384414673e-01
1.154251843690872192e-01 -9.042157232761383057e-02
1.122960299253463745e-01 -3.491033613681793213e-01
-1.556973308324813843e-01 2.711697295308113098e-02
-7.106977701187133789e-02 -9.163886308670043945e-03
-1.912267878651618958e-02 -1.602706164121627808e-01
-1.098188236355781555e-01 7.843650877475738525e-02
9.299821406602859497e-02 6.493789609521627426e-03
-2.672710716724395752e-01 3.313201069831848145e-01
4.366706311702728271e-02 -7.923139631748199463e-02
-3.977755084633827209e-02 1.052887812256813049e-01
-1.130508631467819214e-01 3.884326142724603415e-04
3.713040053844451904e-02 -8.829821646213531494e-02
1.946114352904260159e-03 -1.173590645194053650e-01
5.040894150733947754e-01 -2.208316475152969360e-01
-2.090466916561126709e-01 2.015801221132278442e-01
8.802662789821624756e-02 -1.185044646263122559e-01
7.610496133565902710e-02 -1.860253661870956421e-01
-7.572860270738601685e-02 1.368564665317535400e-01
8.086825162172317505e-02 4.667801782488822937e-02
1.090200543403625488e-01 -1.058473512530326843e-01
-6.508710235357284546e-02 -9.024651348590850830e-02
1.671465188264846802e-01 -1.305251568555831909e-01
-1.113916710019111633e-01 2.129704803228378296e-01
-8.435646072030067444e-03 1.697657108306884766e-01
-7.803857326507568359e-02 6.054506450891494751e-02
1.314237862825393677e-01 -3.418376445770263672e-01
-3.193222731351852417e-02 -2.999381721019744873e-02
-1.809084117412567139e-01 6.273645907640457153e-02
-1.469471305608749390e-02 2.464109659194946289e-01
-1.139896214008331299e-01 6.060691922903060913e-02
1.146211549639701843e-01 -1.462991386651992798e-01
8.089414797723293304e-03 1.384792774915695190e-01
-2.911058366298675537e-01 1.182310581207275391e-01
-6.914790719747543335e-02 5.107155814766883850e-02
2.089391648769378662e-01 -2.349544912576675415e-01
-3.745355606079101562e-01 3.517465591430664062e-01
-6.673687696456909180e-02 -1.840736716985702515e-02
-5.830511823296546936e-02 1.396515071392059326e-01
-2.148069888353347778e-01 2.870434224605560303e-01
-1.748620718717575073e-02 -7.413348555564880371e-02
-2.122109085321426392e-01 5.535621568560600281e-02
-1.453491151332855225e-01 -1.815115660429000854e-02
3.704630583524703979e-02 -9.235458076000213623e-02
-3.829509764909744263e-02 -6.327794492244720459e-02
-1.466508805751800537e-01 2.317050099372863770e-02
1.918445080518722534e-01 3.900862531736493111e-03
2.026003003120422363e-01 -1.335185170173645020e-01
-6.499529629945755005e-02 2.340055257081985474e-02
1.370468586683273315e-01 -1.694096028804779053e-01
1.942899227142333984e-01 -2.725829482078552246e-01
-4.774009808897972107e-02 1.405604369938373566e-02
-4.467663541436195374e-02 -1.637476831674575806e-01
-2.086894363164901733e-01 7.666328549385070801e-02
5.406768247485160828e-02 -1.563826054334640503e-01
4.403229430317878723e-02 1.112062707543373108e-01
-1.118377000093460083e-01 -7.843253761529922485e-02
-3.321664780378341675e-02 -2.456252463161945343e-02
-1.994941234588623047e-01 -8.301301300525665283e-02
1.500823497772216797e-01 9.284973889589309692e-02
-2.700758576393127441e-01 1.333162039518356323e-01
-1.174941658973693848e-02 1.077177003026008606e-01
