-8.494804799556732178e-02 -3.780791163444519043e-02
-1.140042394399642944e-01 1.600164473056793213e-01
-1.972869411110877991e-02 1.125913932919502258e-01
1.081139035522937775e-02 -4.689683020114898682e-02
-1.038037389516830444e-01 -1.110005378723144531e-02
2.015579193830490112e-01 -1.497255861759185791e-01
1.114406958222389221e-01 -1.897758394479751587e-01
2.177157700061798096e-01 -1.303176283836364746e-01
-5.030428618192672729e-02 4.888849705457687378e-02
3.808610141277313232e-02 -7.537247240543365479e-02
5.081232637166976929e-02 -1.630340218544006348e-01
-1.640256345272064209e-01 9.315998852252960205e-02
-2.959633432328701019e-02 2.668569684028625488e-01
7.698540389537811279e-02 -1.166256442666053772e-01
-5.057644844055175781e-02 3.564092516899108887e-02
-1.440740972757339478e-01 1.539220381528139114e-02
1.690973043441772461e-01 -2.502823770046234131e-01
-3.787331655621528625e-02 -1.302481591701507568e-01
-9.788100421428680420e-02 1.326359659433364868e-01
-1.869119331240653992e-02 -1.552714705467224121e-01
1.957532763481140137e-01 -1.203824877738952637e-01
-1.374803185462951660e-01 -3.160606324672698975e-02
3.507833182811737061e-02 9.254190325736999512e-02
-4.153077024966478348e-04 6.423216313123703003e-02
-9.702652692794799805e-02 2.226533144712448120e-01
2.441216818988323212e-02 2.988988300785422325e-03
-4.694739729166030884e-02 5.998165532946586609e-02
-1.849065124988555908e-01 1.612882018089294434e-01
-1.464150249958038330e-01 2.567714452743530273e-01
2.272081933915615082e-02 8.950990438461303711e-02
1.294779181480407715e-01 -1.235280036926269531e-01
8.004095405340194702e-03 4.620106145739555359e-02
-9.841882437467575073e-02 3.557110577821731567e-02
-8.015517145395278931e-02 -6.078492477536201477e-02
1.246389094740152359e-02 -7.874187082052230835e-02
-1.496784538030624390e-01 -1.169023197144269943e-02
-2.300109528005123138e-02 2.589501142501831055e-01
-3.388206288218498230e-02 -4.199740290641784668e-02
6.237854436039924622e-02 -5.473051592707633972e-02
3.454855456948280334e-02 7.429533451795578003e-02
1.423166096210479736e-01 -1.243177279829978943e-01
-2.564337253570556641e-01 -1.002311008051037788e-03
1.719151437282562256e-02 7.257449626922607422e-02
1.470195502042770386e-01 -8.846227079629898071e-02
-1.209575310349464417e-01 1.461797580122947693e-02
-1.120362430810928345e-01 7.456449419260025024e-02
1.378798671066761017e-02 -1.062388420104980469e-01
8.011423796415328979e-02 -1.634837687015533447e-01
-9.237491339445114136e-02 1.678105592727661133e-01
2.976735495030879974e-02 -2.267673313617706299e-01
2.393013685941696167e-01 -1.529877930879592896e-01
-9.693852066993713379e-02 1.289904713630676270e-01
-2.791346237063407898e-02 8.400854468345642090e-02
2.484205365180969238e-02 1.161459237337112427e-01
-7.583600282669067383e-02 -6.115799769759178162e-03
1.191415339708328247e-01 -6.525772809982299805e-02
1.107782591134309769e-02 2.324936389923095703e-01
8.988118916749954224e-02 -2.985525727272033691e-01
-3.547525405883789062e-02 -2.233366221189498901e-01
1.780844032764434814e-01 -2.580336034297943115e-01
1.519741714000701904e-01 -1.754121333360671997e-01
1.445931196212768555e-01 -1.174430479295551777e-03
9.992159903049468994e-02 -2.221511155366897583e-01
-3.031063973903656006e-01 2.381159365177154541e-01
1.571854501962661743e-01 -1.714274138212203979e-01
4.886438697576522827e-02 7.184568792581558228e-02
-1.937757432460784912e-01 1.084525585174560547e-01
1.054685413837432861e-01 -5.713314563035964966e-02
-7.782635092735290527e-02 1.965524703264236450e-01
3.680568188428878784e-02 -1.450817883014678955e-01
-5.989331007003784180e-02 7.955292612314224243e-02
1.031029671430587769e-01 8.624050766229629517e-02
-1.265707612037658691e-01 1.901596039533615112e-02
-4.424358159303665161e-02 -1.939184218645095825e-01
6.534210406243801117e-03 -1.194751635193824768e-01
-3.547532111406326294e-02 2.556093633174896240e-01
1.463144421577453613e-01 -2.992185354232788086e-01
-6.159413605928421021e-02 1.379847824573516846e-01
3.855198249220848083e-02 -2.625495493412017822e-01
-1.988397911190986633e-02 -2.958593890070915222e-02
9.328671544790267944e-02 9.841304272413253784e-02
1.361615210771560669e-01 -1.496408581733703613e-01
1.023367792367935181e-01 1.063169986009597778e-01
1.846418976783752441e-01 -3.702175021171569824e-01
-2.087557017803192139e-01 8.318904787302017212e-02
5.830630660057067871e-02 1.846237629652023315e-01
8.828638494014739990e-02 -2.967819571495056152e-02
-1.891541332006454468e-01 1.385236829519271851e-01
1.248907744884490967e-01 -3.710056096315383911e-02
-2.149631977081298828e-01 2.442600876092910767e-01
1.241603866219520569e-01 -9.713229537010192871e-02
-1.325621902942657471e-01 4.532306268811225891e-02
2.167631499469280243e-02 1.779034733772277832e-01
-3.236645087599754333e-02 9.275805205106735229e-02
-1.639804095029830933e-01 1.664725095033645630e-01
4.848936572670936584e-02 -9.211182594299316406e-02
-5.240440368652343750e-02 -2.163661085069179535e-02
6.040150299668312073e-02 -2.044068574905395508e-01
-1.326380968093872070e-01 1.451458483934402466e-01
-2.057293802499771118e-01 1.724619120359420776e-01
3.216985166072845459e-01 -2.502346932888031006e-01
4.524876177310943604e-02 4.132561758160591125e-02
-1.893763393163681030e-01 -4.432649910449981689e-02
1.560552865266799927e-01 5.846691504120826721e-02
1.975760757923126221e-01 3.299068659543991089e-03
-2.228592932224273682e-01 2.748948633670806885e-01
1.236050724983215332e-01 -1.231378782540559769e-02
4.774265736341476440e-02 -1.736023426055908203e-01
-6.331339478492736816e-02 2.344775348901748657e-01
-1.940475851297378540e-01 8.624925464391708374e-02
-1.311464458703994751e-01 2.340392023324966431e-01
1.440145373344421387e-01 -7.620519399642944336e-02
-3.405890166759490967e-01 2.765544354915618896e-01
-3.957897797226905823e-02 2.045278847217559814e-01
-2.175742834806442261e-01 8.715293370187282562e-03
1.143263652920722961e-02 4.143236204981803894e-02
7.337711006402969360e-02 -1.177177354693412781e-01
-2.386512160301208496e-01 3.276913240551948547e-02
3.008561730384826660e-01 -1.497450321912765503e-01
9.070526808500289917e-02 -6.162412092089653015e-02
9.439501911401748657e-02 -2.945662736892700195e-01
2.702814638614654541e-01 -5.210048332810401917e-02
9.409583359956741333e-02 -3.205671012401580811e-01
1.029236391186714172e-01 -1.072743833065032959e-01
7.617342472076416016e-02 -1.420613825321197510e-01
1.767974495887756348e-01 -1.050182506442070007e-01
-2.153463661670684814e-01 9.861698001623153687e-02
-2.903943061828613281e-01 1.817461103200912476e-01
-1.365252882242202759e-01 2.371935695409774780e-01
-1.939018666744232178e-01 1.689803898334503174e-01
-1.805182993412017822e-01 -1.910964772105216980e-02
-2.560335993766784668e-01 4.727300256490707397e-02
-9.313991665840148926e-02 1.889379769563674927e-01
-4.948006942868232727e-02 -9.690643101930618286e-02
1.036358922719955444e-01 -9.710349142551422119e-02
7.551117241382598877e-02 4.802950099110603333e-02
-1.565429568290710449e-01 -1.671321392059326172e-01
-2.481022179126739502e-01 8.088971674442291260e-02
6.049325689673423767e-02 -2.997962832450866699e-01
5.640568956732749939e-02 -1.598219573497772217e-01
2.206169068813323975e-01 -4.677295684814453125e-02
-1.416217982769012451e-01 2.325656265020370483e-01
-1.000933721661567688e-01 -1.917923614382743835e-02
-3.210756182670593262e-02 -1.226081606000661850e-02
-1.181932762265205383e-01 3.396993130445480347e-02
-1.465490460395812988e-01 2.204939723014831543e-01
1.201043799519538879e-01 -1.056336611509323120e-01
-4.545433074235916138e-02 -3.798444196581840515e-02
6.292100250720977783e-02 -5.374947562813758850e-02
5.298960581421852112e-02 2.182338833808898926e-01
-4.464001953601837158e-02 1.338994503021240234e-01
-8.504725247621536255e-02 -2.024007774889469147e-02
-1.910608559846878052e-01 2.599438130855560303e-01
-2.311232984066009521e-01 2.315989136695861816e-01
-1.190680786967277527e-01 2.201188951730728149e-01
2.877545170485973358e-02 -4.411435872316360474e-02
-1.156929433345794678e-01 2.479850649833679199e-01
-8.406843245029449463e-02 5.315491557121276855e-02
-7.655139267444610596e-02 1.971052438020706177e-01
1.748842149972915649e-01 -2.263288050889968872e-01
1.871763318777084351e-01 -2.764680609107017517e-02
1.226220652461051941e-01 -6.856776773929595947e-02
-1.598602384328842163e-01 3.299372494220733643e-01
4.431025683879852295e-02 1.056503728032112122e-01
8.102479041554033756e-04 -6.820378452539443970e-02
-1.534866243600845337e-01 2.832733280956745148e-02
5.461531109176576138e-04 7.608403684571385384e-04
-2.103950828313827515e-01 1.357306689023971558e-01
-1.315359491854906082e-02 -1.545098423957824707e-02
9.346534311771392822e-02 -4.376669600605964661e-02
-2.603652477264404297e-01 2.667886018753051758e-01
1.155713871121406555e-01 -1.400750875473022461e-01
1.298941373825073242e-01 8.924098685383796692e-03
-1.383437216281890869e-01 3.144464194774627686e-01
-2.315567880868911743e-01 1.615888066589832306e-02
-2.139379037544131279e-03 -2.635384351015090942e-02
-6.160565838217735291e-02 1.503356397151947021e-01
-6.740719825029373169e-02 5.932541936635971069e-02
3.427303731441497803e-01 -1.517629623413085938e-01
9.451147168874740601e-02 -1.605085879564285278e-01
-1.300112903118133545e-01 2.236217409372329712e-01
1.411173343658447266e-01 -3.000852465629577637e-01
-5.016537010669708252e-02 2.819078415632247925e-02
8.795558661222457886e-02 -1.373610794544219971e-01
-6.808444112539291382e-02 2.021043449640274048e-01
1.866033375263214111e-01 -1.201240122318267822e-01
2.158294245600700378e-02 -1.280574593693017960e-02
-1.081639900803565979e-01 -4.397909343242645264e-02
-2.580254152417182922e-02 -8.649661391973495483e-02
1.631638556718826294e-01 5.870020389556884766e-02
1.797976791858673096e-01 -5.528791621327400208e-02
-5.190552771091461182e-02 1.542042493820190430e-01
-1.305459737777709961e-01 2.991409506648778915e-03
-3.488572314381599426e-02 2.289705537259578705e-02
-1.545613557100296021e-01 1.458138320595026016e-02
8.650026470422744751e-02 -7.550519704818725586e-02
-1.080656796693801880e-01 3.503862023353576660e-02
2.010953277349472046e-01 -2.251176685094833374e-01
-1.508640795946121216e-01 1.407037824392318726e-01
1.465189158916473389e-01 -3.343416377902030945e-02
5.866067484021186829e-02 4.140181466937065125e-02
-1.813761889934539795e-01 2.347356975078582764e-01
-1.728050783276557922e-02 1.009229645133018494e-01
1.451875418424606323e-01 -1.566579751670360565e-02
-4.813278466463088989e-02 1.217467244714498520e-02
-2.444794028997421265e-01 8.926113694906234741e-02
1.103042215108871460e-01 -2.226269990205764771e-01
-2.286655455827713013e-01 -5.656704679131507874e-02
5.268939584493637085e-02 -2.285607457160949707e-01
-8.591195940971374512e-02 -4.539053514599800110e-02
2.686598598957061768e-01 -1.217634752392768860e-01
-1.561690121889114380e-01 4.240823909640312195e-02
1.956198513507843018e-01 -2.301882253959774971e-03
-1.578081846237182617e-01 1.275042146444320679e-01
-4.642749577760696411e-02 2.345647215843200684e-01
1.349974516779184341e-02 -2.674407511949539185e-02
-7.810422033071517944e-02 -1.221926510334014893e-02
1.156541481614112854e-01 1.443107128143310547e-01
-2.069552689790725708e-01 -6.853374093770980835e-02
3.872517263516783714e-04 2.768571078777313232e-01
-1.239490136504173279e-01 5.731206014752388000e-02
-5.059923604130744934e-02 2.767730355262756348e-01
-1.127924621105194092e-01 4.788434505462646484e-02
4.841375723481178284e-02 -7.404009252786636353e-02
1.774658709764480591e-01 -2.640373706817626953e-01
-2.105904519557952881e-01 6.850253790616989136e-02
-6.478393822908401489e-02 -1.647084057331085205e-01
-2.899262905120849609e-01 4.234551917761564255e-03
1.039745733141899109e-01 -8.141320943832397461e-02
1.271925121545791626e-01 -1.943315565586090088e-01
7.166787981986999512e-02 -1.613679975271224976e-01
-2.654452621936798096e-01 -5.505016818642616272e-02
1.413488686084747314e-01 1.286007910966873169e-01
-8.197185397148132324e-02 5.537215992808341980e-02
-6.403118371963500977e-02 5.883080884814262390e-02
-9.880071505904197693e-03 1.611169129610061646e-01
1.969832479953765869e-01 -3.895251080393791199e-02
-1.771481484174728394e-01 -5.162816122174263000e-02
-1.719291657209396362e-01 1.840975880622863770e-01
2.519469261169433594e-01 -8.837985992431640625e-02
-8.797870576381683350e-02 -1.150904148817062378e-01
2.055662870407104492e-02 -6.983026862144470215e-02
-9.258103370666503906e-02 6.820154190063476562e-02
-9.736999869346618652e-02 1.537540405988693237e-01
-1.092482730746269226e-01 1.361286193132400513e-01
8.367075026035308838e-02 -2.038554698228836060e-01
4.495246335864067078e-02 -1.618687361478805542e-01
2.081270664930343628e-01 -1.243742648512125015e-02
-1.770218163728713989e-01 1.867984682321548462e-01
4.386340454220771790e-02 -8.030250668525695801e-02
6.155812740325927734e-02 8.047161996364593506e-02
1.321993395686149597e-02 9.410160034894943237e-02
-6.663266569375991821e-02 -1.025397181510925293e-01
2.201931476593017578e-01 -1.777751445770263672e-01
1.746369451284408569e-01 -1.675506830215454102e-01
-1.739672943949699402e-02 1.176567450165748596e-01
