2.837590575218200684e-01 -7.483922690153121948e-02
2.038595974445343018e-01 5.629504099488258362e-02
-2.765766531229019165e-02 1.547334492206573486e-01
3.503879904747009277e-01 -3.456933200359344482e-01
2.025104314088821411e-02 -5.482983961701393127e-02
-3.690597787499427795e-02 1.234599575400352478e-01
2.011541426181793213e-01 -9.705922752618789673e-02
-2.992033958435058594e-02 -8.275185525417327881e-02
1.420585513114929199e-01 -1.306973695755004883e-01
2.579003870487213135e-01 -2.085588127374649048e-01
-1.678047031164169312e-01 2.331085354089736938e-01
4.437827691435813904e-02 -1.946467608213424683e-01
-2.753603830933570862e-02 2.222518175840377808e-01
-3.890890628099441528e-02 1.764654964208602905e-01
-2.433127909898757935e-02 1.224723383784294128e-01
-1.607540100812911987e-01 -1.545284688472747803e-01
-1.178257539868354797e-01 1.886838232167065144e-03
-5.503624305129051208e-02 7.974952459335327148e-02
1.265829801559448242e-01 -4.272016137838363647e-02
-9.873630851507186890e-02 2.114126086235046387e-01
2.980378270149230957e-02 8.326475322246551514e-02
5.340257659554481506e-02 -2.197196185588836670e-01
-1.464332491159439087e-01 2.694546580314636230e-01
1.270995289087295532e-01 1.433546096086502075e-01
1.577299535274505615e-01 5.215983837842941284e-02
-5.851788446307182312e-02 -8.755467832088470459e-02
1.685770601034164429e-01 2.406759932637214661e-02
1.342291235923767090e-01 -3.308143913745880127e-01
7.507380098104476929e-02 -2.098536491394042969e-01
-4.915967211127281189e-02 1.033174172043800354e-01
-1.796607524156570435e-01 2.289256155490875244e-01
2.013941528275609016e-03 2.027534395456314087e-01
-5.510238558053970337e-02 1.218401938676834106e-01
1.587020978331565857e-02 8.294975757598876953e-02
-1.358550339937210083e-01 6.402251869440078735e-02
1.026245132088661194e-01 -4.068189859390258789e-02
5.503958463668823242e-02 3.868837654590606689e-02
-1.729968339204788208e-01 2.107440978288650513e-01
1.332349926233291626e-01 8.724500983953475952e-02
-1.767608821392059326e-01 7.829850167036056519e-02
-1.738833039999008179e-01 6.703555583953857422e-02
1.739199161529541016e-01 -3.948000818490982056e-02
3.628119453787803650e-02 2.278955653309822083e-02
8.016645163297653198e-02 -2.437026947736740112e-01
-1.334681175649166107e-02 4.660240933299064636e-02
2.326350510120391846e-01 -1.377791166305541992e-01
6.645850092172622681e-02 6.636297702789306641e-02
1.336698234081268311e-01 1.159460544586181641e-01
2.184008657932281494e-01 -4.147471860051155090e-02
-4.648612812161445618e-02 -9.330902993679046631e-02
1.106960792094469070e-02 -2.644210755825042725e-01
1.841667741537094116e-01 -9.013554453849792480e-02
1.501270234584808350e-01 -2.841443121433258057e-01
2.881570160388946533e-01 -2.121871113777160645e-01
-6.073273718357086182e-02 7.554575800895690918e-02
1.198597550392150879e-01 -8.905814588069915771e-02
-1.531486809253692627e-01 6.670196354389190674e-02
-3.263165950775146484e-01 2.580302655696868896e-01
-1.713944249786436558e-03 1.129289530217647552e-02
-2.123701274394989014e-01 1.572211384773254395e-01
1.478538364171981812e-01 -6.011740490794181824e-02
-7.330141961574554443e-02 -2.539794147014617920e-01
-3.178858011960983276e-02 -2.746551111340522766e-02
-1.613914668560028076e-01 7.865571975708007812e-02
-3.057232685387134552e-02 -1.172027215361595154e-01
-2.127050608396530151e-01 2.914501354098320007e-02
-1.462172120809555054e-01 9.323873370885848999e-02
2.247126102447509766e-01 -1.578145772218704224e-01
-2.600718438625335693e-01 8.055932074785232544e-02
-2.749001979827880859e-01 2.380211204290390015e-01
-2.589439451694488525e-01 1.468512415885925293e-01
2.599652409553527832e-01 -1.759375631809234619e-01
1.835349649190902710e-01 -1.235037967562675476e-01
2.796116471290588379e-01 -5.371597781777381897e-02
7.171384990215301514e-02 6.507246196269989014e-02
-1.426915526390075684e-01 6.459812819957733154e-02
1.062813177704811096e-01 5.059187859296798706e-02
-1.675179451704025269e-01 1.504015028476715088e-01
1.145411208271980286e-01 -4.900214076042175293e-02
-1.276499181985855103e-01 6.682223826646804810e-02
6.386128813028335571e-02 -2.926485240459442139e-02
-3.370219171047210693e-01 2.844302058219909668e-01
-6.264739786274731159e-04 -6.752856541424989700e-03
-2.982491850852966309e-01 8.010113984346389771e-02
-1.711746007204055786e-01 5.601875483989715576e-02
6.300297379493713379e-02 -7.532022427767515182e-03
-2.507483772933483124e-02 -1.551451683044433594e-01
5.476187914609909058e-02 -1.054021045565605164e-01
4.661147668957710266e-02 -2.760811336338520050e-02
-2.061921954154968262e-01 1.366886198520660400e-01
-1.962580233812332153e-01 5.622930824756622314e-02
1.999279558658599854e-01 -1.512393802404403687e-01
1.483336091041564941e-01 -5.342242494225502014e-02
9.859959781169891357e-02 -1.696644350886344910e-02
6.039889529347419739e-02 -1.085343770682811737e-02
-1.069821044802665710e-01 -1.344525814056396484e-01
-4.838878661394119263e-02 -1.143129821866750717e-02
9.704840183258056641e-02 -1.743719130754470825e-01
-1.162960976362228394e-01 1.812995076179504395e-01
-2.195337265729904175e-01 8.884228765964508057e-02
-2.425916045904159546e-01 2.604698836803436279e-01
3.192440047860145569e-02 -4.984331503510475159e-02
6.358645390719175339e-03 1.946307905018329620e-02
3.576812520623207092e-02 -4.700564965605735779e-02
2.187596075236797333e-02 8.698432706296443939e-03
-6.903497129678726196e-02 2.336795032024383545e-01
1.296980381011962891e-01 -4.102180525660514832e-02
3.956689685583114624e-02 8.317925035953521729e-02
-3.235986232757568359e-01 1.232633814215660095e-01
-4.824825096875429153e-03 -3.591273352503776550e-02
-1.333770900964736938e-01 1.581721007823944092e-01
1.842449009418487549e-01 -6.995271146297454834e-02
-5.107155442237854004e-02 2.344100773334503174e-01
-3.177852332592010498e-01 1.072038188576698303e-01
-2.544569075107574463e-01 1.408534646034240723e-01
-3.628279268741607666e-02 3.443934395909309387e-02
3.918462991714477539e-02 4.062371328473091125e-02
-2.035165391862392426e-02 5.635247007012367249e-02
8.329825475811958313e-03 8.119494467973709106e-02
-1.522422879934310913e-01 2.152939587831497192e-01
1.830827444791793823e-01 -3.051450289785861969e-02
-1.672043949365615845e-01 4.427049681544303894e-02
1.209783926606178284e-01 -8.250523358583450317e-02
1.369270868599414825e-02 1.018698066473007202e-01
3.087401390075683594e-02 -8.749144524335861206e-02
-9.770717471837997437e-02 1.885635405778884888e-01
-1.804351508617401123e-01 2.051570415496826172e-01
-1.565613597631454468e-01 1.056773737072944641e-01
2.600874379277229309e-02 5.829275771975517273e-02
-2.359568839892745018e-03 1.209334190934896469e-02
-1.232533603906631470e-01 1.242476888000965118e-02
1.165958270430564880e-01 1.662196591496467590e-02
1.622997075319290161e-01 1.270931512117385864e-01
7.330918312072753906e-02 -2.362894564867019653e-01
-1.384416669607162476e-01 1.101417932659387589e-02
8.263698779046535492e-03 1.050354242324829102e-01
2.311237342655658722e-02 6.569388508796691895e-02
1.406532078981399536e-01 -1.635292917490005493e-01
3.757799789309501648e-02 -4.499036818742752075e-02
-5.215566605329513550e-02 1.244325339794158936e-01
2.036527395248413086e-01 -5.840880051255226135e-02
5.188335198909044266e-03 1.184590682387351990e-01
1.005140505731105804e-02 -3.244617953896522522e-02
-7.389773428440093994e-02 2.666912972927093506e-01
4.889269918203353882e-02 -1.538676619529724121e-01
-6.420610100030899048e-02 1.750373244285583496e-01
3.672914579510688782e-02 -3.128044307231903076e-01
-1.293668895959854126e-01 6.059630587697029114e-02
-2.179743163287639618e-02 3.381464481353759766e-01
7.878796756267547607e-02 1.919265277683734894e-02
-1.282636672258377075e-01 1.911904066801071167e-01
-3.767457604408264160e-02 1.909128278493881226e-01
4.606712609529495239e-02 -6.317728012800216675e-02
-1.503286361694335938e-01 1.765419840812683105e-01
-6.014655809849500656e-03 1.457165926694869995e-01
-2.478201836347579956e-01 2.869303524494171143e-01
8.483138680458068848e-02 7.784235477447509766e-02
5.350125022232532501e-03 -1.527488529682159424e-01
-3.369810432195663452e-02 -6.603651493787765503e-02
6.276513636112213135e-02 -4.865045845508575439e-02
1.947102546691894531e-01 -2.242647260427474976e-01
9.441530704498291016e-02 -2.082003802061080933e-01
9.286516159772872925e-02 -4.569589719176292419e-02
2.672744914889335632e-02 -4.846803843975067139e-02
-1.024525612592697144e-01 -6.806474924087524414e-02
1.019728630781173706e-01 -3.596241027116775513e-02
-2.223475277423858643e-01 2.361084222793579102e-01
-5.490235239267349243e-02 5.902946367859840393e-02
-6.032173335552215576e-02 2.897737622261047363e-01
-3.335633873939514160e-02 -3.553385846316814423e-03
-1.919482201337814331e-01 1.469261646270751953e-01
-9.770629554986953735e-02 8.978500962257385254e-02
-3.858834505081176758e-02 2.926394715905189514e-02
1.092665642499923706e-01 -1.037944033741950989e-01
-1.445847600698471069e-01 9.897100925445556641e-02
1.886620372533798218e-02 -1.885154396295547485e-01
9.775475412607192993e-02 -1.025963798165321350e-01
-3.697891160845756531e-02 9.216188639402389526e-02
-2.328841835260391235e-01 1.715185344219207764e-01
-4.464544728398323059e-02 9.371523559093475342e-02
1.183916255831718445e-01 -1.886665076017379761e-01
-8.040782809257507324e-02 -9.743649512529373169e-02
1.879441738128662109e-02 -3.388886898756027222e-02
-2.235774248838424683e-01 4.609402269124984741e-02
-1.764077991247177124e-01 2.300140447914600372e-02
1.223275996744632721e-02 -1.306571513414382935e-01
-1.089243888854980469e-01 9.277223050594329834e-02
-1.675685942173004150e-01 -4.603905230760574341e-02
2.826361060142517090e-01 -2.585100233554840088e-01
-2.841838896274566650e-01 3.897406160831451416e-02
-1.090662404894828796e-01 2.963620722293853760e-01
-2.746323049068450928e-01 9.322175383567810059e-02
-6.141523644328117371e-02 3.853695839643478394e-02
2.721633762121200562e-02 3.164935484528541565e-02
4.757323116064071655e-02 4.884594678878784180e-02
8.247951045632362366e-03 -9.803112596273422241e-02
-1.728562563657760620e-01 1.282359659671783447e-01
-9.601312875747680664e-02 9.351729415357112885e-03
-2.118920236825942993e-01 2.634902000427246094e-01
1.008705347776412964e-01 -1.488412320613861084e-01
2.446528673171997070e-01 -2.874990701675415039e-01
1.761984080076217651e-01 -2.291278839111328125e-01
-3.157575801014900208e-02 1.701305061578750610e-01
-8.110500872135162354e-02 -5.646938830614089966e-02
-1.443709582090377808e-01 -1.485692430287599564e-02
-2.769690454006195068e-01 9.133120626211166382e-02
-9.381756186485290527e-02 -5.348843336105346680e-02
-8.609241992235183716e-02 -1.601311261765658855e-03
2.160082571208477020e-02 -3.376738727092742920e-02
3.866932541131973267e-02 1.692607849836349487e-01
5.119084194302558899e-02 -1.619930416345596313e-01
2.668230831623077393e-01 6.480753421783447266e-02
7.953522354364395142e-02 -1.192827299237251282e-01
-1.384293586015701294e-01 1.293747778981924057e-02
9.541162848472595215e-02 1.630271784961223602e-02
-1.522142589092254639e-01 2.534389793872833252e-01
-1.515647862106561661e-02 -1.078572198748588562e-01
-1.917158216238021851e-01 1.415082067251205444e-01
-1.000160798430442810e-01 -1.184444501996040344e-01
-4.649376869201660156e-02 1.353018879890441895e-01
1.378431916236877441e-01 1.554540544748306274e-01
-1.839902698993682861e-01 3.785428404808044434e-02
-1.447974052280187607e-02 -8.590649068355560303e-02
-4.792198538780212402e-02 -5.463613197207450867e-03
-7.915050536394119263e-02 -1.815941929817199707e-01
-1.168678402900695801e-01 1.783778220415115356e-01
-1.938842833042144775e-01 2.987826988101005554e-02
-3.935502842068672180e-03 1.264299005270004272e-01
-4.702452942728996277e-02 -2.311290055513381958e-01
7.973173260688781738e-02 -2.698937430977821350e-02
1.291140466928482056e-01 1.105453353375196457e-03
-1.405246257781982422e-01 2.495212703943252563e-01
-1.809279248118400574e-02 9.731452167034149170e-02
-7.323731482028961182e-02 -3.614955022931098938e-02
-2.347453497350215912e-02 -9.621413797140121460e-02
-1.298486590385437012e-01 1.972872912883758545e-01
7.784107327461242676e-02 -3.418121114373207092e-02
1.257779896259307861e-01 1.184283569455146790e-02
-1.163720041513442993e-01 1.319923251867294312e-01
-1.672074198722839355e-02 -5.613157525658607483e-02
7.530447840690612793e-02 1.347199529409408569e-01
2.336206100881099701e-02 -9.991960972547531128e-02
7.966017723083496094e-02 -1.345978230237960815e-01
5.453033000230789185e-02 -1.073700785636901855e-01
1.458280626684427261e-02 -7.333599030971527100e-02
8.615347743034362793e-02 3.475861996412277222e-02
-1.308884024620056152e-01 5.650725588202476501e-02
6.849841028451919556e-02 2.777318358421325684e-01
5.884693819098174572e-04 3.563589230179786682e-02
1.235593929886817932e-01 -1.623792201280593872e-01
-1.179853007197380066e-01 2.674466967582702637e-01
-9.420532733201980591e-02 1.372774690389633179e-01
7.743343710899353027e-03 3.901555761694908142e-02
4.301515966653823853e-02 2.328729331493377686e-01
-1.164558976888656616e-01 1.421566456556320190e-01
-5.957638472318649292e-02 8.229669928550720215e-02
