-4.011241719126701355e-02 1.836123615503311157e-01
-1.016580685973167419e-01 2.825583145022392273e-02
-4.376094043254852295e-02 2.253916263580322266e-01
-6.217484548687934875e-02 4.792264662683010101e-03
1.250302195549011230e-01 2.082588821649551392e-01
-6.682793796062469482e-02 1.667519509792327881e-01
-3.265136852860450745e-02 8.819970488548278809e-02
-2.961241826415061951e-02 -7.367680966854095459e-02
1.873363703489303589e-01 -2.730086073279380798e-02
1.388377100229263306e-01 -1.554257869720458984e-01
8.748294413089752197e-02 -7.030009478330612183e-02
4.152614623308181763e-02 -6.399557739496231079e-02
-1.940941996872425079e-02 1.342506706714630127e-01
-2.178560197353363037e-01 4.105920717120170593e-02
-1.318150572478771210e-02 -1.640928536653518677e-01
1.531546562910079956e-01 -1.731745749711990356e-01
1.550458222627639771e-01 -3.852855414152145386e-02
-2.410604357719421387e-01 8.168927580118179321e-02
-4.563011229038238525e-02 5.660312622785568237e-02
-1.368486264254897833e-04 1.643360108137130737e-01
3.541557863354682922e-02 -1.023935452103614807e-01
-6.194459646940231323e-02 2.009573429822921753e-01
1.523828059434890747e-01 -3.752711787819862366e-02
1.548466552048921585e-02 5.892012268304824829e-03
8.537152409553527832e-02 -1.508037447929382324e-01
5.276396498084068298e-02 3.727407380938529968e-02
-3.710642457008361816e-02 2.385921031236648560e-01
-1.988407820463180542e-01 1.764164865016937256e-01
4.808665439486503601e-02 1.857979223132133484e-02
-6.916075944900512695e-02 1.922592371702194214e-01
-1.535044610500335693e-01 2.106356620788574219e-01
1.616292744874954224e-01 -1.042315885424613953e-01
-2.142370492219924927e-01 3.717986866831779480e-02
1.066823229193687439e-01 -2.459755539894104004e-02
-1.775611340999603271e-01 -5.169935151934623718e-02
-2.240837365388870239e-02 1.436685770750045776e-01
5.754736810922622681e-02 1.092568561434745789e-01
1.024217437952756882e-02 -2.037287056446075439e-01
-1.933806240558624268e-01 7.552684843540191650e-02
4.526966065168380737e-02 -1.330195218324661255e-01
2.099130302667617798e-02 2.085011005401611328e-01
9.831364452838897705e-02 1.359029412269592285e-01
-6.294618546962738037e-02 1.616773307323455811e-01
2.693753223866224289e-03 -5.269720777869224548e-02
1.199666708707809448e-01 -6.491524726152420044e-02
3.601969778537750244e-02 1.312906742095947266e-01
1.571700423955917358e-01 -2.574146492406725883e-03
-7.987022399902343750e-03 1.406789477914571762e-02
-2.026778161525726318e-01 -4.848890751600265503e-02
5.816955585032701492e-03 -1.649036705493927002e-01
-1.928742229938507080e-01 1.665577590465545654e-01
-4.085369408130645752e-02 -5.261750426143407822e-03
-5.850123241543769836e-02 1.797959208488464355e-01
-3.524263203144073486e-02 -2.296451479196548462e-02
2.911592833697795868e-02 -9.907299280166625977e-02
-6.803314387798309326e-02 -5.180086567997932434e-02
-1.580382883548736572e-01 1.900960206985473633e-01
1.323879063129425049e-01 -3.744288906455039978e-02
1.995549164712429047e-02 -1.756261587142944336e-01
1.050121244043111801e-02 -2.276943624019622803e-02
1.527579426765441895e-01 -1.468832492828369141e-01
-3.596055880188941956e-02 1.796829551458358765e-01
-2.797096967697143555e-01 8.684767782688140869e-02
6.771120429039001465e-02 3.083002939820289612e-02
2.308831550180912018e-02 4.522728268057107925e-03
-2.206050455570220947e-01 -1.727697625756263733e-02
9.389253705739974976e-02 -1.244290024042129517e-01
1.761505007743835449e-01 -1.256768852472305298e-01
-3.237107396125793457e-02 1.897860616445541382e-01
-2.112035602331161499e-01 8.624950051307678223e-02
4.511263594031333923e-02 1.233335863798856735e-02
1.333525478839874268e-01 -1.067695114761590958e-02
6.293092668056488037e-02 -9.213979355990886688e-03
2.238624840974807739e-01 -1.579829454421997070e-01
-2.438116818666458130e-02 2.959885867312550545e-03
6.325626280158758163e-03 2.451671957969665527e-01
2.017255574464797974e-01 -1.929046213626861572e-01
-1.705704033374786377e-01 -5.529692396521568298e-02
1.849809885025024414e-01 -1.690368801355361938e-01
3.458125889301300049e-02 5.631265789270401001e-02
-1.442551612854003906e-01 1.536777243018150330e-02
-5.344426631927490234e-02 -1.294118016958236694e-01
5.115152150392532349e-02 -2.291979640722274780e-02
-8.476890623569488525e-02 1.246138289570808411e-01
1.916159391403198242e-01 -7.028055842965841293e-03
2.153384126722812653e-02 -1.115011647343635559e-01
2.402461320161819458e-01 -9.405109286308288574e-02
3.190129064023494720e-03 9.604012966156005859e-02
6.386642903089523315e-02 -1.926015913486480713e-01
4.240934550762176514e-02 -1.621269583702087402e-01
-2.215275354683399200e-02 3.017621338367462158e-01
-2.756623551249504089e-03 -9.195454418659210205e-02
-1.720247268676757812e-01 -6.024871021509170532e-02
-2.898038327693939209e-01 1.774643361568450928e-01
7.418507337570190430e-02 -2.476803660392761230e-01
-6.261863559484481812e-02 1.911617517471313477e-01
-2.056129276752471924e-01 5.107820779085159302e-02
-7.634367048740386963e-02 -8.142304606735706329e-03
-1.450285613536834717e-01 1.385129690170288086e-01
2.650038301944732666e-01 -3.034834861755371094e-01
-1.524901390075683594e-01 -4.993705451488494873e-02
1.004610061645507812e-01 -2.551044709980487823e-02
3.498056158423423767e-02 1.467198431491851807e-01
-1.272841915488243103e-02 -5.713170766830444336e-02
4.323511570692062378e-02 1.677339226007461548e-01
-2.498917095363140106e-02 8.295052498579025269e-02
-4.027981683611869812e-02 2.817021124064922333e-02
-1.195022538304328918e-01 1.579546332359313965e-01
-7.343076169490814209e-02 2.801868505775928497e-02
-5.885910242795944214e-03 -2.052527964115142822e-01
1.909578964114189148e-02 -9.572738409042358398e-02
1.632621288299560547e-01 5.902063846588134766e-02
-6.190733984112739563e-02 1.726046055555343628e-01
-8.383135497570037842e-02 3.482113778591156006e-02
-1.165808290243148804e-01 1.640713363885879517e-01
-1.284789443016052246e-01 1.197047010064125061e-01
5.690455064177513123e-02 -1.208986416459083557e-01
1.119109839200973511e-01 -8.490114659070968628e-02
2.485797405242919922e-01 6.541212648153305054e-02
1.838607788085937500e-01 -2.409363240003585815e-01
1.841365359723567963e-02 -1.249254494905471802e-02
1.558716446161270142e-01 -1.573497205972671509e-01
-6.897726655006408691e-02 3.537689149379730225e-02
-1.389294564723968506e-01 1.529908925294876099e-01
1.847216039896011353e-01 1.886442489922046661e-02
1.270644515752792358e-01 -1.581616327166557312e-02
1.400196552276611328e-01 -1.430120319128036499e-01
2.183330655097961426e-01 -7.473502308130264282e-02
1.985284090042114258e-01 -1.774067729711532593e-01
1.026615872979164124e-01 -1.338236182928085327e-01
-2.469932660460472107e-03 1.481254249811172485e-01
-1.156817562878131866e-02 2.201096713542938232e-01
2.667069435119628906e-02 -2.219833135604858398e-01
-1.234140153974294662e-02 -1.312503516674041748e-01
-9.576213359832763672e-02 1.172907836735248566e-02
-9.643817320466041565e-03 -2.301698178052902222e-01
2.088759690523147583e-01 -3.032437898218631744e-02
1.257111281156539917e-01 -1.630415320396423340e-01
2.555335164070129395e-01 -9.480900317430496216e-02
1.213604658842086792e-01 -1.299978047609329224e-01
-3.172001987695693970e-02 -3.060471825301647186e-02
-2.211353033781051636e-01 -4.373544082045555115e-02
-1.526347547769546509e-01 1.730484515428543091e-01
5.298710241913795471e-02 -1.554937958717346191e-01
-2.663500308990478516e-01 3.538329899311065674e-02
5.854605883359909058e-02 -1.682596839964389801e-02
6.090378761291503906e-02 -5.655054748058319092e-02
-2.184014916419982910e-01 2.102944552898406982e-01
-1.936525106430053711e-01 7.183767855167388916e-02
2.193562388420104980e-01 -1.851050555706024170e-01
1.673958599567413330e-01 -1.294984966516494751e-01
1.473189443349838257e-01 3.169113397598266602e-02
5.379747226834297180e-02 -5.772569775581359863e-02
-4.841207340359687805e-02 8.757200092077255249e-02
-2.367834895849227905e-01 -9.204317757394164801e-05
-2.016353309154510498e-01 1.124986782670021057e-01
1.609289348125457764e-01 -1.564763039350509644e-01
-2.519189566373825073e-02 8.634489774703979492e-02
-1.698267310857772827e-01 1.723258346319198608e-01
8.297267556190490723e-02 1.356718596071004868e-02
1.329037845134735107e-01 -2.547477185726165771e-01
-4.932753741741180420e-02 3.157544136047363281e-02
1.830841451883316040e-01 -1.702504009008407593e-01
1.595099568367004395e-01 1.369215250015258789e-01
-1.043603494763374329e-01 -6.168278865516185760e-03
-1.617133468389511108e-01 2.240300327539443970e-01
-2.323120832443237305e-02 1.757144480943679810e-01
1.324550360441207886e-01 -7.066772878170013428e-02
8.646315336227416992e-02 -2.734250128269195557e-01
-2.840258181095123291e-01 1.344492733478546143e-01
-2.372804284095764160e-02 -2.668450213968753815e-02
1.385132223367691040e-02 -8.874800801277160645e-02
4.751836508512496948e-02 -6.116687506437301636e-02
-2.208416610956192017e-01 -5.953243747353553772e-02
1.286935508251190186e-01 -2.863369882106781006e-01
-8.000725507736206055e-02 1.177022978663444519e-02
-1.215087994933128357e-02 -1.200714986771345139e-02
7.525858283042907715e-02 -1.226477548480033875e-01
-5.290556326508522034e-02 3.734675049781799316e-02
4.158083349466323853e-02 -1.810295283794403076e-01
1.789760589599609375e-02 8.905608952045440674e-02
-2.044552117586135864e-01 1.309560537338256836e-01
3.729257732629776001e-02 1.541326493024826050e-01
2.974634431302547455e-02 -7.923559099435806274e-02
-1.238845102488994598e-02 5.021809786558151245e-02
1.034387480467557907e-02 -1.550246030092239380e-01
-1.061464622616767883e-01 7.824772596359252930e-02
2.148159146308898926e-01 -2.096820622682571411e-01
2.338760495185852051e-01 -5.087433382868766785e-02
-1.834838278591632843e-02 6.862854957580566406e-02
9.815435856580734253e-02 -1.287770569324493408e-01
1.287789493799209595e-01 -7.288552075624465942e-02
-4.310893639922142029e-02 -4.527155309915542603e-02
-1.408511996269226074e-01 9.957088530063629150e-02
1.475842446088790894e-01 -3.134558349847793579e-02
-2.028018534183502197e-01 4.548200592398643494e-02
1.785646378993988037e-02 -1.360222846269607544e-01
-1.012068614363670349e-01 1.075114831328392029e-01
6.192762032151222229e-02 -3.384028747677803040e-02
7.885143905878067017e-02 7.350130937993526459e-03
-1.464389860630035400e-01 9.402728825807571411e-02
1.757701933383941650e-01 -1.597436219453811646e-01
-1.202870607376098633e-01 2.814995357766747475e-03
4.793460294604301453e-02 3.690803050994873047e-02
-1.931111961603164673e-01 -1.139340549707412720e-01
-7.490828167647123337e-03 1.355318278074264526e-01
1.279280632734298706e-01 -1.390079110860824585e-01
2.558459937572479248e-01 -7.349959015846252441e-02
-1.154215484857559204e-01 1.110756769776344299e-01
3.189950808882713318e-02 5.765635147690773010e-02
-8.415614813566207886e-02 1.475513577461242676e-01
-2.185363769531250000e-01 7.720897346735000610e-02
-7.312116771936416626e-02 3.036945760250091553e-01
-2.035256326198577881e-01 9.272680431604385376e-02
2.402134425938129425e-02 -6.172500923275947571e-02
2.493551522493362427e-01 9.118571178987622261e-04
1.983795128762722015e-02 -1.882402449846267700e-01
3.964887186884880066e-02 -1.214366033673286438e-02
-8.617085963487625122e-02 6.271178368479013443e-03
-3.622142970561981201e-02 -5.888009443879127502e-02
2.522220313549041748e-01 4.640333354473114014e-03
-1.685701869428157806e-02 4.627325385808944702e-02
-9.263816475868225098e-02 -1.065182760357856750e-01
6.699228286743164062e-02 -1.527047753334045410e-01
-1.557206511497497559e-01 -2.411939203739166260e-02
1.019801050424575806e-01 9.203224629163742065e-02
-2.110374346375465393e-02 2.652430720627307892e-02
1.500107813626527786e-02 -4.452833160758018494e-02
1.340447217226028442e-01 -1.220348197966814041e-02
-1.779798977077007294e-02 3.605997189879417419e-02
-4.124180600047111511e-02 2.019124105572700500e-02
6.775544956326484680e-03 -2.136771678924560547e-01
-1.178160011768341064e-01 2.494940534234046936e-02
2.383724227547645569e-02 1.752912998199462891e-01
-8.161562681198120117e-02 -2.265251055359840393e-02
9.812301397323608398e-02 1.427349895238876343e-01
9.810512512922286987e-02 8.083587139844894409e-02
-5.148829147219657898e-02 9.849812835454940796e-02
1.033065319061279297e-01 -1.258446425199508667e-01
-1.485126465559005737e-01 2.157797068357467651e-01
7.017409056425094604e-02 -9.131360799074172974e-02
1.281738933175802231e-02 -9.508217126131057739e-02
-1.086900010704994202e-01 5.859598517417907715e-02
9.209919720888137817e-02 -1.861477792263031006e-01
-1.249741949141025543e-02 -1.146706864237785339e-01
2.597237378358840942e-02 -1.690934747457504272e-01
7.426271587610244751e-02 -1.214967146515846252e-01
6.670452654361724854e-02 4.312118142843246460e-02
-1.386923938989639282e-01 -5.906068254262208939e-04
2.406529150903224945e-02 -1.526384949684143066e-01
4.252737388014793396e-02 2.965298853814601898e-02
-1.020974386483430862e-02 -3.581621125340461731e-02
1.772640943527221680e-01 -6.180474162101745605e-02
-1.121493279933929443e-01 1.640471667051315308e-01
-2.830235101282596588e-02 1.251210570335388184e-01
8.054210990667343140e-02 -1.296849101781845093e-01
