2.291786372661590576e-01 -1.188396066427230835e-01
-3.670592233538627625e-02 3.610650822520256042e-02
1.749641150236129761e-01 2.991804853081703186e-02
2.160605341196060181e-01 -1.530210226774215698e-01
1.687639653682708740e-01 -6.048038974404335022e-02
-1.584087461233139038e-01 2.224950939416885376e-01
-9.897681325674057007e-02 2.265489399433135986e-01
1.096939593553543091e-01 -2.091884762048721313e-01
1.725640445947647095e-01 1.725971512496471405e-02
-4.668803885579109192e-02 2.180113047361373901e-01
2.940024435520172119e-01 -1.868312358856201172e-01
-2.619761526584625244e-01 6.488204002380371094e-02
-2.098739296197891235e-01 7.480028271675109863e-02
6.907635927200317383e-02 1.269071102142333984e-01
-1.005815416574478149e-01 1.553709954023361206e-01
-1.844580620527267456e-01 3.038699030876159668e-01
2.498379498720169067e-01 -3.371814638376235962e-02
-2.166869640350341797e-01 1.169665455818176270e-01
2.196277827024459839e-01 6.342092901468276978e-02
-8.043111115694046021e-02 1.290098279714584351e-01
-8.771771192550659180e-02 3.046124875545501709e-01
-2.181024998426437378e-01 1.281121224164962769e-01
-1.449126452207565308e-01 -1.746845059096813202e-02
8.734245598316192627e-02 -2.064788043498992920e-01
-9.255357086658477783e-03 2.156572416424751282e-02
-1.644709892570972443e-02 -1.851824199547991157e-04
-1.214730367064476013e-01 -5.495949834585189819e-02
-3.192732632160186768e-01 1.079321354627609253e-01
1.555789262056350708e-01 -1.378062963485717773e-01
-1.142053231596946716e-01 2.686895802617073059e-02
1.190542578697204590e-01 -5.761460587382316589e-02
-8.969822525978088379e-02 8.384949713945388794e-02
-1.221937499940395355e-02 7.555071264505386353e-02
-1.903868615627288818e-01 6.000550836324691772e-02
2.259208709001541138e-01 -3.942524269223213196e-02
3.637265413999557495e-02 -2.176542431116104126e-01
-3.757359832525253296e-02 2.261188030242919922e-01
-5.296788737177848816e-02 1.408967375755310059e-01
1.485032588243484497e-01 6.286989897489547729e-02
1.747013777494430542e-01 -7.662218809127807617e-02
-1.883349614217877388e-03 -8.564846962690353394e-02
1.575914919376373291e-01 -2.579812705516815186e-01
-3.056122176349163055e-02 9.231916069984436035e-02
-4.139850847423076630e-03 -7.373111695051193237e-02
-4.198520630598068237e-02 -7.135037798434495926e-03
2.346972376108169556e-01 -1.026985347270965576e-01
-1.258602589368820190e-01 9.655060619115829468e-02
2.028640955686569214e-01 -2.362371832132339478e-01
1.416060235351324081e-02 1.758505254983901978e-01
1.963348686695098877e-01 -1.869198530912399292e-01
-4.284071922302246094e-02 5.228803306818008423e-02
-1.469332873821258545e-01 8.710162341594696045e-02
-1.518301367759704590e-01 -2.411664649844169617e-02
-6.100293248891830444e-02 1.908144056797027588e-01
1.586173921823501587e-01 -2.305957525968551636e-01
-1.764110028743743896e-01 2.279399186372756958e-01
1.014609336853027344e-01 -1.121816132217645645e-02
-3.386140465736389160e-01 1.070669069886207581e-01
-1.664749532938003540e-01 2.787214517593383789e-01
2.302065342664718628e-01 -7.530856877565383911e-03
2.128356844186782837e-01 -1.133151501417160034e-01
-1.096795499324798584e-01 1.107145249843597412e-01
-3.344216942787170410e-01 1.367196291685104370e-01
1.750630289316177368e-01 -5.389744788408279419e-02
-1.530676633119583130e-01 3.841109573841094971e-02
-4.944696556776762009e-03 -1.559869796037673950e-01
-2.045822739601135254e-01 1.674978584051132202e-01
1.205245330929756165e-01 -1.582079231739044189e-01
-2.368773370981216431e-01 1.414439976215362549e-01
-2.149919420480728149e-01 2.856548130512237549e-01
-3.215136006474494934e-02 -7.580527104437351227e-03
1.939955055713653564e-01 -1.228714957833290100e-01
2.042647451162338257e-02 -8.455315977334976196e-02
-3.375545144081115723e-01 2.116513550281524658e-01
1.415034979581832886e-01 -1.876718103885650635e-01
-2.903169095516204834e-01 1.136959344148635864e-01
-2.694790065288543701e-01 1.496887803077697754e-01
2.703528404235839844e-01 -2.686510384082794189e-01
-1.046255677938461304e-01 2.364241033792495728e-01
-9.811811149120330811e-03 1.223970949649810791e-01
2.117792889475822449e-02 -9.612047672271728516e-02
-1.800716966390609741e-01 8.398982137441635132e-02
-1.001087874174118042e-01 6.476353108882904053e-02
5.048893392086029053e-02 1.058854255825281143e-02
-1.193943694233894348e-01 1.438687145709991455e-01
-3.396994620561599731e-02 8.767369389533996582e-02
1.053769886493682861e-01 -1.210249736905097961e-01
2.179278582334518433e-01 2.202344126999378204e-02
-1.367662400007247925e-01 8.488336950540542603e-02
-2.492313832044601440e-02 7.101265341043472290e-02
2.220431566238403320e-01 -1.605400741100311279e-01
-9.360123425722122192e-03 1.176466047763824463e-01
4.455925151705741882e-02 -3.272434175014495850e-01
-1.923373192548751831e-01 4.128800705075263977e-02
2.802866101264953613e-01 -2.819928228855133057e-01
3.946311026811599731e-02 -1.386192440986633301e-01
-5.290900543332099915e-02 -5.813711881637573242e-02
1.648536473512649536e-01 -1.955254226922988892e-01
2.713789045810699463e-01 -2.564810216426849365e-01
-2.527329139411449432e-02 8.200002834200859070e-03
2.855823747813701630e-02 -6.275440752506256104e-02
-6.902405619621276855e-02 9.443881362676620483e-02
6.335175037384033203e-02 -3.476572632789611816e-01
-6.964595615863800049e-02 2.481547147035598755e-01
-1.147863641381263733e-01 -6.303125619888305664e-02
1.905844062566757202e-01 -1.739470958709716797e-01
-1.693832874298095703e-01 1.279756873846054077e-01
2.167471796274185181e-01 -2.003837004303932190e-02
3.044159710407257080e-01 -1.584334522485733032e-01
4.498342797160148621e-02 -1.263930797576904297e-01
-1.660272628068923950e-01 -3.961079567670822144e-02
1.580123901367187500e-01 -1.320037394762039185e-01
-1.651516556739807129e-01 1.942830681800842285e-01
2.064889818429946899e-01 -6.489014625549316406e-02
-3.272815421223640442e-02 -1.396336704492568970e-01
-1.734018176794052124e-01 5.232776049524545670e-03
2.391273528337478638e-01 -1.905427873134613037e-01
-1.988963484764099121e-01 1.098048835992813110e-01
2.591555714607238770e-01 -2.784554064273834229e-01
-3.790148198604583740e-01 2.912626266479492188e-01
-4.957933723926544189e-02 -6.754519045352935791e-02
-2.143673598766326904e-01 6.725838035345077515e-02
1.248982250690460205e-01 1.039480268955230713e-01
7.135313004255294800e-02 -1.001821234822273254e-01
-1.488576233386993408e-01 4.131755791604518890e-03
-1.455524563789367676e-01 3.689276427030563354e-02
-2.157777398824691772e-01 7.239840924739837646e-02
1.509816050529479980e-01 -2.435248792171478271e-01
1.486621648073196411e-01 -2.188717126846313477e-01
-3.648388385772705078e-02 3.516393005847930908e-01
-1.232531219720840454e-01 -4.367673024535179138e-02
1.409309506416320801e-01 -1.376865059137344360e-01
1.697939485311508179e-01 -1.813728064298629761e-01
-2.099881768226623535e-01 1.914527267217636108e-01
-2.212907075881958008e-01 1.323001533746719360e-01
-5.695401504635810852e-02 2.129526734352111816e-01
6.863757222890853882e-02 -7.789692282676696777e-02
-7.998415082693099976e-02 1.556165814399719238e-01
2.729052491486072540e-02 3.193532675504684448e-02
2.917381227016448975e-01 -2.686947286128997803e-01
-3.184574097394943237e-02 -6.016431003808975220e-02
3.607585728168487549e-01 -1.535653620958328247e-01
-8.214644342660903931e-02 2.548315823078155518e-01
-5.965124443173408508e-02 4.716131463646888733e-02
2.453330308198928833e-01 -1.185921803116798401e-01
1.262143552303314209e-01 -1.062554121017456055e-01
-1.796155720949172974e-01 1.976794898509979248e-01
-9.641440212726593018e-02 -3.695706278085708618e-02
1.207227036356925964e-01 -2.536163032054901123e-01
8.488227613270282745e-03 -9.177403897047042847e-02
2.457922250032424927e-01 -7.726675271987915039e-02
1.105921715497970581e-01 9.579000622034072876e-02
-2.214615941047668457e-01 9.733877144753932953e-03
-4.638872668147087097e-02 1.275520771741867065e-03
-7.962784916162490845e-02 6.947384029626846313e-02
-3.217470049858093262e-01 3.101784288883209229e-01
4.653966426849365234e-02 -2.480325102806091309e-01
6.611566245555877686e-02 -6.546615809202194214e-02
1.326175332069396973e-01 -2.737083435058593750e-01
-1.421729661524295807e-02 3.227238357067108154e-02
4.623562470078468323e-02 -1.678695678710937500e-01
-9.202365577220916748e-02 4.041629433631896973e-01
-2.037619352340698242e-01 1.742625981569290161e-01
-2.608805298805236816e-01 1.708584427833557129e-01
6.258355081081390381e-02 -1.190633475780487061e-01
9.225419908761978149e-02 -1.367386579513549805e-01
2.162066102027893066e-01 -2.230530083179473877e-01
2.488685399293899536e-01 -1.248605176806449890e-01
2.804737985134124756e-01 -6.976288557052612305e-02
6.516267359256744385e-02 -1.469174921512603760e-01
1.877722889184951782e-02 5.439946893602609634e-03
1.312003377825021744e-02 2.162045799195766449e-02
-2.019666880369186401e-01 1.535980105400085449e-01
8.027680218219757080e-02 -1.575483828783035278e-01
-1.795997768640518188e-01 6.007554754614830017e-02
3.048902191221714020e-02 3.929244726896286011e-02
3.216535598039627075e-02 4.788611829280853271e-02
1.054841186851263046e-02 8.874840289354324341e-02
-1.272620558738708496e-01 1.941017806529998779e-01
-5.315592885017395020e-02 -6.827671080827713013e-03
8.397696167230606079e-02 -1.828803867101669312e-01
1.681838557124137878e-02 -2.114850580692291260e-01
-5.370848253369331360e-02 3.398342132568359375e-01
2.673245221376419067e-02 -6.729797273874282837e-02
1.762985289096832275e-01 -1.544436253607273102e-02
-1.227367594838142395e-01 1.050327494740486145e-01
-4.298524931073188782e-02 5.049812421202659607e-02
1.226231455802917480e-02 9.587188065052032471e-02
-5.390936974436044693e-03 -2.167988717555999756e-01
-4.611758887767791748e-02 1.666937619447708130e-01
2.058611363172531128e-01 -2.265574634075164795e-01
5.106975324451923370e-03 -5.171391740441322327e-02
9.256479144096374512e-02 -1.144345253705978394e-01
-8.380691707134246826e-02 1.090048775076866150e-01
4.167073965072631836e-02 -9.398310631513595581e-02
1.083340588957071304e-02 -6.723987311124801636e-02
-6.313590705394744873e-02 2.818468511104583740e-01
-4.164303839206695557e-02 -5.252687633037567139e-02
-4.850123077630996704e-02 1.759088039398193359e-01
-2.149668186902999878e-01 5.103832110762596130e-02
-3.535940870642662048e-02 1.807394251227378845e-02
2.307042330503463745e-01 3.012857958674430847e-02
2.642548680305480957e-01 -1.322379149496555328e-02
-6.448459811508655548e-03 -8.047465234994888306e-02
-1.250244975090026855e-01 2.112003266811370850e-01
1.045136302709579468e-01 -3.019965626299381256e-02
1.025534570217132568e-01 -4.397001489996910095e-02
-3.658330440521240234e-02 6.722196936607360840e-02
1.557501703500747681e-01 -2.837544977664947510e-01
-1.737581640481948853e-01 2.143714874982833862e-01
-2.438175305724143982e-02 2.039850056171417236e-01
-1.149384677410125732e-01 1.179746240377426147e-01
-2.064565718173980713e-01 2.433604598045349121e-01
-1.223509982228279114e-01 2.514516413211822510e-01
-4.699819535017013550e-02 -1.323380134999752045e-02
9.680249541997909546e-02 1.762040704488754272e-02
5.446739960461854935e-03 -1.122490391135215759e-01
-3.079594969749450684e-01 1.161915957927703857e-01
-1.383631974458694458e-01 5.192496255040168762e-02
-1.698808930814266205e-02 4.022809118032455444e-02
2.036925405263900757e-02 -1.707382053136825562e-01
-9.853543341159820557e-02 4.881078749895095825e-02
-4.863499104976654053e-02 -2.664314508438110352e-01
-1.220992486923933029e-02 -9.000756591558456421e-02
-1.281053274869918823e-01 5.686048790812492371e-02
-1.069698110222816467e-01 4.579765722155570984e-02
-8.971007168292999268e-02 1.325587928295135498e-01
-1.039847061038017273e-01 -5.326781794428825378e-02
-2.155781537294387817e-01 2.360362373292446136e-02
4.572005569934844971e-02 -9.144020080566406250e-02
9.936440736055374146e-02 -1.734208613634109497e-01
1.420909613370895386e-01 -3.188434522598981857e-03
1.475197970867156982e-01 -1.428741514682769775e-01
1.386602669954299927e-01 -1.945739239454269409e-01
-3.157190084457397461e-01 1.822203248739242554e-01
-2.394367381930351257e-02 3.242255002260208130e-02
-7.557989656925201416e-02 1.650999635457992554e-01
1.100836619734764099e-01 -9.787295758724212646e-02
-1.633127778768539429e-02 6.622783839702606201e-02
8.357773767784237862e-04 -6.763170659542083740e-02
1.807253956794738770e-01 -4.316721484065055847e-02
-1.370326727628707886e-01 2.315554618835449219e-01
2.166021019220352173e-01 8.030994236469268799e-02
1.072571426630020142e-01 -7.782138139009475708e-02
1.861926317214965820e-01 -5.144674330949783325e-02
5.678742751479148865e-02 5.099345743656158447e-02
1.305631101131439209e-01 6.860302295535802841e-03
4.645425453782081604e-02 2.822353690862655640e-02
3.265631198883056641e-02 -7.784047722816467285e-02
-2.265788316726684570e-01 1.086095497012138367e-01
-3.707845509052276611e-01 4.842206463217735291e-02
1.210107505321502686e-01 -4.721280559897422791e-02
-3.142327442765235901e-02 1.090169623494148254e-01
-2.081608027219772339e-01 -1.142404004931449890e-01
2.000586688518524170e-01 -4.945013672113418579e-02
9.721665084362030029e-02 8.882863074541091919e-02
