-1.901174038648605347e-01 6.916245818138122559e-02
-2.976800203323364258e-01 1.981252282857894897e-01
-3.323858603835105896e-02 7.223156094551086426e-02
3.627030178904533386e-02 1.323748566210269928e-02
-1.572663486003875732e-01 2.252493351697921753e-01
-1.216909214854240417e-01 2.176462709903717041e-01
6.807389855384826660e-02 -1.231711208820343018e-01
1.600655727088451385e-02 -4.423293098807334900e-02
-5.217243358492851257e-02 1.813786923885345459e-01
5.255782231688499451e-02 7.741761207580566406e-02
-2.539239227771759033e-01 2.933602631092071533e-01
4.938602447509765625e-02 1.469282954931259155e-01
2.498734742403030396e-01 -1.670596450567245483e-01
9.603192657232284546e-02 -1.047558411955833435e-01
1.117102652788162231e-01 -1.173066198825836182e-01
-1.205555126070976257e-01 1.173676736652851105e-02
-6.297975778579711914e-02 2.517242729663848877e-01
8.957082778215408325e-02 -4.762200638651847839e-02
3.127740919589996338e-01 -3.330835998058319092e-01
1.315545737743377686e-01 -3.052730858325958252e-02
-8.155554533004760742e-02 1.046951115131378174e-01
-2.786345779895782471e-01 3.992993831634521484e-01
-6.664345413446426392e-02 3.640257194638252258e-02
1.232623402029275894e-02 9.648264199495315552e-02
-2.068163305521011353e-01 2.100120484828948975e-01
-1.459501981735229492e-01 5.299413949251174927e-02
2.851350009441375732e-01 -9.795548021793365479e-02
1.120914593338966370e-01 -1.522340178489685059e-01
2.905677855014801025e-01 -3.650366067886352539e-01
2.230402827262878418e-02 -3.006087243556976318e-02
-1.510334014892578125e-01 2.695582211017608643e-01
1.418311595916748047e-01 1.370396744459867477e-02
-1.756893396377563477e-01 1.108555421233177185e-01
1.581979915499687195e-03 6.258907169103622437e-02
9.835576266050338745e-02 -2.567958459258079529e-02
-1.663188189268112183e-01 1.829714179039001465e-01
2.143317312002182007e-01 -1.606966406106948853e-01
7.637535780668258667e-02 2.088182568550109863e-01
2.876763641834259033e-01 -1.293844431638717651e-01
3.016596846282482147e-02 -2.610799856483936310e-04
1.460426598787307739e-01 -1.283938437700271606e-01
-7.151404768228530884e-02 -2.745167538523674011e-02
3.400899469852447510e-01 -8.245537430047988892e-02
-9.423866122961044312e-02 -5.085121095180511475e-02
2.835972905158996582e-01 -2.328078895807266235e-01
-5.433697253465652466e-02 1.373125612735748291e-01
-9.076295047998428345e-02 1.315535157918930054e-01
9.305600076913833618e-02 -1.877936162054538727e-02
-1.190565750002861023e-01 1.028199866414070129e-01
-4.585579037666320801e-01 3.858609199523925781e-01
1.859704256057739258e-01 -2.452967166900634766e-01
-2.311900705099105835e-01 5.108663067221641541e-02
2.157166451215744019e-01 -3.224745690822601318e-01
-1.561359465122222900e-01 1.207489520311355591e-01
-2.900888621807098389e-01 2.146086543798446655e-01
-6.968095898628234863e-02 7.677387446165084839e-02
-1.466249227523803711e-01 2.567378245294094086e-02
-4.278764501214027405e-02 2.053575217723846436e-01
-2.398766726255416870e-01 1.915476284921169281e-02
-2.044590003788471222e-02 -3.059510514140129089e-02
1.075563505291938782e-01 2.792743034660816193e-02
2.290237843990325928e-01 -7.108329981565475464e-02
1.841479986906051636e-01 -1.826027929782867432e-01
-3.259660303592681885e-01 3.739508241415023804e-02
-1.617321670055389404e-01 1.087694689631462097e-01
-9.106244146823883057e-02 1.564237773418426514e-01
-3.855829238891601562e-01 3.387674093246459961e-01
1.743343770503997803e-01 -1.136823594570159912e-01
9.136337041854858398e-02 1.867579296231269836e-03
8.715086579322814941e-01 -8.919180631637573242e-01
1.988161802291870117e-01 -7.699618488550186157e-02
4.419306814670562744e-01 -5.916960239410400391e-01
-1.238891601562500000e+00 1.209674596786499023e+00
3.840703368186950684e-01 -4.890875816345214844e-01
-3.186856210231781006e-01 1.161890551447868347e-01
-2.077419906854629517e-01 1.978837102651596069e-01
4.981970191001892090e-01 -5.126727223396301270e-01
5.106310173869132996e-02 3.292409703135490417e-02
-1.669571921229362488e-02 -7.728888839483261108e-02
4.654538333415985107e-01 -5.310512185096740723e-01
-3.659235537052154541e-01 5.505979061126708984e-01
5.498694181442260742e-01 -3.718881607055664062e-01
1.225192174315452576e-01 -3.828211873769760132e-02
-1.637972742319107056e-01 1.756319701671600342e-01
6.248658895492553711e-01 -6.100466847419738770e-01
-5.431292653083801270e-01 3.600095212459564209e-01
-3.131350278854370117e-01 5.174186229705810547e-01
-4.192280173301696777e-01 3.914656639099121094e-01
-6.935656666755676270e-01 9.062507748603820801e-01
-4.952520728111267090e-01 3.366726636886596680e-01
4.206152856349945068e-01 -2.980445921421051025e-01
5.786263942718505859e-01 -4.839959740638732910e-01
1.624329574406147003e-02 7.753235846757888794e-02
-1.335876286029815674e-01 2.571091353893280029e-01
3.635049462318420410e-01 -1.821216642856597900e-01
-1.492197662591934204e-01 4.770452156662940979e-02
-5.119637846946716309e-01 4.413093924522399902e-01
-1.045679952949285507e-02 1.431803107261657715e-01
-3.354926109313964844e-01 1.826834380626678467e-01
3.823888301849365234e-01 -1.719702035188674927e-01
-7.197345048189163208e-02 2.695597112178802490e-01
1.544025838375091553e-01 -3.360214531421661377e-01
1.375692784786224365e-01 -6.443217396736145020e-02
-7.542929053306579590e-02 1.375787239521741867e-02
2.509264945983886719e-01 -2.172701507806777954e-01
-2.102505415678024292e-01 1.679462194442749023e-01
4.581644013524055481e-02 -2.592913508415222168e-01
5.527605414390563965e-01 -5.228379964828491211e-01
4.706374406814575195e-01 -5.236480832099914551e-01
8.193432539701461792e-02 -1.456160992383956909e-01
-1.259875595569610596e-01 1.404446065425872803e-01
1.440919041633605957e-01 -6.303367018699645996e-02
4.529266059398651123e-02 -1.968623995780944824e-01
-8.279786705970764160e-01 7.439185380935668945e-01
-2.818914651870727539e-01 1.111934557557106018e-01
9.498523175716400146e-02 -5.994290858507156372e-02
-3.669071793556213379e-01 3.915281295776367188e-01
-5.762965232133865356e-02 1.930499821901321411e-01
-6.286755204200744629e-01 7.603344917297363281e-01
4.926772713661193848e-01 -3.842518329620361328e-01
2.258538603782653809e-01 -2.776017785072326660e-01
-4.406562447547912598e-01 5.809081196784973145e-01
-7.387566566467285156e-01 7.012944221496582031e-01
5.288484692573547363e-01 -5.814011693000793457e-01
-4.065363705158233643e-01 2.857860624790191650e-01
-7.830974459648132324e-02 1.337254643440246582e-01
2.355621308088302612e-01 -2.461374998092651367e-01
3.235981762409210205e-01 -2.718825638294219971e-01
-7.631255686283111572e-02 -5.335873365402221680e-02
-3.780708312988281250e-01 2.792140543460845947e-01
-2.396768033504486084e-01 4.303782284259796143e-01
-6.316119432449340820e-01 5.763944983482360840e-01
-3.793812096118927002e-01 2.398173809051513672e-01
1.759204268455505371e-01 -2.354040145874023438e-01
1.581296324729919434e-01 -1.709881573915481567e-01
2.609216794371604919e-02 6.986224651336669922e-02
-6.325874328613281250e-01 5.258151292800903320e-01
7.447031736373901367e-01 -7.395640015602111816e-01
1.303379237651824951e-01 9.641158580780029297e-02
5.009265542030334473e-01 -3.704051673412322998e-01
-8.223978877067565918e-01 6.831107139587402344e-01
1.447710245847702026e-01 -2.641083113849163055e-02
-3.723229765892028809e-01 3.679839372634887695e-01
-1.156434342265129089e-01 1.100475415587425232e-01
3.202122449874877930e-01 -2.104204446077346802e-01
9.084822982549667358e-02 -9.671183302998542786e-03
3.988865017890930176e-01 -4.502429962158203125e-01
-2.615578174591064453e-01 2.131066471338272095e-01
2.421409338712692261e-01 -7.415845245122909546e-02
-1.022307872772216797e-01 1.291497647762298584e-01
-2.898302674293518066e-01 2.352232187986373901e-01
9.450469911098480225e-02 -1.559688597917556763e-01
-5.599983930587768555e-01 5.507758259773254395e-01
-1.258145272731781006e-01 2.217007577419281006e-01
8.990076184272766113e-02 -1.990419477224349976e-01
3.068307638168334961e-01 -2.824043929576873779e-01
-8.610988408327102661e-02 2.449502646923065186e-01
-1.687524914741516113e-01 5.733790993690490723e-02
-1.674141585826873779e-01 2.357098162174224854e-01
-1.905542314052581787e-01 2.587229609489440918e-01
-7.552604079246520996e-01 6.097260117530822754e-01
5.205272883176803589e-02 8.950496092438697815e-03
9.489250369369983673e-03 -2.812343277037143707e-02
-1.312931925058364868e-01 1.031920909881591797e-01
1.019630301743745804e-02 -1.767801120877265930e-02
2.988790273666381836e-01 -4.023940861225128174e-01
-1.179328113794326782e-01 3.341810107231140137e-01
-2.809571921825408936e-01 3.024419248104095459e-01
-1.574857681989669800e-01 1.078911051154136658e-01
2.749849557876586914e-01 -3.632291853427886963e-01
5.110368728637695312e-01 -6.592345833778381348e-01
-8.736523985862731934e-01 9.338049292564392090e-01
1.756456196308135986e-01 -5.878394469618797302e-02
-2.852598764002323151e-02 -5.569554120302200317e-02
1.069212257862091064e-01 -9.052820503711700439e-02
4.230785071849822998e-01 -4.269109666347503662e-01
2.871481468901038170e-03 -2.704870887100696564e-02
-2.859678864479064941e-01 2.038366645574569702e-01
-3.456924855709075928e-01 2.521328330039978027e-01
-2.227059453725814819e-01 3.356221318244934082e-01
-5.948843955993652344e-01 4.163575172424316406e-01
8.148626238107681274e-02 9.084080904722213745e-02
3.423066437244415283e-01 -1.365692466497421265e-01
2.829812765121459961e-01 -2.397074699401855469e-01
1.132409572601318359e-01 -2.095597237348556519e-01
6.149828806519508362e-02 -8.445369079709053040e-03
-6.352291703224182129e-01 7.407796382904052734e-01
-1.690155244432389736e-03 -1.562284380197525024e-01
-4.533761441707611084e-01 4.862135350704193115e-01
2.897718548774719238e-01 7.378844078630208969e-03
-1.224435344338417053e-01 3.204798996448516846e-01
8.667068481445312500e-01 -7.436604499816894531e-01
2.669663541018962860e-02 -2.032788284122943878e-02
-1.959417909383773804e-01 2.583751082420349121e-01
3.215938340872526169e-03 -1.392934098839759827e-02
2.072872966527938843e-01 -1.414283066987991333e-01
-1.760154590010643005e-02 8.713666349649429321e-03
4.484093561768531799e-02 -2.009538263082504272e-01
5.396930966526269913e-03 -2.040522731840610504e-02
-2.581156790256500244e-01 1.328917741775512695e-01
-7.918521016836166382e-02 2.494058944284915924e-02
-2.147109806537628174e-01 -9.043954312801361084e-03
-2.783336937427520752e-01 2.137673795223236084e-01
5.554502084851264954e-02 1.076464205980300903e-01
-4.907289743423461914e-01 3.454908132553100586e-01
-1.893800199031829834e-01 2.578269243240356445e-01
-2.155695110559463501e-01 8.923827856779098511e-02
4.074487090110778809e-01 -2.642780840396881104e-01
6.989736855030059814e-02 -2.138090282678604126e-01
-2.414157837629318237e-01 2.113379091024398804e-01
-1.643193364143371582e-01 1.109692156314849854e-01
2.937995269894599915e-02 2.179311662912368774e-01
4.355682805180549622e-02 -9.778818488121032715e-02
-2.696910500526428223e-01 1.169668659567832947e-01
1.269659213721752167e-02 6.179540976881980896e-02
8.236830122768878937e-03 -8.679693192243576050e-02
-4.743311554193496704e-02 -4.821683838963508606e-02
-7.270137667655944824e-01 5.212497115135192871e-01
-1.678181290626525879e-01 1.168047785758972168e-01
2.756757140159606934e-01 -2.201257944107055664e-01
1.976871490478515625e-01 -2.679631710052490234e-01
-2.311179190874099731e-01 2.631260454654693604e-01
-2.994496524333953857e-01 3.205523788928985596e-01
1.141521409153938293e-01 4.133335873484611511e-02
-3.087655901908874512e-01 2.025912553071975708e-01
1.656183414161205292e-02 -1.352039575576782227e-01
4.017707705497741699e-01 -3.717817068099975586e-01
6.180020421743392944e-02 -2.050846219062805176e-01
-3.042695820331573486e-01 1.542217284440994263e-01
-1.383723765611648560e-01 1.666876077651977539e-01
-1.079613575711846352e-03 2.494383975863456726e-02
-1.581898778676986694e-01 -5.215147137641906738e-02
-2.817468047142028809e-01 2.092856019735336304e-01
3.351064324378967285e-01 -1.158718094229698181e-01
5.532093048095703125e-01 -4.532845020294189453e-01
-1.499685943126678467e-01 3.199257254600524902e-01
5.555827021598815918e-01 -3.190276622772216797e-01
7.556688040494918823e-02 -5.248004198074340820e-02
1.848045289516448975e-01 -2.284936606884002686e-01
3.085601329803466797e-01 -1.431901752948760986e-01
1.651244312524795532e-01 -2.930703200399875641e-02
-8.444367349147796631e-02 1.050968617200851440e-01
-9.376581758260726929e-02 8.734569698572158813e-02
-9.355846792459487915e-02 -1.009853370487689972e-02
-9.290631860494613647e-02 2.911665439605712891e-01
-1.629129648208618164e-01 -8.670258335769176483e-03
-2.317067002877593040e-03 -8.786241710186004639e-02
6.151638925075531006e-02 -1.117381900548934937e-01
-2.125605195760726929e-01 5.310791358351707458e-02
-1.440104544162750244e-01 1.599018275737762451e-01
1.926457285881042480e-01 -1.977815032005310059e-01
-6.292793154716491699e-02 1.489838492125272751e-02
1.064618453383445740e-01 -7.884601503610610962e-02
-9.213558584451675415e-02 -6.579503417015075684e-02
4.379285871982574463e-02 -1.343620568513870239e-01
2.440193593502044678e-01 -3.051207363605499268e-01
