-2.474026978015899658e-01 3.381094932556152344e-01
3.733865916728973389e-01 -4.632915258407592773e-01
1.723411530256271362e-01 1.270274519920349121e-01
1.057244688272476196e-01 -1.056742221117019653e-01
-8.851911872625350952e-02 1.093820761889219284e-02
7.236194610595703125e-02 9.413486346602439880e-03
3.432489931583404541e-01 -1.717879027128219604e-01
-3.061442077159881592e-01 2.359150499105453491e-01
2.324032783508300781e-01 -3.353639841079711914e-01
9.292905777692794800e-02 -2.161953002214431763e-01
-1.339175850152969360e-01 9.083539247512817383e-02
-4.523200541734695435e-02 -5.137467384338378906e-02
-2.297789901494979858e-01 4.652987793087959290e-02
-1.564262658357620239e-01 1.358722001314163208e-01
-2.418473064899444580e-01 2.876549661159515381e-01
-9.239012748003005981e-02 8.848184719681739807e-03
-1.931907050311565399e-02 1.602809876203536987e-01
-1.623564213514328003e-02 8.735052309930324554e-03
8.317541331052780151e-02 1.297717094421386719e-01
1.396048814058303833e-01 -1.609378457069396973e-01
4.153518006205558777e-02 -1.989527046680450439e-01
-1.360863894224166870e-01 3.233041167259216309e-01
-2.739647775888442993e-02 2.604361996054649353e-02
1.781853139400482178e-01 -2.409893460571765900e-02
-2.856287062168121338e-01 2.299738228321075439e-01
-8.758109807968139648e-02 9.336350858211517334e-02
1.801196336746215820e-01 -6.354000885039567947e-03
-1.431070715188980103e-01 4.119816794991493225e-02
3.921269178390502930e-01 -4.840121865272521973e-01
2.357813119888305664e-01 -6.790842860937118530e-02
9.950480610132217407e-02 1.587634906172752380e-02
4.431119188666343689e-02 6.841497123241424561e-02
-2.391547560691833496e-01 1.654813289642333984e-01
4.443855956196784973e-02 -1.069569513201713562e-01
-2.522777915000915527e-01 2.684645354747772217e-01
-1.054775416851043701e-01 1.537477225065231323e-01
-1.543439477682113647e-01 -1.317002810537815094e-03
-2.506354823708534241e-02 4.152336623519659042e-03
-1.418732255697250366e-01 9.049637615680694580e-02
7.559552323073148727e-03 -9.356892667710781097e-03
3.697209358215332031e-01 -3.129240870475769043e-01
-5.073969066143035889e-02 -3.777024894952774048e-02
-1.136078462004661560e-01 2.826740443706512451e-01
1.254623830318450928e-01 -1.793359220027923584e-01
-4.023351892828941345e-02 2.636782079935073853e-02
3.859332203865051270e-01 -2.265788167715072632e-01
-3.734879195690155029e-01 2.343921512365341187e-01
2.001135498285293579e-01 -2.645016610622406006e-01
8.326052874326705933e-02 1.402531862258911133e-01
2.382263094186782837e-01 -6.959474831819534302e-02
2.490766942501068115e-01 -2.190312296152114868e-01
-1.473923325538635254e-01 -7.456443458795547485e-02
-4.528024494647979736e-01 1.725562959909439087e-01
-3.603517711162567139e-01 3.906887173652648926e-01
1.616402864456176758e-01 -1.211160346865653992e-01
-9.887651354074478149e-02 -1.231988444924354553e-01
1.658097803592681885e-01 -1.754904389381408691e-01
-1.851837635040283203e-01 1.387569308280944824e-01
5.213088542222976685e-02 1.183228716254234314e-01
-1.995239257812500000e-01 7.980503886938095093e-02
3.441837131977081299e-01 -1.210967600345611572e-01
4.896020144224166870e-02 -1.726038157939910889e-01
-6.894097477197647095e-02 1.046262606978416443e-01
4.129244685173034668e-01 -3.814798295497894287e-01
-2.923822700977325439e-01 2.242731302976608276e-01
7.333894819021224976e-02 -2.639375329017639160e-01
2.956379354000091553e-01 -1.692820042371749878e-01
2.702684998512268066e-01 -1.388999670743942261e-01
2.337493896484375000e-01 -3.279286921024322510e-01
-3.661129772663116455e-01 2.610385417938232422e-01
2.728226780891418457e-02 6.411269307136535645e-02
-5.196396112442016602e-01 5.632226467132568359e-01
8.808997273445129395e-02 4.611583892256021500e-03
-1.802149787545204163e-02 -7.296619564294815063e-02
-3.503847718238830566e-01 3.464089930057525635e-01
-2.839825749397277832e-01 4.377348124980926514e-01
-2.668949365615844727e-01 1.350929588079452515e-01
-1.348799467086791992e-01 5.195026099681854248e-02
-2.753710150718688965e-01 4.485314190387725830e-01
1.698531955480575562e-02 -2.182272523641586304e-01
4.348019510507583618e-02 -2.599272690713405609e-02
-5.748359858989715576e-02 -9.754803031682968140e-03
-1.538846641778945923e-01 1.272010803222656250e-01
6.552249193191528320e-02 -7.369334250688552856e-02
-2.923564314842224121e-01 2.194369137287139893e-01
-2.396963238716125488e-01 3.462273180484771729e-01
-3.312876224517822266e-01 4.909301400184631348e-01
-1.571769565343856812e-01 1.339567899703979492e-01
-2.588620185852050781e-01 1.990550607442855835e-01
-9.118583798408508301e-02 1.684036254882812500e-01
-8.042190223932266235e-02 1.837197095155715942e-01
3.467115759849548340e-01 -2.896766066551208496e-01
1.373642235994338989e-01 -3.029474020004272461e-01
1.635111868381500244e-01 -1.534746438264846802e-01
-6.185816228389739990e-02 2.788444235920906067e-02
4.119462072849273682e-01 -3.463295400142669678e-01
-8.164375275373458862e-02 1.121589764952659607e-01
3.955336809158325195e-01 -5.002259612083435059e-01
-1.318782567977905273e-01 8.879297412931919098e-03
-4.007762670516967773e-02 9.875921905040740967e-02
2.404091507196426392e-02 -6.665974855422973633e-02
2.097327709197998047e-01 -2.183862626552581787e-01
-4.118184745311737061e-02 2.143794149160385132e-01
-9.249763190746307373e-02 -1.159664988517761230e-01
1.692635007202625275e-02 1.434779316186904907e-01
-2.703309357166290283e-01 1.681426316499710083e-01
-3.397751450538635254e-01 2.885585129261016846e-01
-1.244521960616111755e-01 -1.442041248083114624e-01
2.164271026849746704e-01 -2.950501814484596252e-02
3.832981288433074951e-01 -4.639238715171813965e-01
-2.487098425626754761e-01 1.020735502243041992e-01
-2.721716463565826416e-01 3.321576118469238281e-01
-4.577608108520507812e-01 5.395787358283996582e-01
1.148744896054267883e-01 -2.551115155220031738e-01
2.657225355505943298e-02 -6.578780710697174072e-02
-2.615106403827667236e-01 3.900416195392608643e-02
1.085604950785636902e-01 -2.259618788957595825e-01
-2.893114387989044189e-01 2.798896729946136475e-01
1.158497929573059082e-01 -2.377645298838615417e-02
-2.444638162851333618e-01 1.577818244695663452e-01
-1.186615228652954102e-01 2.580303251743316650e-01
1.825605630874633789e-01 -1.578928679227828979e-01
-5.978422611951828003e-02 6.595975905656814575e-02
-1.446753293275833130e-01 2.880287170410156250e-01
2.392797619104385376e-01 -3.112869858741760254e-01
-3.753307089209556580e-02 2.630299925804138184e-01
-3.365843743085861206e-02 6.584357470273971558e-02
1.392590850591659546e-01 -2.629557251930236816e-01
1.953954547643661499e-01 -2.484931796789169312e-01
-2.458949759602546692e-02 -1.972507126629352570e-02
7.022997736930847168e-02 -4.706868901848793030e-02
5.089833140373229980e-01 -4.895689487457275391e-01
-2.465613484382629395e-01 2.644287049770355225e-01
-8.222642354667186737e-03 8.614139258861541748e-02
-1.983165182173252106e-02 4.496036842465400696e-02
-3.728804290294647217e-01 7.027687877416610718e-02
2.048016637563705444e-01 -5.855212360620498657e-02
1.730909757316112518e-02 -2.587244510650634766e-01
4.457837939262390137e-01 -2.701835930347442627e-01
1.913456767797470093e-01 -6.067110225558280945e-02
-3.837732076644897461e-01 5.475652813911437988e-01
-4.295016825199127197e-01 4.421285390853881836e-01
-3.135743737220764160e-01 2.906668186187744141e-01
1.517613679170608521e-01 -3.055492639541625977e-01
3.854399323463439941e-01 -3.521232903003692627e-01
4.420009255409240723e-01 -3.816629648208618164e-01
6.295186281204223633e-02 -1.345865577459335327e-01
8.074698597192764282e-02 -1.535425335168838501e-01
3.734651803970336914e-01 -2.447330206632614136e-01
5.324069038033485413e-02 -1.071090698242187500e-01
-1.334526687860488892e-01 6.934329867362976074e-02
-1.784650236368179321e-02 6.818681210279464722e-02
3.647935390472412109e-01 -2.131305038928985596e-01
2.025596350431442261e-01 -1.756498217582702637e-01
-1.038204133510589600e-01 1.871142983436584473e-01
-3.538057580590248108e-02 4.132308065891265869e-02
2.204193472862243652e-01 -1.185753941535949707e-01
2.335924357175827026e-01 -1.790712922811508179e-01
1.278886646032333374e-01 4.350304976105690002e-02
1.180741190910339355e-01 -2.872179150581359863e-01
-9.470238536596298218e-02 1.268441826105117798e-01
4.116055667400360107e-01 -4.062059521675109863e-01
-4.496880173683166504e-01 4.337537288665771484e-01
4.445891827344894409e-02 -8.925568312406539917e-02
4.189251661300659180e-01 -3.669174611568450928e-01
-3.949951231479644775e-01 4.224273562431335449e-01
-4.812608957290649414e-01 4.292784035205841064e-01
1.847395449876785278e-01 -5.342100933194160461e-02
-2.198310196399688721e-01 3.885068893432617188e-01
-4.141452312469482422e-01 3.060684502124786377e-01
-4.495792388916015625e-01 5.462335944175720215e-01
-2.577447891235351562e-01 1.216512471437454224e-01
9.125193580985069275e-03 -1.789184361696243286e-01
2.172769606113433838e-01 -1.909528672695159912e-01
-8.114536106586456299e-02 3.661646274849772453e-03
-1.684412658214569092e-01 9.839578531682491302e-03
-3.227789327502250671e-02 1.664690822362899780e-01
-1.080474853515625000e-01 9.609121829271316528e-02
-2.633619606494903564e-01 2.694180607795715332e-01
-3.426562547683715820e-01 2.123248130083084106e-01
6.003761291503906250e-02 1.280183643102645874e-01
-3.255239725112915039e-01 2.736377120018005371e-01
-1.669538021087646484e-01 2.041302621364593506e-01
2.309771478176116943e-01 -2.928399741649627686e-01
2.403278648853302002e-01 -1.497085392475128174e-01
1.294483393430709839e-01 -1.597139686346054077e-01
-4.967088997364044189e-02 4.982721805572509766e-02
5.014161393046379089e-02 -8.880778215825557709e-03
-1.756999082863330841e-02 -1.113614253699779510e-02
-5.581302642822265625e-01 5.899515748023986816e-01
-8.934570848941802979e-02 1.983719766139984131e-01
2.816917896270751953e-01 -3.989160656929016113e-01
1.155614666640758514e-02 1.495766490697860718e-01
5.452014133334159851e-02 -7.587891817092895508e-02
6.775498390197753906e-02 -1.743873208761215210e-01
3.418594971299171448e-02 -3.365267813205718994e-02
-3.615772724151611328e-02 1.513465046882629395e-01
2.415584623813629150e-01 -3.362696990370750427e-02
1.096590533852577209e-01 9.522076696157455444e-02
-2.892615199089050293e-01 2.542947530746459961e-01
2.519762814044952393e-01 -1.414094269275665283e-01
1.262992322444915771e-01 6.341912783682346344e-03
-3.620495647192001343e-02 -3.459645062685012817e-02
-1.146124303340911865e-01 1.931078135967254639e-01
8.923643268644809723e-03 1.743524074554443359e-01
-1.246841251850128174e-01 1.505966037511825562e-01
-3.022291958332061768e-01 1.348609924316406250e-01
4.094314873218536377e-01 -2.368137687444686890e-01
4.075563251972198486e-01 -3.623691797256469727e-01
1.534729003906250000e-01 -1.103376522660255432e-01
1.636531502008438110e-01 -1.317780613899230957e-01
-3.348011523485183716e-02 1.370774507522583008e-01
-2.451888471841812134e-01 1.579899638891220093e-01
-1.536143273115158081e-01 8.697011321783065796e-02
-1.117772050201892853e-02 -6.311976164579391479e-02
-3.105979859828948975e-01 1.313276588916778564e-02
1.751569472253322601e-02 1.231027022004127502e-01
2.371229417622089386e-02 6.841763854026794434e-02
3.354405239224433899e-02 -1.747352778911590576e-01
1.811402291059494019e-02 -1.776376962661743164e-01
3.954229652881622314e-01 -3.035234212875366211e-01
4.207909107208251953e-02 -1.147902105003595352e-02
1.343793272972106934e-01 -2.757811844348907471e-01
-5.416729301214218140e-02 7.842928171157836914e-02
-1.655378378927707672e-02 7.085586898028850555e-03
-3.013225272297859192e-02 -8.399344049394130707e-03
1.535880267620086670e-01 -3.517556563019752502e-02
1.126577109098434448e-01 1.069391593337059021e-01
-6.694627553224563599e-02 3.626136481761932373e-02
-2.239450253546237946e-02 9.432648308575153351e-03
-1.173474788665771484e-01 1.606210023164749146e-01
-2.052541226148605347e-01 1.531429737806320190e-01
-1.016522943973541260e-01 2.664844691753387451e-01
-1.758790910243988037e-01 1.465065330266952515e-01
-4.093793928623199463e-01 3.111125230789184570e-01
1.889751553535461426e-01 1.233207061886787415e-02
6.997118890285491943e-02 -1.910222619771957397e-01
3.540910482406616211e-01 -4.623804986476898193e-01
-1.099562346935272217e-01 9.121026098728179932e-02
-2.408436089754104614e-01 1.973356455564498901e-01
-1.948260515928268433e-01 3.222570717334747314e-01
7.325936108827590942e-02 -2.142302691936492920e-01
1.468566507101058960e-01 -3.896787017583847046e-02
-3.759456099942326546e-03 3.908699750900268555e-02
1.371571421623229980e-02 2.195945009589195251e-02
-1.410498172044754028e-01 -6.190022453665733337e-03
-1.350999921560287476e-01 7.449017465114593506e-02
1.497172843664884567e-02 -3.104609847068786621e-01
-2.310486510396003723e-02 -4.364050924777984619e-02
-6.325045134872198105e-03 1.848167553544044495e-02
1.919390261173248291e-01 -3.528883755207061768e-01
-8.764915168285369873e-02 1.723991706967353821e-02
-1.346181482076644897e-01 1.152685191482305527e-02
2.368382923305034637e-02 -1.337687224149703979e-01
-7.329312711954116821e-02 2.104017734527587891e-01
-2.901635691523551941e-02 1.256984621286392212e-01
