1.128278002142906189e-01 -3.189304769039154053e-01
1.740678846836090088e-01 -4.961407557129859924e-02
-1.718480885028839111e-01 1.513348668813705444e-01
9.139562398195266724e-02 1.131915003061294556e-01
-3.698570132255554199e-01 2.093701660633087158e-01
1.241279095411300659e-01 -2.135803401470184326e-01
7.013044506311416626e-02 -2.074144631624221802e-01
3.558752238750457764e-01 -3.523736000061035156e-01
6.422682851552963257e-02 -2.144761979579925537e-01
-1.441575493663549423e-02 4.067589715123176575e-02
6.418363004922866821e-02 -8.121220022439956665e-02
1.963700205087661743e-01 -6.919591873884201050e-02
5.313472822308540344e-02 2.195186316967010498e-01
-6.816376745700836182e-02 -2.211206555366516113e-01
1.858511865139007568e-01 -1.647641807794570923e-01
-2.235600650310516357e-01 1.133264377713203430e-01
7.787518203258514404e-02 -1.800901442766189575e-01
-2.296033203601837158e-01 1.574084162712097168e-01
-3.713376820087432861e-01 3.528488278388977051e-01
4.528962075710296631e-03 -2.072127908468246460e-01
1.570421457290649414e-01 -1.024688361212611198e-03
-8.819358795881271362e-02 -4.181769490242004395e-02
4.069374799728393555e-01 -3.911823928356170654e-01
4.102700054645538330e-01 -3.575993478298187256e-01
8.809456229209899902e-02 -1.729750484228134155e-01
1.011375784873962402e-01 8.129886537790298462e-02
-2.100621908903121948e-01 8.539494127035140991e-02
2.277306467294692993e-01 -2.250564545392990112e-01
-1.248459964990615845e-01 1.433779597282409668e-01
2.317087538540363312e-02 1.855168938636779785e-01
2.114015370607376099e-01 -3.919018507003784180e-01
-4.108971729874610901e-02 -2.181982845067977905e-01
2.264970541000366211e-01 -3.479546010494232178e-01
-1.035391837358474731e-01 -1.486589312553405762e-01
-2.961263060569763184e-01 1.067211553454399109e-01
-1.655793637037277222e-01 1.150138452649116516e-01
-2.571083605289459229e-01 1.072265431284904480e-01
1.068684086203575134e-01 -1.142648793756961823e-02
1.971246451139450073e-01 -5.307893827557563782e-02
-2.254970520734786987e-01 1.301548480987548828e-01
-2.768937647342681885e-01 3.292041718959808350e-01
-2.182831056416034698e-02 1.622572690248489380e-01
-1.740368753671646118e-01 1.766628623008728027e-01
-2.632545866072177887e-02 -1.606084033846855164e-02
-7.523685693740844727e-02 1.749107241630554199e-02
-2.568987384438514709e-02 -1.399719505570828915e-03
2.966791987419128418e-01 -1.989599466323852539e-01
-1.765680499374866486e-02 1.730289757251739502e-01
-2.315703406929969788e-02 5.730545520782470703e-02
1.101847738027572632e-01 -1.057673338800668716e-02
-1.661341637372970581e-01 3.597936406731605530e-02
2.824943661689758301e-01 -1.065661460161209106e-01
-1.151325255632400513e-01 2.156866192817687988e-01
1.062843501567840576e-01 -1.963911801576614380e-01
-1.667767465114593506e-01 3.078875839710235596e-01
1.107521653175354004e-01 -6.683391332626342773e-02
-2.490420490503311157e-01 3.280426561832427979e-01
-1.469707489013671875e-01 3.313246369361877441e-02
2.792371511459350586e-01 -1.798640489578247070e-01
-3.261658921837806702e-02 -7.512341439723968506e-02
4.932458326220512390e-02 -2.468055486679077148e-01
1.033042594790458679e-01 -2.101364284753799438e-01
-1.042289957404136658e-01 1.805752813816070557e-01
-2.257791757583618164e-01 2.428246587514877319e-01
2.729681432247161865e-01 -2.763201296329498291e-01
1.702489256858825684e-01 -2.385820001363754272e-01
-1.699288934469223022e-01 3.035128414630889893e-01
2.252211868762969971e-01 -2.896363437175750732e-01
-3.545082807540893555e-01 2.739093303680419922e-01
2.611290216445922852e-01 -3.100554645061492920e-01
3.484518826007843018e-01 -3.336276710033416748e-01
3.584064841270446777e-01 -2.993061840534210205e-01
2.643967866897583008e-01 -2.423991113901138306e-01
-4.697731882333755493e-02 9.530241787433624268e-02
6.200179830193519592e-02 -2.638243138790130615e-01
-1.822552531957626343e-01 2.015867084264755249e-01
8.821091800928115845e-02 -1.506651490926742554e-01
2.472446411848068237e-01 -3.538975119590759277e-01
2.006142437458038330e-01 -1.040350943803787231e-01
-3.277719616889953613e-01 3.446154296398162842e-01
4.652327299118041992e-01 -3.366984128952026367e-01
-1.068660244345664978e-01 1.754825264215469360e-01
-2.396622449159622192e-01 3.837000727653503418e-01
-6.041250750422477722e-02 -7.266549021005630493e-02
4.819395393133163452e-02 -9.907089918851852417e-02
5.219058990478515625e-01 -2.012324333190917969e-01
1.595185995101928711e-01 -1.608937233686447144e-01
4.074191451072692871e-01 -4.015991687774658203e-01
-1.791323572397232056e-01 2.909057140350341797e-01
-1.375835835933685303e-01 -3.936984390020370483e-02
3.293646574020385742e-01 -2.055124044418334961e-01
3.810379207134246826e-01 -3.704127669334411621e-01
-5.170409008860588074e-02 8.127526938915252686e-02
-1.094689816236495972e-01 2.237691730260848999e-01
1.852476596832275391e-01 -1.828939020633697510e-01
2.028133273124694824e-01 -2.587052434682846069e-02
-2.998890280723571777e-01 2.418124824762344360e-01
3.985332250595092773e-01 -4.374347925186157227e-01
-3.469370678067207336e-02 -8.694921433925628662e-02
-1.386328041553497314e-01 3.141086399555206299e-01
2.029896080493927002e-01 -2.660743594169616699e-01
-3.099862672388553619e-02 2.127919495105743408e-01
-1.503337472677230835e-01 3.439493104815483093e-02
4.105763435363769531e-01 -1.817139238119125366e-01
1.822444349527359009e-01 -8.465813100337982178e-02
-1.042446717619895935e-01 4.220050200819969177e-02
-1.710830032825469971e-01 1.603220552206039429e-01
-3.411440849304199219e-01 2.636684775352478027e-01
2.183361500501632690e-01 -2.253705114126205444e-01
-2.777251601219177246e-01 3.333324790000915527e-01
-1.591128408908843994e-01 2.424983978271484375e-01
1.449050158262252808e-01 -1.043604016304016113e-01
-2.711902856826782227e-01 3.771557211875915527e-01
3.650040030479431152e-01 -2.645571529865264893e-01
6.663884222507476807e-02 -8.207805454730987549e-02
2.243896387517452240e-02 -1.966308951377868652e-01
2.575968205928802490e-01 -3.622381389141082764e-01
-1.154634356498718262e-01 -5.563869327306747437e-02
-9.999147802591323853e-02 3.161339461803436279e-01
1.169552505016326904e-01 -2.754520177841186523e-01
-3.957270979881286621e-01 2.072383612394332886e-01
-9.267966262996196747e-03 5.264859274029731750e-02
1.805774867534637451e-01 -2.892155349254608154e-01
2.647036910057067871e-01 -3.852761983871459961e-01
3.806564509868621826e-01 -2.612104713916778564e-01
-1.996728330850601196e-01 3.167510926723480225e-01
2.596694529056549072e-01 -2.005668282508850098e-01
4.637144133448600769e-02 -4.256141930818557739e-02
1.260917484760284424e-01 -1.822788715362548828e-01
-1.687740385532379150e-01 -8.638638071715831757e-03
-3.310637548565864563e-03 5.078572034835815430e-02
-6.998302787542343140e-02 9.213349223136901855e-02
-4.014093894511461258e-03 1.545322313904762268e-02
4.234061837196350098e-01 -2.143422514200210571e-01
2.336653620004653931e-01 -2.626386880874633789e-01
6.576513499021530151e-02 3.063219971954822540e-02
-2.518565952777862549e-01 4.424807056784629822e-02
-1.547926366329193115e-01 1.774884015321731567e-01
2.571885585784912109e-01 -3.910760581493377686e-01
6.097306311130523682e-02 -1.638035923242568970e-01
-4.728206992149353027e-02 -2.060085684061050415e-01
1.640415489673614502e-01 -2.139454483985900879e-01
3.692652881145477295e-01 -4.292280077934265137e-01
-3.414552211761474609e-01 2.906338274478912354e-01
2.193282544612884521e-01 -2.251040935516357422e-01
-4.506457746028900146e-01 2.952361404895782471e-01
-2.820569276809692383e-01 1.689547598361968994e-01
-3.291278779506683350e-01 2.173905968666076660e-01
-2.340969294309616089e-01 2.041507661342620850e-01
5.272268876433372498e-02 -2.234617806971073151e-02
2.758627831935882568e-01 -1.377167403697967529e-01
3.258178532123565674e-01 -3.499555289745330811e-01
6.398550420999526978e-02 -1.236260682344436646e-01
2.192605435848236084e-01 -2.320298366248607635e-02
-2.379937916994094849e-01 7.499445229768753052e-02
3.191575109958648682e-01 -2.411209046840667725e-01
1.087211519479751587e-01 -3.661557137966156006e-01
-3.105649948120117188e-01 3.755378723144531250e-01
2.182685732841491699e-01 -4.038999080657958984e-01
6.013539433479309082e-02 -2.501700632274150848e-02
-4.283862560987472534e-02 3.756838291883468628e-02
1.952260732650756836e-01 5.783353932201862335e-03
2.031896263360977173e-01 -1.387559175491333008e-01
3.422805964946746826e-01 -2.588251829147338867e-01
-3.010922810062766075e-03 1.198972612619400024e-01
-8.168631047010421753e-02 2.728669047355651855e-01
1.673924773931503296e-01 -1.055761352181434631e-01
4.021194577217102051e-01 -5.404153466224670410e-01
-1.094109788537025452e-01 9.275187551975250244e-02
1.763183251023292542e-02 -3.461969271302223206e-02
-1.526379734277725220e-01 1.727190166711807251e-01
-4.201814532279968262e-01 2.628236711025238037e-01
-5.413207039237022400e-02 9.698989987373352051e-02
-4.232843592762947083e-02 4.536658525466918945e-02
-7.157164812088012695e-02 1.305637806653976440e-01
-3.428537547588348389e-01 4.743627607822418213e-01
1.017771661281585693e-01 -1.823529005050659180e-01
1.739545464515686035e-01 -3.610686063766479492e-01
-5.836607888340950012e-02 8.879404515027999878e-02
-9.691707044839859009e-02 1.056343540549278259e-01
3.925844132900238037e-01 -1.753522902727127075e-01
2.126469761133193970e-01 -2.601412534713745117e-01
-2.639741003513336182e-01 2.008343636989593506e-01
8.377201855182647705e-02 -2.913537025451660156e-01
2.564244270324707031e-01 -3.158440589904785156e-01
9.196896106004714966e-02 -4.551442712545394897e-02
-2.302899062633514404e-01 2.458160221576690674e-01
5.163333937525749207e-02 -2.444058097898960114e-02
-1.689172238111495972e-01 1.707478612661361694e-01
2.282820874825119972e-03 -1.128289252519607544e-01
-3.400070071220397949e-01 3.614278435707092285e-01
3.107493519783020020e-01 -1.742351055145263672e-01
4.746767226606607437e-03 -5.834188777953386307e-03
-1.551271378993988037e-01 4.521317034959793091e-02
4.525452852249145508e-02 3.566465526819229126e-02
-4.213345646858215332e-01 2.169429063796997070e-01
-2.351359874010086060e-01 3.221052289009094238e-01
1.094670891761779785e-01 -1.202677339315414429e-01
-5.910616740584373474e-02 -1.088288053870201111e-01
4.955326020717620850e-02 -9.022719413042068481e-02
-6.050330027937889099e-02 -3.569026244804263115e-03
2.225150763988494873e-01 3.369604051113128662e-02
1.392701417207717896e-01 -7.055775076150894165e-02
4.348057135939598083e-02 -8.619431406259536743e-03
2.053990364074707031e-01 -4.290476441383361816e-01
2.087505757808685303e-01 -1.221164595335721970e-02
1.947347670793533325e-01 -1.311321109533309937e-01
6.425041705369949341e-02 1.106241866946220398e-01
-5.413582548499107361e-02 5.072472244501113892e-02
-4.967737570405006409e-02 1.669504046440124512e-01
-1.128870248794555664e-01 9.069509059190750122e-02
-3.758068978786468506e-01 1.663991361856460571e-01
-8.088143169879913330e-02 -2.642073296010494232e-02
1.468367502093315125e-02 -1.673928201198577881e-01
3.871410191059112549e-01 -2.527421116828918457e-01
8.208931982517242432e-02 -1.632938235998153687e-01
-1.832147943787276745e-03 1.436983328312635422e-02
8.004935830831527710e-02 -1.009138077497482300e-01
-4.047251865267753601e-02 -8.155012875795364380e-02
2.382559478282928467e-01 -8.477108925580978394e-02
5.803972110152244568e-02 -1.157442703843116760e-01
-2.833406031131744385e-01 4.555264711380004883e-01
7.593587785959243774e-02 -3.871037662029266357e-01
-8.089926838874816895e-02 1.249924302101135254e-01
-1.028662845492362976e-01 -7.471227645874023438e-02
1.763025522232055664e-01 -1.367363929748535156e-01
-6.965990364551544189e-02 2.428796142339706421e-02
-3.899019211530685425e-02 4.011099040508270264e-02
2.790626585483551025e-01 -1.773603558540344238e-01
-8.477795869112014771e-02 1.583843827247619629e-01
-5.081205070018768311e-02 -7.980390638113021851e-02
3.006162643432617188e-01 -8.732713758945465088e-02
6.063488870859146118e-02 -1.777832806110382080e-01
1.056004688143730164e-01 -1.797163784503936768e-01
-2.405203729867935181e-01 5.458555370569229126e-02
-1.542682349681854248e-01 3.639448434114456177e-02
2.370261996984481812e-01 -1.883755438029766083e-02
-8.580228686332702637e-02 2.094095647335052490e-01
-1.830093711614608765e-01 8.864898979663848877e-02
5.830936133861541748e-02 -3.264898061752319336e-01
-2.816815078258514404e-01 6.901150196790695190e-02
-6.888346374034881592e-02 2.156101912260055542e-01
-1.780662685632705688e-02 7.008542865514755249e-02
9.870402514934539795e-02 -1.880247145891189575e-02
5.659731104969978333e-02 -3.429802358150482178e-01
-3.091372251510620117e-01 8.961050212383270264e-02
3.878423478454351425e-03 1.992342472076416016e-01
-2.197612375020980835e-01 2.265998125076293945e-01
1.715593189001083374e-01 5.181844159960746765e-02
-9.370405226945877075e-02 -1.263167522847652435e-02
2.664585784077644348e-02 -3.502114862203598022e-02
-2.964277565479278564e-02 2.219548076391220093e-01
2.090238332748413086e-01 -2.408829033374786377e-01
6.465898454189300537e-02 2.137839328497648239e-03
-3.113985359668731689e-01 2.660683989524841309e-01
-2.386131435632705688e-01 2.983801960945129395e-01
