-9.192530810832977295e-02 7.283684611320495605e-02
6.084229424595832825e-02 -4.906228184700012207e-02
1.193783730268478394e-01 -5.998699739575386047e-02
-1.867801994085311890e-01 3.273000717163085938e-01
-4.514670968055725098e-01 2.709002494812011719e-01
-1.558839976787567139e-01 8.436697721481323242e-02
1.347993165254592896e-01 -2.445307075977325439e-01
-4.766415357589721680e-01 4.851326644420623779e-01
-4.489055573940277100e-01 4.408878982067108154e-01
-2.905101478099822998e-01 3.087898492813110352e-01
-2.112296670675277710e-01 1.527635902166366577e-01
-4.091896712779998779e-01 4.261243641376495361e-01
-2.053993940353393555e-01 2.085102498531341553e-01
-3.310528695583343506e-01 3.486956357955932617e-01
2.634707689285278320e-01 -1.387809813022613525e-01
1.451361551880836487e-02 -1.766631565988063812e-02
-1.199721992015838623e-01 8.302246220409870148e-03
9.587579220533370972e-02 -1.472029238939285278e-01
-1.042888313531875610e-02 -2.461464852094650269e-01
2.914302349090576172e-01 6.705475971102714539e-03
1.476462334394454956e-01 -1.885591745376586914e-01
-2.615182697772979736e-01 1.034605577588081360e-01
1.429724842309951782e-01 -4.526733234524726868e-02
-4.972355440258979797e-02 1.754138618707656860e-03
-2.243803739547729492e-01 3.226998448371887207e-02
-3.988575637340545654e-01 2.162687331438064575e-01
-1.411948800086975098e-01 1.832292526960372925e-01
8.880980312824249268e-02 9.509225189685821533e-02
-1.073884740471839905e-01 3.201982975006103516e-01
-4.401034861803054810e-02 1.757604815065860748e-02
-3.041647672653198242e-01 1.819119304418563843e-01
-1.185933360829949379e-03 -6.331592053174972534e-02
-2.348557561635971069e-01 2.696961462497711182e-01
9.489885717630386353e-02 -2.086683213710784912e-01
3.037402629852294922e-01 -2.346013039350509644e-01
3.585382401943206787e-01 -3.020096421241760254e-01
-2.673151195049285889e-01 1.438649445772171021e-01
2.096249610185623169e-01 -5.433190464973449707e-01
-3.089235126972198486e-01 1.028890386223793030e-01
-7.179108215495944023e-04 2.144565731287002563e-01
-2.374537289142608643e-01 2.662007324397563934e-02
-2.766219675540924072e-01 7.478095591068267822e-02
6.440750323235988617e-03 1.596399098634719849e-01
3.023388683795928955e-01 -1.935883760452270508e-01
7.521630823612213135e-02 3.767153620719909668e-02
-3.075125217437744141e-01 1.458284258842468262e-01
2.007475942373275757e-01 -1.959692686796188354e-01
-4.784911870956420898e-02 6.178082898259162903e-03
4.001004993915557861e-01 -2.808858454227447510e-01
-1.320924758911132812e-01 2.300411760807037354e-01
-1.096395477652549744e-01 2.659135460853576660e-01
1.879391819238662720e-01 -3.773147761821746826e-01
3.117009699344635010e-01 -3.972142636775970459e-01
3.878319859504699707e-01 -2.282262593507766724e-01
-5.215277150273323059e-02 1.188318580389022827e-01
4.203622695058584213e-03 2.877603657543659210e-02
-2.713780999183654785e-01 9.208820015192031860e-02
-7.965180277824401855e-02 1.441805274225771427e-03
-3.725826507434248924e-03 -3.257517889142036438e-02
-3.996128141880035400e-01 2.614037990570068359e-01
-1.433862894773483276e-01 -3.797898814082145691e-02
-1.807529479265213013e-01 1.046359259635210037e-02
-5.307864546775817871e-01 2.986654639244079590e-01
1.445951610803604126e-01 -1.059631481766700745e-01
-2.186395078897476196e-01 2.669619023799896240e-01
-6.213873028755187988e-01 6.110556721687316895e-01
9.524697810411453247e-02 -2.526143006980419159e-02
-6.417207419872283936e-02 -3.767998516559600830e-02
-1.424729377031326294e-01 8.746571093797683716e-02
1.282243430614471436e-01 -1.685235798358917236e-01
5.818311572074890137e-01 -4.907966554164886475e-01
-5.406001210212707520e-01 6.394247412681579590e-01
-7.887718081474304199e-01 5.662066340446472168e-01
2.331030368804931641e-01 -1.256529390811920166e-01
-3.705184161663055420e-01 4.059258997440338135e-01
-2.543294727802276611e-01 2.149107120931148529e-02
4.836513660848140717e-03 7.627069950103759766e-02
-4.881877303123474121e-01 5.936354994773864746e-01
-5.150094032287597656e-01 3.588557541370391846e-01
3.508666455745697021e-01 -2.033823579549789429e-01
-3.243572413921356201e-01 4.761641025543212891e-01
2.922987341880798340e-01 -2.213099747896194458e-01
-1.768721044063568115e-01 5.129199102520942688e-02
-1.229215264320373535e-01 1.114081740379333496e-01
2.048684507608413696e-01 -1.857370138168334961e-01
-6.952086836099624634e-02 2.980373427271842957e-02
1.210883166640996933e-02 -1.396318376064300537e-01
-3.058112561702728271e-01 2.108935564756393433e-01
4.514811635017395020e-01 -5.151078104972839355e-01
-2.242604941129684448e-01 2.641521692276000977e-01
-6.326977163553237915e-02 3.308549523353576660e-01
4.790835976600646973e-01 -5.387509465217590332e-01
-7.071942687034606934e-01 7.081833481788635254e-01
-4.080908298492431641e-01 2.068298608064651489e-01
-2.184380888938903809e-01 1.430563032627105713e-01
1.998844295740127563e-01 -4.316758513450622559e-01
-3.510043621063232422e-01 6.431472301483154297e-02
-9.637652337551116943e-02 3.519811332225799561e-01
1.014812663197517395e-01 -1.705279648303985596e-01
-4.647377729415893555e-01 6.756606101989746094e-01
-7.704710960388183594e-01 8.403465747833251953e-01
4.526915848255157471e-01 -5.595529079437255859e-01
-3.875345289707183838e-01 3.256028294563293457e-01
-3.990836143493652344e-01 1.840292066335678101e-01
5.545943975448608398e-01 -5.974788665771484375e-01
-5.043959617614746094e-01 4.343409538269042969e-01
-8.159989118576049805e-02 -6.043339148163795471e-02
-7.465295027941465378e-03 -1.786957234144210815e-01
1.012429669499397278e-01 1.184516679495573044e-02
-1.710182987153530121e-02 -5.792182404547929764e-03
3.473819792270660400e-01 -1.769096702337265015e-01
3.604182600975036621e-02 -6.778813153505325317e-02
5.123524069786071777e-01 -3.717336058616638184e-01
-3.642820417881011963e-01 4.114677011966705322e-01
-3.719368278980255127e-01 3.307068347930908203e-01
5.006372928619384766e-01 -7.009190917015075684e-01
6.716250181198120117e-01 -6.360369920730590820e-01
4.310972392559051514e-01 -4.902271628379821777e-01
5.406747460365295410e-01 -6.491983532905578613e-01
6.568846106529235840e-02 -4.590784013271331787e-02
-4.132755100727081299e-01 3.274800777435302734e-01
-1.603443473577499390e-01 -7.640811055898666382e-02
2.672567069530487061e-01 -3.043981194496154785e-01
-6.965257972478866577e-02 9.533428400754928589e-02
-3.589009642601013184e-01 4.593269228935241699e-01
4.338848888874053955e-01 -1.370595395565032959e-01
-5.649182200431823730e-01 3.034528791904449463e-01
2.339563369750976562e-01 -3.269291520118713379e-01
5.211175084114074707e-01 -4.951943457126617432e-01
-1.037798821926116943e-01 2.282589375972747803e-01
2.770589888095855713e-01 -3.744937777519226074e-01
1.247288882732391357e-01 -2.416666410863399506e-02
-2.835094630718231201e-01 3.810414075851440430e-01
-6.823685020208358765e-02 9.606567025184631348e-02
3.156274855136871338e-01 -3.716229200363159180e-01
4.748979583382606506e-02 -3.408541083335876465e-01
2.885617315769195557e-01 -2.229936271905899048e-01
-1.037727519869804382e-01 1.899498403072357178e-01
2.440549284219741821e-01 -1.741994917392730713e-01
-5.548238754272460938e-01 3.924676775932312012e-01
9.574288874864578247e-02 -1.716708391904830933e-01
-1.221875846385955811e-01 1.118765249848365784e-01
3.576444387435913086e-01 -3.516314029693603516e-01
-2.556366324424743652e-01 2.804311513900756836e-01
3.240825831890106201e-01 -2.542725503444671631e-01
6.660605669021606445e-01 -6.938625574111938477e-01
2.598760277032852173e-02 -3.636492416262626648e-02
-4.078023433685302734e-01 4.715822637081146240e-01
-7.161962240934371948e-02 5.159702524542808533e-02
-9.099883586168289185e-02 8.396624773740768433e-02
-1.391882598400115967e-01 1.221737787127494812e-01
-5.194587707519531250e-01 5.808605551719665527e-01
2.136487513780593872e-01 -4.048582613468170166e-01
-2.176857739686965942e-01 1.575354486703872681e-01
-6.322735548019409180e-01 6.175113320350646973e-01
-1.816226392984390259e-01 2.157866768538951874e-02
5.262516140937805176e-01 -5.401443839073181152e-01
-5.624341964721679688e-01 5.390236973762512207e-01
-4.507808089256286621e-01 6.212613582611083984e-01
9.508140385150909424e-02 -2.958503365516662598e-02
1.866173446178436279e-01 -9.554155915975570679e-02
1.710764020681381226e-01 -2.677423059940338135e-01
-1.612100005149841309e-01 1.453946828842163086e-01
7.528167963027954102e-02 9.018118679523468018e-02
-4.211860895156860352e-01 2.111144065856933594e-01
2.459975183010101318e-01 -1.502797603607177734e-01
-4.754497706890106201e-01 4.423247277736663818e-01
1.529599428176879883e-01 -6.822974234819412231e-02
-4.157423675060272217e-01 3.951007723808288574e-01
2.818275690078735352e-01 -1.504470705986022949e-01
1.334491372108459473e-01 -9.231976419687271118e-02
4.006115496158599854e-01 -4.765898287296295166e-01
-1.894026398658752441e-01 2.561193406581878662e-01
-2.597245387732982635e-02 -1.534167230129241943e-01
4.528308510780334473e-01 -4.368593692779541016e-01
4.161695837974548340e-01 -3.610864579677581787e-01
-4.145694077014923096e-01 3.582856357097625732e-01
5.248360037803649902e-01 -4.131385684013366699e-01
-4.770053625106811523e-01 3.507136106491088867e-01
-3.140134811401367188e-01 3.729360699653625488e-01
5.885945558547973633e-01 -4.430271983146667480e-01
2.038104832172393799e-01 -1.863793581724166870e-01
-5.775046348571777344e-01 7.420271039009094238e-01
-2.109123766422271729e-01 1.661582291126251221e-01
3.104043006896972656e-01 -3.280565142631530762e-01
4.044629931449890137e-01 -4.405007660388946533e-01
-6.647583246231079102e-01 7.879863977432250977e-01
-8.858578652143478394e-02 -2.767687477171421051e-02
2.244759052991867065e-01 -1.818503141403198242e-01
-7.075275182723999023e-01 6.335750818252563477e-01
1.341160386800765991e-01 -5.429945420473814011e-03
1.722464561462402344e-01 -9.389548003673553467e-02
-1.447525173425674438e-01 1.200606450438499451e-01
2.619835734367370605e-01 -2.387856543064117432e-01
1.623398810625076294e-01 -3.078323602676391602e-01
-3.256795108318328857e-01 1.923280358314514160e-01
-9.332090616226196289e-03 1.100368872284889221e-01
9.151822328567504883e-02 -1.858069002628326416e-01
1.324558556079864502e-01 3.226938843727111816e-02
-3.346511423587799072e-01 4.751837253570556641e-01
7.228308916091918945e-02 -1.106366962194442749e-01
-5.945072174072265625e-01 5.988045334815979004e-01
1.889583915472030640e-01 -2.255321294069290161e-02
2.036947160959243774e-01 -2.607389092445373535e-01
-4.756681323051452637e-01 4.968418776988983154e-01
1.439348012208938599e-01 -2.003489807248115540e-02
2.902925312519073486e-01 -2.415342330932617188e-01
2.700846493244171143e-01 -1.279166936874389648e-01
-1.780187040567398071e-01 2.820358276367187500e-01
-3.400487303733825684e-01 1.740591973066329956e-01
-1.260423809289932251e-01 1.630525439977645874e-01
5.641494691371917725e-02 1.439109444618225098e-01
-2.822838127613067627e-01 2.179016768932342529e-01
-2.504639700055122375e-02 7.970944046974182129e-03
4.902191758155822754e-01 -6.371049284934997559e-01
1.849037036299705505e-02 -1.098206341266632080e-01
3.444423377513885498e-01 -3.623253405094146729e-01
-1.628264039754867554e-01 2.831023931503295898e-01
-2.078239023685455322e-01 1.545142829418182373e-01
1.281838864088058472e-01 -2.835505828261375427e-02
1.693489216268062592e-02 8.614487946033477783e-02
-8.241712301969528198e-02 1.719656586647033691e-01
1.337881386280059814e-01 -1.283070892095565796e-01
8.533520996570587158e-02 -2.664178013801574707e-01
1.746405661106109619e-01 -9.583809971809387207e-02
-1.296156793832778931e-01 -7.146280258893966675e-02
4.529835879802703857e-01 -5.188446044921875000e-01
1.702592819929122925e-01 -3.460778668522834778e-02
-2.290163636207580566e-01 1.973949372768402100e-01
3.819575905799865723e-02 -2.361972481012344360e-01
-3.178169131278991699e-01 5.003364086151123047e-01
-1.702315062284469604e-01 3.483350276947021484e-01
4.013372659683227539e-01 -2.821727991104125977e-01
2.053847163915634155e-01 -1.401166766881942749e-01
-4.271291568875312805e-02 -1.281855702400207520e-01
6.308764219284057617e-01 -3.654257357120513916e-01
2.515008151531219482e-01 -3.272908031940460205e-01
-3.645717352628707886e-02 1.572352796792984009e-01
1.322117447853088379e-01 -1.709996163845062256e-01
2.610335052013397217e-01 -3.793096542358398438e-01
3.814125433564186096e-02 -1.149286180734634399e-01
4.684644564986228943e-02 -2.806003578007221222e-02
-2.765446305274963379e-01 5.846704542636871338e-02
1.134530976414680481e-01 -5.997760221362113953e-03
3.525673449039459229e-01 -2.327058017253875732e-01
4.055497050285339355e-01 -2.827621102333068848e-01
-4.822472482919692993e-02 1.164748053997755051e-02
2.275409102439880371e-01 -1.775743961334228516e-01
-1.192440688610076904e-01 -7.722108066082000732e-02
-3.536233007907867432e-01 1.414920687675476074e-01
1.000567302107810974e-01 -6.563702970743179321e-02
1.157882213592529297e-01 -4.804715886712074280e-02
1.631924957036972046e-01 -2.797802984714508057e-01
-3.357371687889099121e-01 1.249796003103256226e-01
-3.306476473808288574e-01 3.686192929744720459e-01
1.831507682800292969e-01 -2.368844300508499146e-01
