3.188164830207824707e-01 -1.340330243110656738e-01
-4.272850453853607178e-01 4.980338215827941895e-01
1.761953234672546387e-01 -5.531358346343040466e-02
3.230226933956146240e-01 -3.889576196670532227e-01
3.833065554499626160e-02 -1.657118052244186401e-01
2.490705400705337524e-01 -1.787078827619552612e-01
2.995138466358184814e-01 -2.613158822059631348e-01
1.176798045635223389e-01 -3.042442500591278076e-01
-1.192227900028228760e-01 1.349126696586608887e-01
-1.488479524850845337e-01 1.480114758014678955e-01
1.833415180444717407e-01 -2.903181016445159912e-01
1.286094486713409424e-01 -2.545954659581184387e-02
-8.400917053222656250e-02 7.528889179229736328e-02
-1.364255100488662720e-01 6.400011479854583740e-02
-3.424711823463439941e-01 5.260786414146423340e-01
-3.552692234516143799e-01 3.708714246749877930e-01
4.418900609016418457e-01 -3.436362147331237793e-01
-1.771951615810394287e-01 2.745117060840129852e-02
-3.734822571277618408e-01 4.635759890079498291e-01
-3.428109455853700638e-03 -6.839336454868316650e-02
1.951507851481437683e-02 7.394176721572875977e-02
2.984589431434869766e-03 -8.453382551670074463e-02
7.957790046930313110e-03 1.028393432497978210e-01
3.345839977264404297e-01 -5.145816802978515625e-01
1.057187840342521667e-01 -1.188866142183542252e-02
-3.873359858989715576e-01 5.513241887092590332e-01
-4.859579205513000488e-01 4.225178360939025879e-01
3.958782255649566650e-01 -3.160565495491027832e-01
9.866758249700069427e-03 1.076150238513946533e-01
1.117401644587516785e-01 -2.251590602099895477e-02
-1.413190662860870361e-01 3.893727436661720276e-02
1.128963753581047058e-01 -7.599248085170984268e-03
-1.396316587924957275e-01 2.391573600471019745e-02
-4.058795273303985596e-01 2.748800516128540039e-01
-2.781027257442474365e-01 8.754617720842361450e-02
2.698146700859069824e-01 -2.888915240764617920e-01
5.531817302107810974e-02 -1.866832002997398376e-02
-4.275847971439361572e-02 3.419396281242370605e-02
-4.555552899837493896e-01 3.405924737453460693e-01
2.335912436246871948e-01 -9.712842851877212524e-02
-4.802767038345336914e-01 4.662190377712249756e-01
-1.303604990243911743e-01 -1.389506310224533081e-01
1.118788644671440125e-01 4.011594876646995544e-02
-5.784434080123901367e-02 -1.507121920585632324e-01
2.783868014812469482e-01 -2.872786223888397217e-01
-1.518258154392242432e-01 8.474457263946533203e-02
1.906890273094177246e-01 -2.235569059848785400e-01
9.263356775045394897e-02 -9.701527655124664307e-02
1.323239207267761230e-01 -1.874087005853652954e-01
1.728789955377578735e-01 -1.434000432491302490e-01
-2.744967490434646606e-02 1.151630887761712074e-03
-4.016042053699493408e-01 3.343260884284973145e-01
2.013375461101531982e-01 -1.720829159021377563e-01
-2.494554668664932251e-01 1.507496833801269531e-01
-7.372630387544631958e-02 1.161329075694084167e-01
1.442599445581436157e-01 -1.797590851783752441e-01
-1.266045719385147095e-01 -5.377901718020439148e-02
-3.533801734447479248e-01 1.194005161523818970e-01
-1.727625280618667603e-01 2.764959447085857391e-02
-1.450484395027160645e-01 6.964667141437530518e-02
-1.169251799583435059e-01 2.815535664558410645e-02
3.637746572494506836e-01 -2.633370459079742432e-01
-4.645864069461822510e-01 4.725839793682098389e-01
-1.744638942182064056e-02 -1.095263957977294922e-01
3.533470332622528076e-01 -3.531894385814666748e-01
-3.165485262870788574e-01 3.264684975147247314e-01
3.850125968456268311e-01 -4.434105157852172852e-01
2.331501692533493042e-01 -6.640934199094772339e-02
3.373208642005920410e-01 -3.638244569301605225e-01
5.059356689453125000e-01 -4.565777182579040527e-01
2.440628707408905029e-01 -2.215181738138198853e-01
3.491736948490142822e-01 -2.639881670475006104e-01
-6.053226068615913391e-02 1.684472858905792236e-01
-3.416164815425872803e-01 3.295564055442810059e-01
1.151317879557609558e-01 -1.718733012676239014e-01
1.716875135898590088e-01 -9.170395135879516602e-02
2.537579536437988281e-01 -4.246596097946166992e-01
-2.672544717788696289e-01 8.675149083137512207e-02
-4.242256656289100647e-02 1.263503879308700562e-01
-5.645895004272460938e-01 4.582707583904266357e-01
-1.918440014123916626e-01 1.805342882871627808e-01
1.883977949619293213e-01 -1.032440736889839172e-01
-2.272754311561584473e-01 -6.312376260757446289e-02
4.008152782917022705e-01 -3.660499453544616699e-01
2.121612876653671265e-01 -2.003456503152847290e-01
1.631919294595718384e-01 -1.392558813095092773e-01
1.974256932735443115e-01 -2.606102824211120605e-01
4.759367704391479492e-01 -2.808181047439575195e-01
-2.241369336843490601e-01 1.202639341354370117e-01
3.436548113822937012e-01 -4.616600871086120605e-01
3.291264548897743225e-02 -1.335844993591308594e-01
3.644178509712219238e-01 -4.720744788646697998e-01
1.641552895307540894e-01 2.040564268827438354e-02
3.422944247722625732e-01 -3.286924064159393311e-01
-7.860114425420761108e-02 -3.956484049558639526e-02
-2.023650109767913818e-01 1.009923294186592102e-01
5.242788791656494141e-01 -5.688260197639465332e-01
-3.149681687355041504e-01 3.958447873592376709e-01
-2.886326611042022705e-01 4.023025631904602051e-01
3.668843507766723633e-01 -2.586648166179656982e-01
2.371125817298889160e-01 -2.146982848644256592e-01
1.633353084325790405e-01 -2.375161945819854736e-01
-1.957828253507614136e-01 1.164651513099670410e-01
2.310431450605392456e-01 -3.247513771057128906e-01
-2.777273952960968018e-01 2.509682178497314453e-01
-2.672520875930786133e-01 1.372650265693664551e-01
-3.465542495250701904e-01 3.006958961486816406e-01
4.328336566686630249e-03 1.401230394840240479e-01
-2.751432359218597412e-01 3.175714015960693359e-01
-1.435799896717071533e-01 2.141536772251129150e-01
-4.021325111389160156e-01 3.505324125289916992e-01
-4.735911190509796143e-01 5.061649084091186523e-01
4.203256666660308838e-01 -4.317273795604705811e-01
3.986434042453765869e-01 -4.459708631038665771e-01
1.489632576704025269e-01 2.690541371703147888e-02
-1.817767322063446045e-01 8.271093666553497314e-02
4.502124190330505371e-01 -3.843284249305725098e-01
-1.764404177665710449e-01 -4.053824767470359802e-02
2.196848839521408081e-01 -3.113541007041931152e-01
5.775753259658813477e-01 -4.820468425750732422e-01
3.424156606197357178e-01 -1.196542680263519287e-01
-3.906245529651641846e-02 4.463177174329757690e-02
6.293486058712005615e-02 -1.706003770232200623e-02
-1.535429656505584717e-01 2.482819855213165283e-01
-1.852861791849136353e-01 2.674454450607299805e-01
3.680344521999359131e-01 -3.708314597606658936e-01
-1.564121395349502563e-01 1.635431051254272461e-01
-4.276073276996612549e-01 4.492102563381195068e-01
1.783518493175506592e-01 -7.791165262460708618e-02
-2.714108824729919434e-01 1.840392649173736572e-01
-2.323279231786727905e-01 3.114187419414520264e-01
2.704958021640777588e-01 -2.522070407867431641e-01
-2.547554969787597656e-01 1.885955631732940674e-01
-1.527483575046062469e-02 2.040632814168930054e-01
2.449551522731781006e-01 -1.144439280033111572e-01
1.803118735551834106e-01 -2.412779033184051514e-01
1.320411171764135361e-02 -5.137106403708457947e-02
-2.349531054496765137e-01 1.662681400775909424e-01
8.459214866161346436e-02 -3.408812880516052246e-01
-1.903561949729919434e-01 3.981739878654479980e-01
2.965231537818908691e-01 -2.429792732000350952e-01
-3.502710759639739990e-01 2.475308179855346680e-01
3.051075339317321777e-01 -9.595100581645965576e-02
-4.544145241379737854e-02 3.070643246173858643e-01
-4.052638709545135498e-01 5.051075220108032227e-01
5.045051574707031250e-01 -2.966752648353576660e-01
-3.809087574481964111e-01 4.519244730472564697e-01
1.928395777940750122e-01 -1.405388116836547852e-01
-1.101353690028190613e-01 1.671636402606964111e-01
8.485695719718933105e-02 3.396065905690193176e-02
4.042451083660125732e-01 -4.968568086624145508e-01
1.767268925905227661e-01 -3.084632158279418945e-01
-3.158117532730102539e-01 2.951917648315429688e-01
2.500802278518676758e-02 -2.927016615867614746e-01
-4.099394679069519043e-01 3.520273566246032715e-01
5.026044845581054688e-01 -4.506322145462036133e-01
-4.886794835329055786e-02 5.631494149565696716e-02
7.947133481502532959e-02 -2.100513130426406860e-01
2.716408371925354004e-01 -1.871292293071746826e-01
-2.814837098121643066e-01 2.483737319707870483e-01
-1.391479074954986572e-01 4.503645598888397217e-01
-3.348572254180908203e-01 1.604268252849578857e-01
-1.090401262044906616e-01 6.742092221975326538e-02
1.288245171308517456e-01 -2.759248316287994385e-01
-3.103333413600921631e-01 2.090234160423278809e-01
5.656275749206542969e-01 -5.185975432395935059e-01
-2.204885631799697876e-01 1.253661066293716431e-01
1.898437738418579102e-01 -7.678999751806259155e-02
-2.138960212469100952e-01 3.823695480823516846e-01
2.718316018581390381e-01 -2.284314930438995361e-01
-4.256692826747894287e-01 3.770281374454498291e-01
-4.177259206771850586e-01 4.285960495471954346e-01
1.717639714479446411e-01 -1.210651770234107971e-01
6.863217800855636597e-02 1.193593442440032959e-01
-1.851308494806289673e-01 -3.264104947447776794e-02
3.993174433708190918e-01 -5.239347219467163086e-01
2.444894313812255859e-01 -2.249153256416320801e-01
8.276563882827758789e-02 1.064681187272071838e-01
1.171518415212631226e-01 -1.710334122180938721e-01
2.405418753623962402e-01 -2.355421185493469238e-01
3.019927144050598145e-01 -2.442225664854049683e-01
1.960679143667221069e-01 -7.472880184650421143e-02
-1.015782430768013000e-01 1.402305066585540771e-01
1.401089429855346680e-01 3.357444657012820244e-03
-2.145803868770599365e-01 2.563569247722625732e-01
-2.143767178058624268e-01 3.190852999687194824e-01
1.479613315314054489e-02 -1.074410378932952881e-01
2.187633141875267029e-02 9.719007462263107300e-02
9.134236723184585571e-03 -1.296069025993347168e-01
6.260371953248977661e-02 -2.024857103824615479e-01
-3.176473975181579590e-01 2.409534603357315063e-01
-1.717336475849151611e-02 8.670139312744140625e-02
1.786034554243087769e-01 -5.374695733189582825e-02
-2.098900973796844482e-01 1.142784655094146729e-01
-4.218948259949684143e-02 7.094093598425388336e-04
-1.429023742675781250e-01 -2.608572132885456085e-02
2.190728485584259033e-01 -8.181794732809066772e-02
8.066609501838684082e-02 -2.453566789627075195e-01
-1.192771941423416138e-01 9.460385143756866455e-02
2.046124339103698730e-01 -9.649524837732315063e-02
-9.397903084754943848e-02 2.067389339208602905e-01
1.018779948353767395e-01 -2.384023740887641907e-02
1.206607818603515625e-01 -1.261223554611206055e-01
1.999185234308242798e-01 1.012405660003423691e-02
3.833592832088470459e-01 -2.785297930240631104e-01
-3.541685640811920166e-02 -4.302262514829635620e-02
-3.682893216609954834e-01 2.825870215892791748e-01
2.471676170825958252e-01 1.095333322882652283e-02
3.314910829067230225e-01 -1.416509598493576050e-01
1.839385330677032471e-01 -3.872510511428117752e-03
1.567084938287734985e-01 -1.430514454841613770e-01
7.653278857469558716e-02 -2.615893781185150146e-01
-3.904230147600173950e-02 1.407563239336013794e-01
-1.108506992459297180e-01 -5.611268803477287292e-02
2.467502653598785400e-01 -3.405500352382659912e-01
1.749860644340515137e-01 -6.309925019741058350e-02
1.636915951967239380e-01 -2.284229397773742676e-01
-1.609241515398025513e-01 7.155089080333709717e-02
-1.154374331235885620e-01 2.178959995508193970e-01
-3.177515044808387756e-02 -1.836761832237243652e-01
-1.832218617200851440e-01 4.709130153059959412e-03
-2.807184457778930664e-01 2.458721697330474854e-01
-2.905402705073356628e-02 1.523241847753524780e-01
8.226988464593887329e-02 -3.590980917215347290e-02
2.703060805797576904e-01 -3.131777942180633545e-01
-1.618895530700683594e-01 7.328848540782928467e-02
1.607792526483535767e-01 7.632156461477279663e-02
-7.446059584617614746e-02 1.940777599811553955e-01
-1.293186843395233154e-01 -6.438776385039091110e-03
4.362169653177261353e-02 -1.849964028224349022e-04
3.302156925201416016e-02 4.665125533938407898e-02
1.068115532398223877e-01 -2.901786565780639648e-01
-3.438776433467864990e-01 2.521904110908508301e-01
2.151809334754943848e-01 -2.807911634445190430e-01
-1.530609130859375000e-01 -3.587645711377263069e-03
1.936008967459201813e-02 1.305969655513763428e-01
1.398584842681884766e-01 -2.138508856296539307e-01
-1.964455544948577881e-01 1.681301593780517578e-01
3.876736387610435486e-02 -8.795537799596786499e-02
-6.914008408784866333e-02 8.974079787731170654e-02
1.842521429061889648e-01 -1.217388287186622620e-01
-1.357089728116989136e-02 -1.902099847793579102e-01
8.125235140323638916e-02 -8.626841753721237183e-02
1.091785281896591187e-01 -1.257937215268611908e-02
-1.218309719115495682e-02 1.356065571308135986e-01
2.747913822531700134e-03 2.378345876932144165e-01
2.380212210118770599e-02 -1.569633036851882935e-01
2.926046848297119141e-01 -3.104573786258697510e-01
-4.209472611546516418e-02 2.330130189657211304e-01
-4.531252384185791016e-02 1.860613562166690826e-02
-7.625056058168411255e-02 1.770184934139251709e-01
-2.068703621625900269e-01 1.859973371028900146e-01
-8.841176331043243408e-02 2.058581560850143433e-01
2.315648645162582397e-01 5.697669461369514465e-02
4.477176442742347717e-02 -9.008469432592391968e-02
-2.227901816368103027e-01 2.121277153491973877e-01
