-1.184172183275222778e-01 1.945991516113281250e-01
-2.595385313034057617e-01 3.361211121082305908e-01
6.421688944101333618e-02 1.023138035088777542e-02
-2.336596399545669556e-01 2.009939402341842651e-01
9.458217024803161621e-02 1.570400968194007874e-02
2.969921939074993134e-02 2.633596304804086685e-04
1.268558651208877563e-01 -2.508815843611955643e-03
2.027693986892700195e-01 -1.303709298372268677e-01
2.604872360825538635e-02 4.024881497025489807e-02
3.594158589839935303e-02 2.143009454011917114e-01
2.751437127590179443e-01 -2.072770744562149048e-01
-3.101550936698913574e-01 2.750760018825531006e-01
2.667573392391204834e-01 -2.709460854530334473e-01
1.059491187334060669e-02 5.807135999202728271e-02
3.568184077739715576e-01 -1.374025493860244751e-01
-2.756906747817993164e-01 3.675692379474639893e-01
-2.356033176183700562e-01 3.207244873046875000e-01
4.912958946079015732e-03 -7.969269901514053345e-02
2.338225394487380981e-01 -3.882941901683807373e-01
-1.666248589754104614e-01 2.513369023799896240e-01
-2.218378521502017975e-02 -2.048196829855442047e-02
-5.564104020595550537e-02 1.587079465389251709e-01
3.029249981045722961e-02 3.003714978694915771e-01
-1.786151677370071411e-01 2.293589115142822266e-01
-2.870140373706817627e-01 2.567218840122222900e-01
-6.935655325651168823e-02 1.771351695060729980e-01
-2.539744675159454346e-01 7.935146987438201904e-02
-1.090044826269149780e-01 5.846323911100625992e-03
1.737245768308639526e-01 -2.276571393013000488e-01
-1.694960445165634155e-01 1.244870722293853760e-01
3.781035542488098145e-02 2.453410178422927856e-01
-1.745939552783966064e-01 2.481197565793991089e-01
1.495081782341003418e-01 -9.496130049228668213e-02
-3.378250300884246826e-01 4.758010506629943848e-01
2.404304593801498413e-01 -2.553105056285858154e-01
5.052725784480571747e-03 8.970247954130172729e-02
1.686365306377410889e-01 -9.817903488874435425e-02
-1.017740815877914429e-01 1.242768168449401855e-01
8.643881231546401978e-02 -6.340385973453521729e-02
1.587172150611877441e-01 -3.044117391109466553e-01
1.332519799470901489e-01 -4.525443166494369507e-02
8.024280518293380737e-02 1.472285389900207520e-02
-1.369967311620712280e-01 6.289398670196533203e-02
2.349316030740737915e-01 -1.584402322769165039e-01
5.078388378024101257e-03 1.666183173656463623e-01
-6.347875297069549561e-02 1.634427607059478760e-01
-1.457358151674270630e-01 2.673570215702056885e-01
2.946144640445709229e-01 -2.265996932983398438e-01
6.592844426631927490e-02 -3.914016112685203552e-02
2.866973876953125000e-01 -2.575685977935791016e-01
1.377927958965301514e-01 -1.450262665748596191e-01
1.348472535610198975e-01 -1.153773292899131775e-01
9.534426033496856689e-02 -3.615738824009895325e-02
-2.238278388977050781e-01 1.727002710103988647e-01
3.061578869819641113e-01 -1.299689412117004395e-01
3.480258211493492126e-02 2.666744962334632874e-02
2.030656635761260986e-01 -3.870425224304199219e-01
-1.458750814199447632e-01 3.046323359012603760e-01
-1.943689584732055664e-01 2.323328852653503418e-01
1.143662035465240479e-01 -2.091267853975296021e-01
9.998685866594314575e-02 -7.221904397010803223e-02
1.878465861082077026e-01 7.164083421230316162e-02
-1.155748739838600159e-01 2.538105659186840057e-02
5.432914942502975464e-02 -2.957220971584320068e-01
2.859759926795959473e-01 -7.285653054714202881e-02
-2.555092275142669678e-01 2.707845270633697510e-01
-3.403283059597015381e-01 1.484583616256713867e-01
-2.018702775239944458e-01 4.575567543506622314e-01
3.972396254539489746e-01 -2.446279823780059814e-01
9.656650573015213013e-02 2.009450457990169525e-02
1.025142744183540344e-01 -2.070632427930831909e-01
-3.986746370792388916e-01 3.242319822311401367e-01
-3.392352759838104248e-01 3.879112005233764648e-01
2.043151408433914185e-01 -3.359946310520172119e-01
8.605047315359115601e-02 5.820734426379203796e-02
-2.930189967155456543e-01 4.378897845745086670e-01
3.888152539730072021e-01 -1.601631790399551392e-01
-1.496385186910629272e-01 3.210518658161163330e-01
-2.045792937278747559e-01 2.652755975723266602e-01
-2.398541718721389771e-01 2.108897268772125244e-01
-3.600471615791320801e-01 4.255659878253936768e-01
4.277771711349487305e-01 -3.284272253513336182e-01
-7.535551488399505615e-02 -2.415248937904834747e-02
-4.200600087642669678e-01 3.520997762680053711e-01
-4.537357091903686523e-01 4.549952745437622070e-01
-3.427841365337371826e-01 1.869387328624725342e-01
7.603564858436584473e-02 7.584978640079498291e-02
-1.534720510244369507e-01 4.190402030944824219e-01
-3.907847106456756592e-01 2.581276893615722656e-01
-2.077167183160781860e-01 1.554715633392333984e-01
-3.211382031440734863e-01 4.747132360935211182e-01
-2.928754985332489014e-01 2.716737389564514160e-01
2.182017415761947632e-01 -2.927300631999969482e-01
-2.859586477279663086e-01 2.989018261432647705e-01
-3.518959879875183105e-01 3.014976680278778076e-01
-2.871309816837310791e-01 1.893595457077026367e-01
1.780298501253128052e-01 -2.362016290426254272e-01
-4.575519859790802002e-01 4.018998742103576660e-01
2.297765165567398071e-01 -4.285967946052551270e-01
-3.204352557659149170e-01 2.696276307106018066e-01
-4.105477929115295410e-01 4.011769890785217285e-01
3.292036056518554688e-01 -2.643052339553833008e-01
-1.384450942277908325e-01 1.279282122850418091e-01
1.201098561286926270e-01 -1.389209628105163574e-01
1.670534014701843262e-01 -1.217841133475303650e-01
1.933622509241104126e-01 -4.278915226459503174e-01
2.513268291950225830e-01 -1.141874566674232483e-01
3.219292461872100830e-01 -4.965000152587890625e-01
-8.275333791971206665e-02 1.285983473062515259e-01
-1.320034563541412354e-01 2.614215016365051270e-01
-6.093417108058929443e-02 -3.297976218163967133e-03
2.511163651943206787e-01 -1.772688627243041992e-01
-1.742420494556427002e-01 2.842396795749664307e-01
3.692560791969299316e-01 -4.636449515819549561e-01
1.632636934518814087e-01 -5.904432386159896851e-02
1.807757467031478882e-01 -9.267980605363845825e-02
3.559484183788299561e-01 -1.920818537473678589e-01
-1.480251550674438477e-01 1.098733544349670410e-01
1.014280393719673157e-01 -4.519823491573333740e-01
-2.146854102611541748e-01 2.519110143184661865e-01
2.048275470733642578e-01 -3.349125385284423828e-01
8.152404427528381348e-02 -1.536464393138885498e-01
-1.198814734816551208e-01 1.288905292749404907e-01
5.026396363973617554e-02 -8.236639946699142456e-02
2.363155484199523926e-01 -3.160950839519500732e-01
-3.008139133453369141e-01 1.660787016153335571e-01
-1.414577364921569824e-01 1.153647005558013916e-01
2.798951268196105957e-01 -3.216435015201568604e-01
1.582258194684982300e-01 -8.846946805715560913e-02
-1.082865521311759949e-01 1.821010261774063110e-01
6.310106720775365829e-03 -1.452534198760986328e-01
1.018010601401329041e-01 -4.542468488216400146e-02
-4.730830788612365723e-01 1.842821240425109863e-01
-1.044047102332115173e-01 2.414305061101913452e-01
3.123959302902221680e-01 -2.892433106899261475e-01
-3.329944312572479248e-01 1.080654636025428772e-01
2.557812631130218506e-01 -7.662396132946014404e-02
-6.580550968647003174e-02 1.061599776148796082e-01
2.609060108661651611e-01 -9.841130673885345459e-02
-2.179183810949325562e-01 3.877011314034461975e-02
2.831200957298278809e-01 -2.841269075870513916e-01
-1.377891153097152710e-01 1.558518111705780029e-01
3.507256209850311279e-01 -2.937287688255310059e-01
-1.949722468852996826e-01 2.141522318124771118e-01
-1.463015675544738770e-01 7.386895827949047089e-03
1.637387871742248535e-01 -1.268919557332992554e-01
8.995120972394943237e-02 -5.502095073461532593e-02
1.222987845540046692e-01 3.294349880889058113e-03
5.130686983466148376e-02 -1.277107745409011841e-01
5.120342224836349487e-02 -1.042498499155044556e-01
2.868956923484802246e-01 -2.620213627815246582e-01
-1.746391505002975464e-01 2.756323516368865967e-01
2.796056270599365234e-01 -8.711398392915725708e-02
-1.776840090751647949e-01 2.472790330648422241e-01
1.301820427179336548e-01 1.036892607808113098e-01
-3.173184096813201904e-01 6.923839449882507324e-02
2.381247878074645996e-01 -4.104634821414947510e-01
-2.018468677997589111e-01 1.153854876756668091e-01
-2.356201857328414917e-01 3.307535946369171143e-01
-4.193821847438812256e-01 3.315925002098083496e-01
1.780297160148620605e-01 -1.951676309108734131e-01
-1.371173560619354248e-01 2.004150450229644775e-01
2.694533467292785645e-01 -3.385519385337829590e-01
6.179205328226089478e-02 -7.437849789857864380e-02
-3.100676238536834717e-01 1.272895932197570801e-01
-1.868084445595741272e-02 -2.009823471307754517e-01
-1.556344628334045410e-01 2.280558347702026367e-01
-4.111234098672866821e-02 4.044435452669858932e-03
6.458895653486251831e-02 1.194394975900650024e-01
7.772226631641387939e-02 -8.092875033617019653e-02
8.650136739015579224e-02 -1.037912070751190186e-01
5.209338665008544922e-02 -2.069181054830551147e-01
-3.444820344448089600e-01 4.125545620918273926e-01
6.263173371553421021e-02 8.124429732561111450e-02
-2.116603553295135498e-01 3.174006342887878418e-01
3.559664785861968994e-01 -1.162203103303909302e-01
-1.165242344141006470e-01 -4.959847405552864075e-02
-7.991714030504226685e-02 -1.555539220571517944e-01
-9.040275216102600098e-02 -8.735356479883193970e-02
-3.112061619758605957e-01 2.429114431142807007e-01
-4.858185350894927979e-02 9.370456635951995850e-02
-4.963884055614471436e-01 2.445220798254013062e-01
-1.851733475923538208e-01 3.080862760543823242e-01
1.011052802205085754e-01 -1.054956987500190735e-01
7.723174989223480225e-02 -1.622326672077178955e-01
1.285499334335327148e-01 -2.620086073875427246e-01
-1.483654528856277466e-01 1.010519340634346008e-01
2.726807892322540283e-01 -2.083404734730720520e-02
3.710151314735412598e-01 -3.203682899475097656e-01
-1.059061731211841106e-03 1.176543682813644409e-01
1.131851598620414734e-01 -2.726047337055206299e-01
-3.335655927658081055e-01 2.874461114406585693e-01
-1.414273232221603394e-01 8.667897433042526245e-02
2.578859031200408936e-01 -1.181245967745780945e-01
1.250454336404800415e-01 -3.988917544484138489e-02
-1.728035509586334229e-01 1.408130973577499390e-01
1.265223622322082520e-01 -6.296481192111968994e-02
-1.718413680791854858e-01 2.594658136367797852e-01
-1.658753901720046997e-01 1.358253657817840576e-01
6.200672686100006104e-02 -1.825805986300110817e-03
-2.180791348218917847e-01 1.431142836809158325e-01
-2.834424674510955811e-01 1.057478114962577820e-01
-2.113668248057365417e-02 -1.236388310790061951e-01
-6.082002818584442139e-02 2.015450894832611084e-01
1.572884917259216309e-01 -5.896602198481559753e-02
-9.389399737119674683e-02 9.639756381511688232e-02
2.621276080608367920e-01 -3.236146569252014160e-01
-1.241539046168327332e-01 1.759650856256484985e-01
-1.215581595897674561e-01 1.197185814380645752e-01
1.139264088124036789e-03 1.721831560134887695e-01
-3.543388098478317261e-02 -8.641528338193893433e-02
-1.401235312223434448e-01 8.818984031677246094e-03
-1.888282299041748047e-01 2.459149360656738281e-01
1.320177316665649414e-01 -1.363894939422607422e-01
4.040550813078880310e-02 -1.591497063636779785e-01
-6.425893306732177734e-02 3.479393431916832924e-03
4.272882640361785889e-02 -1.246387064456939697e-01
-5.619845166802406311e-02 2.063792645931243896e-01
1.109663024544715881e-01 2.120790816843509674e-02
2.344845980405807495e-02 2.596701961010694504e-03
-8.964350819587707520e-02 1.322949957102537155e-02
-2.801080644130706787e-01 3.912714421749114990e-01
-3.249631822109222412e-01 2.202709615230560303e-01
-2.020899802446365356e-01 2.097190767526626587e-01
1.182784736156463623e-01 -1.164246723055839539e-01
2.446603327989578247e-01 -8.278989046812057495e-02
1.893462091684341431e-01 -2.971546947956085205e-01
-2.003791928291320801e-01 1.940489262342453003e-01
-2.211247384548187256e-01 2.874440252780914307e-01
-4.323320463299751282e-03 -1.677639037370681763e-01
-1.185979545116424561e-01 -5.277367308735847473e-02
3.741121292114257812e-02 -1.958345472812652588e-01
-6.667654030025005341e-03 -3.306663036346435547e-02
3.494099378585815430e-01 -2.090282291173934937e-01
-2.355915121734142303e-02 -1.504532545804977417e-01
-8.348747342824935913e-02 1.637483686208724976e-01
1.845393516123294830e-02 -1.253004670143127441e-01
-1.260145455598831177e-01 1.317406147718429565e-01
-8.245245367288589478e-02 3.216436877846717834e-02
3.236288428306579590e-01 -2.045948207378387451e-01
1.842534393072128296e-01 -8.831416070461273193e-02
-1.645034365355968475e-02 2.424603328108787537e-02
-1.636963784694671631e-01 4.324731975793838501e-02
3.900053203105926514e-01 -2.988406717777252197e-01
1.581770777702331543e-01 5.716916173696517944e-02
-2.223883867263793945e-01 2.292532324790954590e-01
-1.859435141086578369e-01 2.342392951250076294e-01
-2.212439179420471191e-01 1.368617564439773560e-01
-1.043943092226982117e-01 -6.420671194791793823e-02
2.860973477363586426e-01 -1.460142582654953003e-01
2.088765949010848999e-01 -4.715908691287040710e-02
-4.354788735508918762e-02 -4.191191866993904114e-02
1.757738441228866577e-01 -9.594594687223434448e-02
-4.458359256386756897e-02 7.410601526498794556e-02
-1.035871654748916626e-01 1.116983219981193542e-01
-2.218140661716461182e-01 2.367998510599136353e-01
