-1.746773719787597656e-01 2.005836926400661469e-02
-1.984398663043975830e-01 7.785096019506454468e-02
1.566282361745834351e-01 -3.125653043389320374e-02
1.255658566951751709e-01 1.016113460063934326e-01
-1.029163375496864319e-01 -1.932889819145202637e-01
-1.084970906376838684e-01 7.494805008172988892e-02
-9.560013562440872192e-02 -2.755857259035110474e-02
9.634983539581298828e-02 -7.378339767456054688e-02
4.142555966973304749e-02 4.053900018334388733e-02
-1.522137434221804142e-03 -4.964160174131393433e-02
1.433942914009094238e-01 -1.965270340442657471e-01
1.899983471957966685e-04 3.601059690117835999e-02
-6.741970032453536987e-02 1.455876082181930542e-01
-1.508892625570297241e-01 1.704846918582916260e-01
9.533781558275222778e-03 -2.985634654760360718e-02
4.077838361263275146e-02 -4.292622581124305725e-02
-2.041610777378082275e-01 1.125852093100547791e-01
-6.933533400297164917e-02 1.057699248194694519e-01
7.609721273183822632e-02 -1.892425417900085449e-01
1.827687323093414307e-01 -1.319703161716461182e-01
1.421324610710144043e-01 -1.184538230299949646e-01
8.516427129507064819e-02 -2.846941947937011719e-01
1.458317637443542480e-01 -1.035201400518417358e-01
-4.897751845419406891e-03 1.490752398967742920e-01
-6.330222636461257935e-02 1.633404791355133057e-01
-3.257245523855090141e-03 1.715218424797058105e-01
-2.115437835454940796e-01 1.824819482862949371e-02
-2.192910909652709961e-01 1.315242797136306763e-01
1.448459625244140625e-01 -2.426881939172744751e-01
6.498263031244277954e-02 -1.171736270189285278e-01
-1.832255274057388306e-01 1.737885326147079468e-01
7.734598591923713684e-03 1.895720809698104858e-01
1.906618624925613403e-01 -1.207940652966499329e-01
-2.688199579715728760e-01 3.149168789386749268e-01
9.521269798278808594e-02 -2.164995074272155762e-01
1.406779140233993530e-01 -1.159511953592300415e-01
4.614362865686416626e-02 7.190648466348648071e-02
-2.108918130397796631e-01 7.709564268589019775e-02
3.337448462843894958e-02 -2.764000296592712402e-01
-9.030682593584060669e-02 -1.680158264935016632e-02
9.313781559467315674e-02 -2.091054767370223999e-01
2.766021341085433960e-02 4.322807863354682922e-02
1.596677750349044800e-01 -1.079906746745109558e-01
-1.946309208869934082e-02 -6.801953166723251343e-02
1.250026226043701172e-01 -2.859729826450347900e-01
-2.693165242671966553e-01 1.844479441642761230e-01
1.503461739048361778e-03 -2.659505009651184082e-01
7.648148387670516968e-02 1.489190757274627686e-02
-1.166494786739349365e-01 1.029464155435562134e-01
4.438356682658195496e-02 5.403036624193191528e-02
4.280181974172592163e-02 6.624686717987060547e-02
-1.278878897428512573e-01 4.091841727495193481e-02
6.163054704666137695e-02 4.232123121619224548e-02
7.131687365472316742e-03 -2.365196589380502701e-03
3.282412141561508179e-02 -2.092661708593368530e-01
-1.010926142334938049e-01 4.081480950117111206e-02
-4.575483500957489014e-02 -1.771760582923889160e-01
1.097155809402465820e-01 -1.401057187467813492e-02
-1.175801008939743042e-01 -1.249635871499776840e-02
-5.256665498018264771e-02 -1.690028905868530273e-01
-8.479049056768417358e-02 -1.880417168140411377e-01
-1.644227802753448486e-01 2.160619348287582397e-01
-6.171013042330741882e-02 8.840086311101913452e-02
1.585954576730728149e-01 -1.773319989442825317e-01
-2.182236015796661377e-01 1.657871156930923462e-01
-4.072054103016853333e-02 -2.779270410537719727e-01
1.506839990615844727e-01 -1.332906037569046021e-01
-2.104661315679550171e-01 1.784300804138183594e-01
-9.827234316617250443e-04 -3.307371139526367188e-01
-2.645869851112365723e-01 1.930916756391525269e-01
-2.148707062005996704e-01 7.231190800666809082e-02
-5.390074104070663452e-02 1.191691830754280090e-01
-2.529441118240356445e-01 3.744375109672546387e-01
2.360379546880722046e-01 -2.263626903295516968e-01
-2.629542648792266846e-01 2.005975544452667236e-01
-1.585719138383865356e-01 2.716702520847320557e-01
4.535505548119544983e-02 1.681103110313415527e-01
-1.445443779230117798e-01 -3.686051070690155029e-02
2.336002737283706665e-01 -5.661631003022193909e-02
1.737700700759887695e-01 -1.444722563028335571e-01
4.493711143732070923e-02 -9.853867441415786743e-02
-1.620495617389678955e-01 1.462348550558090210e-01
3.054660856723785400e-01 -1.795245856046676636e-01
-7.425228506326675415e-02 1.116325333714485168e-01
-1.594095081090927124e-01 1.761970669031143188e-01
3.250164091587066650e-01 -7.637806981801986694e-02
-1.097874417901039124e-01 1.195582449436187744e-01
-1.857240945100784302e-01 3.219910860061645508e-01
-1.522866934537887573e-01 1.440669447183609009e-01
-8.144794404506683350e-02 2.394774109125137329e-01
-1.873371303081512451e-01 1.157758459448814392e-01
-1.064590439200401306e-01 1.147423461079597473e-01
-1.182766165584325790e-03 9.649258106946945190e-02
-3.335558176040649414e-01 1.858069896697998047e-01
-2.781292200088500977e-01 1.011458113789558411e-01
-3.581400588154792786e-02 -6.242427974939346313e-02
8.537680655717849731e-02 8.881830144673585892e-04
-3.019646108150482178e-01 2.298562079668045044e-01
2.318984717130661011e-01 -1.035130843520164490e-01
8.023728430271148682e-02 -2.307606339454650879e-01
-2.033737599849700928e-01 1.998023390769958496e-01
-8.315048366785049438e-02 -4.194884002208709717e-02
2.626367844641208649e-02 -1.958644837141036987e-01
-2.012274563312530518e-01 2.924954891204833984e-01
-9.072609990835189819e-02 5.250356718897819519e-02
-1.032443791627883911e-01 1.276080161333084106e-01
7.420206815004348755e-02 -4.316040873527526855e-02
2.478640973567962646e-01 -1.183736622333526611e-01
1.752534657716751099e-01 -1.666513383388519287e-01
-1.167948544025421143e-01 1.798046976327896118e-01
1.315220147371292114e-01 -1.172769069671630859e-01
-1.905664652585983276e-01 3.242821097373962402e-01
-8.461249619722366333e-02 1.749371290206909180e-01
-1.804193258285522461e-01 3.278420865535736084e-01
-5.596970021724700928e-02 2.898651361465454102e-02
-9.555397555232048035e-03 1.430156081914901733e-01
-3.057394921779632568e-02 3.649689629673957825e-02
2.561152726411819458e-02 -8.113409578800201416e-02
-7.602610439062118530e-02 1.650281846523284912e-01
1.710973829030990601e-01 -2.884688675403594971e-01
9.970425814390182495e-02 -2.742502689361572266e-01
1.169113963842391968e-01 3.687637299299240112e-02
-2.291842401027679443e-01 3.056886233389377594e-02
-3.062702156603336334e-02 8.489218354225158691e-02
-1.928061693906784058e-01 2.623110115528106689e-01
-2.247573286294937134e-01 3.013926744461059570e-01
-2.548007667064666748e-01 1.891904510557651520e-02
-4.637159407138824463e-02 7.733441144227981567e-02
1.659345440566539764e-02 -1.925493939779698849e-03
-8.396303653717041016e-02 1.464841514825820923e-01
1.448939591646194458e-01 -2.664616703987121582e-01
2.534722387790679932e-01 -1.586132496595382690e-01
-3.554706647992134094e-02 1.129512339830398560e-01
-2.676122784614562988e-01 2.441160231828689575e-01
3.925314545631408691e-02 4.407716542482376099e-02
1.691251099109649658e-01 -1.762580499053001404e-02
9.179314970970153809e-02 -1.614251732826232910e-01
-6.089312210679054260e-02 1.693361699581146240e-01
-8.237002044916152954e-02 -1.248160749673843384e-01
-3.339068591594696045e-02 3.543062880635261536e-02
3.052926249802112579e-02 -4.398870840668678284e-02
-2.958978712558746338e-01 -4.594564437866210938e-03
1.301378160715103149e-01 -4.790946375578641891e-03
2.150718122720718384e-01 -7.615162059664726257e-03
7.732403278350830078e-02 -9.059235453605651855e-03
1.457712203264236450e-01 -1.175147891044616699e-01
3.502345085144042969e-02 -2.536119520664215088e-02
1.801645308732986450e-01 -5.161630362272262573e-02
9.944764524698257446e-02 -4.528488498181104660e-03
-1.219833418726921082e-01 8.303431421518325806e-02
8.381728827953338623e-02 -1.590079963207244873e-01
-9.938195347785949707e-02 1.781756132841110229e-01
-2.114079147577285767e-01 2.368929535150527954e-01
-1.362466216087341309e-01 -7.031366112641990185e-04
8.260470628738403320e-02 3.521626815199851990e-02
-2.680213935673236847e-02 2.654504179954528809e-01
1.926739327609539032e-02 -1.234518140554428101e-01
3.158810734748840332e-01 -2.339176982641220093e-01
-1.669483780860900879e-01 3.162412047386169434e-01
-6.403096765279769897e-02 6.112920120358467102e-02
2.263402193784713745e-01 -3.096176385879516602e-01
7.425921410322189331e-02 2.910463325679302216e-02
-3.469507992267608643e-01 1.047783568501472473e-01
2.074803560972213745e-01 -1.449153721332550049e-01
3.108317265287041664e-03 5.786470696330070496e-02
-1.662972122430801392e-01 1.169437989592552185e-01
-1.392848044633865356e-01 -5.197339504957199097e-02
-8.094794116914272308e-03 -2.026802152395248413e-01
-1.678710989654064178e-02 -6.362645328044891357e-02
-3.250626474618911743e-02 7.477570325136184692e-02
-6.908040493726730347e-02 -2.303888089954853058e-02
3.356671035289764404e-01 -5.755329877138137817e-02
-5.661665275692939758e-02 9.879396110773086548e-02
-9.769425727427005768e-03 2.162954024970531464e-02
-1.026325076818466187e-01 1.143816560506820679e-01
-1.252556294202804565e-01 1.721365153789520264e-01
2.340999059379100800e-02 9.025244414806365967e-02
7.905514538288116455e-02 -6.387671828269958496e-02
-1.904075890779495239e-01 2.274992018938064575e-01
-7.384771853685379028e-02 2.023245394229888916e-01
8.933702111244201660e-02 -2.899665199220180511e-02
8.073767274618148804e-02 -4.699008539319038391e-02
9.617270901799201965e-03 -3.118207678198814392e-02
-1.128472462296485901e-01 -1.220212578773498535e-01
5.009892582893371582e-02 -4.274315387010574341e-02
-6.333394348621368408e-02 -8.788025379180908203e-02
8.117048442363739014e-02 -9.498499333858489990e-02
-1.841731369495391846e-01 -9.464926272630691528e-02
1.252555251121520996e-01 -1.532113403081893921e-01
-7.472053915262222290e-02 2.844417691230773926e-01
1.851148456335067749e-01 -9.208427369594573975e-02
-4.408834502100944519e-02 3.189832344651222229e-02
-7.564964145421981812e-02 9.336791932582855225e-02
4.934066161513328552e-02 7.747748494148254395e-02
1.320726573467254639e-01 -2.234377562999725342e-01
-1.193154416978359222e-02 -3.040294945240020752e-01
6.224660947918891907e-02 6.305198185145854950e-03
-1.688778996467590332e-01 1.818278580904006958e-01
1.309576034545898438e-01 -1.136878430843353271e-01
-1.306248754262924194e-01 6.224009767174720764e-02
9.402331709861755371e-02 1.360924690961837769e-01
-2.607975304126739502e-01 -2.086465805768966675e-02
-9.872380644083023071e-02 1.318015274591743946e-03
-1.061279922723770142e-01 1.876763999462127686e-01
8.019263297319412231e-02 -1.012126430869102478e-01
-3.297068551182746887e-02 -5.801142752170562744e-02
-4.662015661597251892e-02 3.563453676179051399e-03
4.906078055500984192e-02 9.014656394720077515e-02
-1.973817944526672363e-01 -7.365772873163223267e-02
-2.159415632486343384e-01 2.767516486346721649e-02
2.579583786427974701e-02 -1.844702064990997314e-01
9.214381873607635498e-02 -1.215274259448051453e-01
2.679600939154624939e-02 -1.515397280454635620e-01
-8.447329699993133545e-02 -7.678033411502838135e-02
5.063398182392120361e-02 -3.007369674742221832e-02
-9.515017271041870117e-02 7.297949492931365967e-02
7.775902748107910156e-02 -7.987959682941436768e-02
-1.654368340969085693e-01 1.184087768197059631e-01
-1.301200781017541885e-02 -5.607761442661285400e-02
-4.687629174441099167e-03 2.331406027078628540e-01
-1.781392097473144531e-01 1.923671066761016846e-01
6.796483695507049561e-02 4.027589038014411926e-02
-4.574375599622726440e-02 1.293537020683288574e-01
-1.703335940837860107e-01 1.734164953231811523e-01
1.481295675039291382e-01 -2.927175462245941162e-01
-2.478787153959274292e-01 7.994611561298370361e-02
6.469050794839859009e-02 -4.348733276128768921e-02
2.064242213964462280e-01 -1.603920012712478638e-01
-1.723276376724243164e-01 2.316221594810485840e-01
1.826540529727935791e-01 -6.161410734057426453e-02
1.216450333595275879e-02 -3.878103569149971008e-03
-1.820610836148262024e-02 2.156686782836914062e-02
1.889371573925018311e-01 1.203858293592929840e-02
-1.851730942726135254e-01 1.301631927490234375e-01
1.031383201479911804e-01 2.878991328179836273e-02
1.944766342639923096e-01 -1.516764163970947266e-01
1.576632075011730194e-02 2.269122749567031860e-02
1.272600591182708740e-01 -6.939578801393508911e-02
6.385123729705810547e-02 -7.760945009067654610e-04
-7.314057648181915283e-02 9.419225901365280151e-02
-2.452736943960189819e-01 3.653844445943832397e-02
7.259053736925125122e-02 -5.309972539544105530e-02
1.914849318563938141e-02 1.576320976018905640e-01
-2.751040272414684296e-02 -9.619881398975849152e-03
1.730127632617950439e-01 -7.820083945989608765e-02
1.670826412737369537e-02 9.875208884477615356e-02
4.094109311699867249e-02 -3.365304321050643921e-02
2.189591526985168457e-02 -2.223961800336837769e-01
-8.301399648189544678e-02 2.820340096950531006e-01
-2.184670567512512207e-01 6.937354803085327148e-02
-2.777745760977268219e-02 2.673905901610851288e-02
1.710751801729202271e-01 2.748257853090763092e-02
2.508311532437801361e-02 9.385278075933456421e-02
-8.499636501073837280e-02 9.252287447452545166e-03
-1.216089203953742981e-01 -1.079498156905174255e-01
-4.650402814149856567e-02 1.318174302577972412e-01
