-2.727918922901153564e-01 1.298706531524658203e-01
1.127528548240661621e-01 -4.833823069930076599e-02
-1.015068404376506805e-02 1.763532757759094238e-01
-1.828586757183074951e-01 -7.483428716659545898e-02
6.723354011774063110e-02 -1.151162758469581604e-01
-6.345136463642120361e-02 8.657470345497131348e-02
1.029798611998558044e-01 3.392072767019271851e-02
1.749665141105651855e-01 -1.049491316080093384e-01
-2.374064773321151733e-01 1.511257886886596680e-01
8.540008962154388428e-02 -1.066270396113395691e-01
-5.070829298347234726e-03 -6.102483347058296204e-02
-3.862781450152397156e-03 -6.450004875659942627e-02
1.385947763919830322e-01 -1.055232882499694824e-01
5.611411109566688538e-02 6.237511709332466125e-02
-2.347863763570785522e-01 -6.102494150400161743e-02
-8.248672634363174438e-02 1.461536139249801636e-01
1.168668866157531738e-01 -1.632067412137985229e-01
6.362348794937133789e-03 1.562521308660507202e-01
4.560239613056182861e-03 5.680297687649726868e-02
-8.288879692554473877e-02 -3.040301380679011345e-03
1.165867447853088379e-01 3.039043582975864410e-02
1.365373879671096802e-01 4.541557282209396362e-02
1.002176254987716675e-01 9.705739468336105347e-02
-6.865286082029342651e-02 2.138642594218254089e-02
-1.040078699588775635e-01 2.421700060367584229e-01
-1.738878041505813599e-01 1.432059109210968018e-01
-4.019134119153022766e-02 7.306388020515441895e-02
-1.723697334527969360e-01 1.311586946249008179e-01
7.754106074571609497e-02 1.552217900753021240e-01
9.789988398551940918e-03 6.330084521323442459e-03
-7.278785109519958496e-02 1.621305793523788452e-01
-1.095618903636932373e-01 1.893346905708312988e-01
-4.805837571620941162e-02 -6.492508947849273682e-02
1.984426826238632202e-01 -5.839705467224121094e-02
-7.431466132402420044e-02 1.224479675292968750e-01
8.652576059103012085e-02 -5.303899943828582764e-02
-3.301862627267837524e-02 -7.365803420543670654e-02
-7.907953113317489624e-02 -6.514718383550643921e-02
1.562054157257080078e-01 -7.723711896687746048e-03
-1.931648142635822296e-02 -1.834111474454402924e-02
2.440272122621536255e-01 -6.032522395253181458e-02
-8.187270909547805786e-02 1.755247116088867188e-01
1.943847537040710449e-01 -6.485925614833831787e-02
2.201212802901864052e-03 -5.056413263082504272e-02
1.348855942487716675e-01 -5.667845159769058228e-02
-9.152891486883163452e-02 1.104691997170448303e-01
4.620215669274330139e-02 1.361315548419952393e-01
-1.254590153694152832e-01 6.296206265687942505e-02
-5.047845840454101562e-02 -1.525613516569137573e-01
1.833397708833217621e-02 7.767742872238159180e-02
-4.477262962609529495e-03 -6.167890876531600952e-02
1.268974542617797852e-01 -2.070282846689224243e-01
1.420480757951736450e-02 1.771204322576522827e-01
-1.351918429136276245e-01 1.469288766384124756e-01
-3.643464148044586182e-01 -9.181127883493900299e-03
-1.482376307249069214e-01 1.735074818134307861e-02
1.037156879901885986e-01 -7.950737327337265015e-02
-2.010237127542495728e-01 9.045291692018508911e-02
2.129806131124496460e-01 2.708147652447223663e-02
-1.025956645607948303e-01 -1.486488431692123413e-01
-1.257358491420745850e-01 5.759187787771224976e-02
2.082978636026382446e-01 -1.856161057949066162e-01
-5.085540562868118286e-02 9.322573430836200714e-03
-1.124090626835823059e-01 6.501267105340957642e-02
-1.036456450819969177e-01 2.696608603000640869e-01
-2.054290026426315308e-01 1.066458970308303833e-01
-1.313761174678802490e-01 1.721453815698623657e-01
-2.394536733627319336e-01 6.418971717357635498e-02
-2.745425142347812653e-02 -8.072520047426223755e-02
-1.909514367580413818e-01 2.890474796295166016e-01
1.925144642591476440e-01 -1.880218237638473511e-01
2.258281968533992767e-02 -1.841867268085479736e-01
-1.503418534994125366e-01 4.410918056964874268e-02
1.377645581960678101e-01 -3.307680785655975342e-01
9.725247323513031006e-02 -1.169241149909794331e-03
-9.343892335891723633e-02 6.435324996709823608e-02
1.167464107275009155e-01 -1.844921559095382690e-01
-2.189970761537551880e-01 -2.777030691504478455e-02
-1.458144336938858032e-01 1.874642074108123779e-02
4.083951003849506378e-03 5.771386623382568359e-02
7.060394436120986938e-02 -2.844949066638946533e-01
1.379657834768295288e-01 -1.374230831861495972e-01
-3.122004121541976929e-02 1.046083793044090271e-01
-1.267369389533996582e-01 1.728597283363342285e-01
1.458973586559295654e-01 -1.374234706163406372e-01
-6.996107101440429688e-02 1.301028132438659668e-01
-4.789145290851593018e-02 2.169803529977798462e-02
-2.247570008039474487e-01 1.490736305713653564e-01
-4.656455665826797485e-02 1.421031504869461060e-01
-1.808219552040100098e-01 2.177224457263946533e-01
6.684540212154388428e-02 -4.341157525777816772e-02
1.798241287469863892e-01 -1.681351475417613983e-02
1.632415652275085449e-01 -2.438508123159408569e-01
-2.958767116069793701e-01 2.521259337663650513e-02
1.044344622641801834e-02 1.534243524074554443e-01
-2.196327596902847290e-02 2.574308961629867554e-02
2.394285239279270172e-02 -1.508814394474029541e-01
2.114239931106567383e-01 -4.227179661393165588e-02
5.757248029112815857e-02 8.737917244434356689e-02
6.089224666357040405e-02 -1.802373826503753662e-01
7.389385998249053955e-02 1.080184057354927063e-01
-6.041656062006950378e-02 -4.949484765529632568e-02
-1.319108307361602783e-01 2.563666701316833496e-01
-1.761021465063095093e-02 1.897747665643692017e-01
4.620191082358360291e-02 -9.427808970212936401e-02
1.480346918106079102e-01 -1.202612295746803284e-01
3.938313573598861694e-02 -2.286877483129501343e-01
2.099263854324817657e-02 -2.684384286403656006e-01
3.583214804530143738e-02 -1.260845959186553955e-01
-1.477611958980560303e-01 8.462317287921905518e-03
-6.687539815902709961e-02 -1.471399981528520584e-02
9.483694098889827728e-03 1.351446565240621567e-02
1.873133480548858643e-01 -5.534848943352699280e-02
3.122761547565460205e-01 -6.423567980527877808e-02
1.382414996623992920e-01 -1.102090328931808472e-01
8.163517713546752930e-02 -2.096645906567573547e-02
2.977031767368316650e-01 -2.011348456144332886e-01
1.659869551658630371e-01 -6.793615221977233887e-02
1.274624932557344437e-02 -1.043237969279289246e-01
-1.051268260926008224e-02 3.359104096889495850e-01
2.064419388771057129e-01 -1.272864341735839844e-01
-1.384895853698253632e-02 7.194367237389087677e-03
1.438451558351516724e-01 -9.512051939964294434e-02
1.432745903730392456e-01 5.145306140184402466e-02
-3.905647248029708862e-02 -2.284971326589584351e-01
3.917244449257850647e-02 7.749968022108078003e-02
-1.392664015293121338e-01 1.150757074356079102e-01
-6.222470104694366455e-02 6.833032518625259399e-02
-7.965897023677825928e-02 1.546572446823120117e-01
2.194722555577754974e-02 -1.615507304668426514e-01
1.264766305685043335e-01 -1.093119010329246521e-01
2.473326027393341064e-02 -5.207119509577751160e-02
2.749342322349548340e-01 -1.722574979066848755e-01
-6.457915902137756348e-02 -1.896156813018023968e-03
-1.577042490243911743e-01 2.905591726303100586e-01
1.202571690082550049e-01 -2.116871327161788940e-01
9.824258834123611450e-02 -1.124076470732688904e-01
6.094165146350860596e-02 2.589001134037971497e-02
-1.488832980394363403e-01 -7.113578915596008301e-02
-2.555670738220214844e-01 5.130032449960708618e-02
-2.256772480905056000e-02 2.315891683101654053e-01
-5.950881168246269226e-02 3.529253602027893066e-02
2.815369963645935059e-01 -6.351882219314575195e-02
4.131017252802848816e-02 -1.368973851203918457e-01
1.018509045243263245e-01 -1.653150320053100586e-01
2.864282429218292236e-01 -2.302476018667221069e-01
-6.071697920560836792e-03 -3.636701777577400208e-02
-1.098594963550567627e-01 -1.411000341176986694e-01
-8.345342427492141724e-02 2.587257027626037598e-01
-3.791752457618713379e-02 7.055059820413589478e-02
3.650814667344093323e-02 5.939527601003646851e-02
9.644422680139541626e-02 2.498338557779788971e-02
-2.252058535814285278e-01 2.564092874526977539e-01
-8.818618953227996826e-02 1.032630801200866699e-01
-1.791680157184600830e-01 8.166667073965072632e-02
-3.407732024788856506e-02 1.231350824236869812e-01
-9.806202352046966553e-02 -4.914845526218414307e-02
-4.600392188876867294e-03 2.658638954162597656e-01
-5.569627881050109863e-02 2.372482866048812866e-01
9.030446410179138184e-03 -1.965638846158981323e-01
1.094180792570114136e-01 1.531913727521896362e-01
3.070908188819885254e-01 -1.719091832637786865e-01
-3.136740624904632568e-01 1.360382288694381714e-01
6.396949291229248047e-02 1.072116196155548096e-02
-2.012251913547515869e-01 3.067640662193298340e-01
-4.685277491807937622e-02 4.672693833708763123e-02
-7.761546224355697632e-02 6.338389962911605835e-02
-9.181898832321166992e-02 1.038019806146621704e-01
-2.253762632608413696e-01 1.238488480448722839e-01
1.611089408397674561e-01 7.493676245212554932e-02
3.240438699722290039e-01 -1.226633042097091675e-01
3.207135200500488281e-01 -4.945114254951477051e-02
-1.495255529880523682e-02 -2.942380011081695557e-01
-2.148780971765518188e-01 5.942240729928016663e-02
1.331867426633834839e-01 1.864749705418944359e-03
-1.921694278717041016e-01 1.338214725255966187e-01
-5.928162857890129089e-02 2.470214366912841797e-01
-1.611617952585220337e-01 1.134831830859184265e-01
2.293988764286041260e-01 -3.048256933689117432e-01
9.385011345148086548e-02 -2.152898311614990234e-01
3.420110046863555908e-02 6.352856010198593140e-02
2.224048674106597900e-01 -2.412576675415039062e-01
-1.404216047376394272e-02 7.596109807491302490e-02
-1.180919930338859558e-01 4.357422888278961182e-02
-1.054887427017092705e-03 -6.827744096517562866e-02
1.378137916326522827e-01 -9.484719485044479370e-02
-1.145128980278968811e-01 1.913391500711441040e-01
-2.349449694156646729e-02 2.094263732433319092e-01
-5.604667589068412781e-03 1.424038112163543701e-01
2.785086818039417267e-02 -2.243546769022941589e-02
-2.459385842084884644e-01 1.749572008848190308e-01
-1.523591578006744385e-01 1.713635921478271484e-01
-2.073045670986175537e-01 4.914279654622077942e-02
7.024829834699630737e-02 5.244109407067298889e-02
1.764731854200363159e-01 3.163049463182687759e-03
2.182610034942626953e-01 5.212908983230590820e-02
6.365662068128585815e-02 1.291210055351257324e-01
5.791795253753662109e-02 -9.684622287750244141e-03
9.858681261539459229e-02 4.656706750392913818e-02
1.170740202069282532e-01 2.925178036093711853e-02
8.713104762136936188e-03 -1.837114840745925903e-01
-3.490705192089080811e-01 2.451960891485214233e-01
3.492950275540351868e-02 5.894960835576057434e-02
-9.644611179828643799e-02 2.799348831176757812e-01
-2.479486167430877686e-02 1.013041138648986816e-01
-3.077835962176322937e-02 -9.743545949459075928e-02
1.069136187434196472e-01 5.382051318883895874e-02
-5.465693771839141846e-03 -6.645350158214569092e-02
-2.911827340722084045e-02 -6.511497497558593750e-02
9.269786626100540161e-02 -6.052679568529129028e-02
-1.126494929194450378e-01 1.657038182020187378e-02
-4.769462347030639648e-02 -1.469561308622360229e-01
6.169954314827919006e-02 1.019841805100440979e-01
-4.288854077458381653e-02 -1.920403242111206055e-01
-6.598959118127822876e-02 -1.766386181116104126e-01
1.005710475146770477e-02 1.317408382892608643e-01
-1.868302822113037109e-01 6.461051292717456818e-03
-2.648540958762168884e-02 -1.625849604606628418e-01
-5.458562448620796204e-02 1.180187612771987915e-01
-4.611636977642774582e-03 3.175858780741691589e-02
-5.884866695851087570e-03 -1.616556942462921143e-01
1.606565564870834351e-01 -1.619918346405029297e-01
-8.734720945358276367e-02 7.345179468393325806e-02
-1.916186884045600891e-02 1.075213924050331116e-01
-2.202118933200836182e-01 -2.051255851984024048e-02
4.981836676597595215e-02 1.622007042169570923e-02
-7.955466210842132568e-02 -1.494056880474090576e-01
1.211483702063560486e-01 1.488223206251859665e-03
-2.035050243139266968e-01 1.256562471389770508e-01
7.486370950937271118e-02 -5.952496081590652466e-02
9.670985490083694458e-02 7.367191463708877563e-02
1.171845346689224243e-01 -5.063616111874580383e-02
-3.377831354737281799e-02 7.213827688246965408e-03
-2.827042341232299805e-02 4.486137256026268005e-02
-1.155158132314682007e-01 -2.237487770617008209e-02
2.135504037141799927e-01 -1.014057844877243042e-01
2.369518131017684937e-01 -1.022710949182510376e-01
9.865983575582504272e-02 -1.440312266349792480e-01
1.185557320713996887e-01 7.491432875394821167e-02
-1.040333807468414307e-01 5.753947049379348755e-02
1.062017679214477539e-01 -5.454197898507118225e-02
3.793952241539955139e-02 -1.056448519229888916e-01
-4.762744903564453125e-02 -1.957721542567014694e-03
2.947418764233589172e-02 -1.920537501573562622e-01
-1.306299418210983276e-01 1.381232142448425293e-01
1.191109865903854370e-01 -1.817844063043594360e-01
7.556185871362686157e-02 -1.074678227305412292e-01
5.796896293759346008e-02 1.935589499771595001e-02
4.054063931107521057e-02 -3.612743690609931946e-02
-2.700287699699401855e-01 1.190756931900978088e-01
9.897273033857345581e-02 -1.012727245688438416e-01
-1.422631293535232544e-01 -4.753295332193374634e-02
-1.675081104040145874e-01 1.780713796615600586e-01
3.333681225776672363e-01 -2.621153593063354492e-01
-3.391177579760551453e-02 1.896283477544784546e-01
-4.252823814749717712e-02 1.000831872224807739e-01
