1.101321429014205933e-01 -1.601555496454238892e-01
-3.647717833518981934e-01 3.428342342376708984e-01
-3.925461769104003906e-01 3.479367792606353760e-01
6.457611173391342163e-02 1.178558990359306335e-01
-6.537413597106933594e-02 4.009239003062248230e-02
8.448663353919982910e-02 1.386747062206268311e-01
5.382137894630432129e-01 -5.712587833404541016e-01
9.552676975727081299e-02 -2.830146253108978271e-01
8.162250369787216187e-02 -1.214846596121788025e-01
-2.400538027286529541e-01 4.000075757503509521e-01
1.212087869644165039e-01 -2.737408578395843506e-01
-6.816697120666503906e-01 7.992736101150512695e-01
6.116884946823120117e-01 -3.786168098449707031e-01
4.666312336921691895e-01 -4.853596687316894531e-01
5.421305894851684570e-01 -6.093600988388061523e-01
-7.992463707923889160e-01 8.174782395362854004e-01
1.307476032525300980e-02 1.782176643610000610e-01
1.306379437446594238e-01 -2.492036819458007812e-01
4.823262989521026611e-02 1.716697961091995239e-01
-2.978141009807586670e-01 2.950766682624816895e-01
4.976966083049774170e-01 -4.317004978656768799e-01
-6.834354996681213379e-02 -2.979834005236625671e-02
-6.364142894744873047e-02 -5.443257396109402180e-04
-6.164142489433288574e-01 6.314074397087097168e-01
2.420682162046432495e-01 -1.475140899419784546e-01
-1.491671241819858551e-02 -1.856970191001892090e-01
3.081542849540710449e-01 -3.451340794563293457e-01
-9.533359855413436890e-02 1.077862232923507690e-01
2.827917337417602539e-01 -1.711722165346145630e-01
-6.601702570915222168e-01 4.869271516799926758e-01
3.004684858024120331e-02 -3.245463967323303223e-02
2.524512410163879395e-01 -1.370917558670043945e-01
-3.900865614414215088e-01 3.002256453037261963e-01
-5.802947878837585449e-01 5.620978474617004395e-01
-1.840146780014038086e-01 2.666020765900611877e-02
-2.363806776702404022e-02 4.391315579414367676e-02
-2.157429233193397522e-03 4.807635769248008728e-02
3.255514502525329590e-01 -2.507913112640380859e-01
1.236514449119567871e-01 4.937184229493141174e-02
-4.099043905735015869e-01 3.374665677547454834e-01
7.493632435798645020e-01 -4.787728488445281982e-01
-9.509994834661483765e-02 3.134929239749908447e-01
-3.370859026908874512e-01 3.434001803398132324e-01
-3.310835221782326698e-03 -2.124851495027542114e-01
-2.564876675605773926e-01 3.248429894447326660e-01
2.466694861650466919e-01 -3.557063937187194824e-01
-7.374877929687500000e-01 5.870644450187683105e-01
-1.109916418790817261e-01 1.386162936687469482e-01
-1.614414853975176811e-03 -1.953106522560119629e-01
-3.287286963313817978e-03 -3.445006906986236572e-01
4.198372662067413330e-01 -4.391945898532867432e-01
-2.755521833896636963e-01 2.910228371620178223e-01
-1.131545603275299072e-01 -1.524334400892257690e-01
8.596664667129516602e-02 1.674073785543441772e-01
-5.448075532913208008e-01 4.994367361068725586e-01
2.948279976844787598e-01 -2.088424414396286011e-01
4.411574304103851318e-01 -4.770981967449188232e-01
-3.867539763450622559e-01 5.976052880287170410e-01
-5.922363400459289551e-01 7.255248427391052246e-01
5.381227731704711914e-01 -3.198502361774444580e-01
1.295092105865478516e-01 -1.887821108102798462e-01
-4.167127609252929688e-01 3.480493724346160889e-01
-4.744570255279541016e-01 4.344825744628906250e-01
-9.114622324705123901e-02 2.593660540878772736e-02
5.370611548423767090e-01 -4.019795954227447510e-01
6.530061909870710224e-06 -6.595774739980697632e-02
6.702789068222045898e-01 -3.743814527988433838e-01
6.892827153205871582e-01 -5.361430048942565918e-01
-2.691552601754665375e-02 4.104800987988710403e-03
-4.844862222671508789e-01 4.324100315570831299e-01
4.383918941020965576e-01 -4.821361303329467773e-01
-4.472991079092025757e-02 1.004570201039314270e-01
2.489661723375320435e-01 -4.937452375888824463e-01
6.134493350982666016e-01 -2.599576711654663086e-01
2.805463075637817383e-01 -1.220393851399421692e-01
-1.202260136604309082e+00 1.179678559303283691e+00
3.051619529724121094e-01 -5.371174812316894531e-01
1.882981657981872559e-01 -1.145015060901641846e-01
4.603944718837738037e-01 -4.176632761955261230e-01
-8.997634649276733398e-01 6.448364853858947754e-01
4.963793326169252396e-03 -2.462066113948822021e-01
4.892049133777618408e-01 -4.050555229187011719e-01
-5.235050916671752930e-01 6.833505630493164062e-01
-9.541723132133483887e-01 1.125323534011840820e+00
8.695088028907775879e-01 -7.923017740249633789e-01
-8.177450299263000488e-01 7.484571337699890137e-01
9.153367578983306885e-02 -9.867083281278610229e-02
-1.198523402214050293e+00 1.016848206520080566e+00
2.878795266151428223e-01 -2.103060334920883179e-01
1.629733443260192871e-01 -4.498330131173133850e-02
-2.849655747413635254e-01 2.261138111352920532e-01
-2.932332158088684082e-01 3.695332407951354980e-01
7.533373832702636719e-01 -6.507613658905029297e-01
-6.365776658058166504e-01 8.371317386627197266e-01
-5.160801410675048828e-01 5.664260983467102051e-01
-6.901055574417114258e-02 1.014263778924942017e-01
-2.957122325897216797e-01 3.320504426956176758e-01
-3.021021187305450439e-01 1.479970067739486694e-01
1.011046841740608215e-01 -2.060912549495697021e-01
2.824372649192810059e-01 -8.861202001571655273e-02
-4.227887988090515137e-01 3.929063975811004639e-01
3.665626049041748047e-01 -3.810602128505706787e-01
1.876707971096038818e-01 -1.583258807659149170e-01
-4.013244211673736572e-01 3.727222383022308350e-01
5.844396948814392090e-01 -7.437604665756225586e-01
-2.473922520875930786e-01 1.670940369367599487e-01
4.692583531141281128e-02 -1.351073570549488068e-02
3.120657801628112793e-01 -2.301356345415115356e-01
-8.372063040733337402e-01 8.576826453208923340e-01
8.396955728530883789e-01 -9.330563545227050781e-01
-5.249210000038146973e-01 6.096517443656921387e-01
1.773007363080978394e-01 -1.421384811401367188e-01
-3.179383277893066406e-01 3.283788859844207764e-01
1.102105617523193359e+00 -1.260123133659362793e+00
1.968266665935516357e-01 5.179580301046371460e-02
-5.752957463264465332e-01 5.060403943061828613e-01
4.581435918807983398e-01 -3.945633471012115479e-01
-2.606302499771118164e-01 6.357423961162567139e-02
-3.556753695011138916e-01 5.253987312316894531e-01
-7.543124724179506302e-03 3.478187695145606995e-02
5.136780738830566406e-01 -5.423666834831237793e-01
-1.774088591337203979e-01 -9.779430925846099854e-02
-1.063523292541503906e+00 7.933835983276367188e-01
9.378571510314941406e-01 -7.162153124809265137e-01
-1.917309463024139404e-01 2.167778760194778442e-01
-1.337704509496688843e-01 -9.270897507667541504e-02
7.214183807373046875e-01 -6.851629018783569336e-01
3.999748229980468750e-01 -4.843951165676116943e-01
1.151772066950798035e-01 -2.426130473613739014e-01
-5.530942082405090332e-01 2.993437647819519043e-01
-1.628218144178390503e-01 1.842513382434844971e-01
-1.068752184510231018e-01 9.549510478973388672e-02
-1.455986499786376953e-01 2.217151522636413574e-01
-5.911751985549926758e-01 4.797415733337402344e-01
1.008685111999511719e+00 -9.015572667121887207e-01
6.588494181632995605e-01 -5.410447716712951660e-01
3.338373601436614990e-01 -4.826421141624450684e-01
-3.160030767321586609e-02 4.489993676543235779e-02
6.979072690010070801e-01 -5.405071973800659180e-01
-4.586936831474304199e-01 5.665279626846313477e-01
-3.238874375820159912e-01 3.119563758373260498e-01
8.047530800104141235e-02 -3.086975309997797012e-03
-2.308865934610366821e-01 3.657093346118927002e-01
-3.551470041275024414e-01 2.896938323974609375e-01
2.452052980661392212e-01 -2.820546030998229980e-01
2.737164124846458435e-02 8.430777490139007568e-02
-2.163101434707641602e-01 1.291898041963577271e-01
7.186751961708068848e-01 -7.211431264877319336e-01
-3.329394459724426270e-01 2.081803530454635620e-01
-3.458127677440643311e-01 2.065348476171493530e-01
9.737567901611328125e-01 -9.061779379844665527e-01
-2.920184135437011719e-01 2.655763030052185059e-01
2.232782244682312012e-01 -9.712167084217071533e-02
-6.289569735527038574e-01 4.650602042675018311e-01
1.520299017429351807e-01 -2.779107987880706787e-01
4.350292086601257324e-01 -2.609726190567016602e-01
7.594728469848632812e-01 -7.290578484535217285e-01
4.625771641731262207e-01 -4.618202745914459229e-01
2.304216921329498291e-01 -1.604893505573272705e-01
3.223887979984283447e-01 -3.925009369850158691e-01
4.829623922705650330e-02 -1.001709327101707458e-01
-5.775600075721740723e-01 4.372195303440093994e-01
3.378514647483825684e-01 -2.232971489429473877e-01
8.630448579788208008e-01 -6.371021270751953125e-01
2.693192362785339355e-01 -1.382718235254287720e-01
3.891821578145027161e-02 1.059039607644081116e-01
-6.127669811248779297e-01 5.806986093521118164e-01
-3.739007413387298584e-01 3.868024349212646484e-01
-8.171042203903198242e-01 8.392460942268371582e-01
2.247200161218643188e-01 -4.199156761169433594e-01
1.240426972508430481e-01 9.225326776504516602e-02
6.671996116638183594e-01 -6.190367341041564941e-01
-3.769315183162689209e-01 4.891472756862640381e-01
4.076129496097564697e-01 -5.713597536087036133e-01
-2.227402180433273315e-01 2.488136738538742065e-01
-5.956276878714561462e-02 -5.885161831974983215e-02
-7.367487996816635132e-02 1.360736787319183350e-01
7.799269556999206543e-01 -8.520993590354919434e-01
1.282397061586380005e-01 1.287111267447471619e-02
-8.844056166708469391e-03 -7.590630091726779938e-03
5.833546519279479980e-01 -6.719321608543395996e-01
4.931676089763641357e-01 -3.098756968975067139e-01
4.982013404369354248e-01 -4.930089414119720459e-01
5.966251716017723083e-02 -8.437359333038330078e-02
6.454756259918212891e-01 -7.246388196945190430e-01
2.921209335327148438e-01 -3.119715750217437744e-01
-4.078488349914550781e-01 3.786959052085876465e-01
-2.267664223909378052e-01 1.283411532640457153e-01
-1.727833747863769531e-01 3.627279102802276611e-01
9.241359680891036987e-02 -4.547271877527236938e-02
-4.090690016746520996e-01 2.994020581245422363e-01
-1.910884864628314972e-02 -2.127401530742645264e-01
2.971849590539932251e-02 1.498593240976333618e-01
-1.615402698516845703e-01 1.424609422683715820e-01
-3.755106590688228607e-04 9.727069735527038574e-02
-1.065374538302421570e-01 2.060096561908721924e-01
-1.552834063768386841e-01 2.720507979393005371e-01
-2.966564893722534180e-01 3.282070159912109375e-01
2.432609051465988159e-01 -2.184908688068389893e-01
-2.882199287414550781e-01 3.590962290763854980e-01
2.861672043800354004e-01 -1.337378174066543579e-01
1.066524162888526917e-01 3.534219786524772644e-02
3.177651166915893555e-01 -4.670495986938476562e-01
-3.204124569892883301e-01 1.814825981855392456e-01
-1.238869950175285339e-01 1.757801175117492676e-01
-1.286004781723022461e-01 2.260440587997436523e-01
-1.272237747907638550e-01 2.125606089830398560e-01
-1.600144617259502411e-02 1.090098246932029724e-01
9.048911184072494507e-02 -2.740787565708160400e-01
2.734760940074920654e-01 -1.307648569345474243e-01
-3.092477619647979736e-01 3.660426139831542969e-01
2.160619944334030151e-01 -2.891992926597595215e-01
-2.769754528999328613e-01 3.905283808708190918e-01
-8.714186400175094604e-02 -7.818868011236190796e-02
2.906311750411987305e-01 -2.385507822036743164e-01
-3.403377532958984375e-02 -6.268978863954544067e-02
1.182436347007751465e-01 -8.784697204828262329e-02
-4.487853869795799255e-02 7.972142845392227173e-02
-2.194150835275650024e-01 1.190840825438499451e-01
1.597987860441207886e-02 -1.180016249418258667e-01
1.712099760770797729e-01 -1.102537438273429871e-01
4.569000750780105591e-02 -2.717080712318420410e-02
4.948434829711914062e-01 -4.943547248840332031e-01
1.958157569169998169e-01 -1.464016735553741455e-01
-1.220828145742416382e-01 6.659550964832305908e-02
-2.275382168591022491e-02 4.383405297994613647e-02
2.575932443141937256e-01 -2.839910387992858887e-01
-6.415019184350967407e-02 4.521769657731056213e-02
6.110838428139686584e-02 1.211147159337997437e-01
-2.280453965067863464e-02 -5.744371190667152405e-02
-6.108528003096580505e-02 1.952305436134338379e-01
-1.767231971025466919e-01 1.559920310974121094e-01
7.739955186843872070e-02 -2.585226669907569885e-02
-2.597184479236602783e-01 3.612533807754516602e-01
-1.677999198436737061e-01 1.948637366294860840e-01
3.244790434837341309e-01 -1.466760337352752686e-01
8.098468184471130371e-02 -8.169749751687049866e-03
3.123219311237335205e-01 -2.925035059452056885e-01
1.145242005586624146e-01 -1.302974075078964233e-01
-1.399127840995788574e-01 1.106455475091934204e-01
-1.994585543870925903e-01 8.065927773714065552e-02
4.483743906021118164e-01 -4.515211582183837891e-01
2.959257923066616058e-02 8.170493878424167633e-03
-2.846126630902290344e-02 -1.006094366312026978e-01
-1.720464825630187988e-01 1.354335695505142212e-01
8.079095184803009033e-02 -9.323903918266296387e-02
-1.058473438024520874e-01 4.030122980475425720e-02
2.238588929176330566e-01 -1.475807577371597290e-01
-8.102982491254806519e-02 -6.871552765369415283e-02
-8.510448038578033447e-03 -2.757167518138885498e-01
1.215516179800033569e-01 -2.694007158279418945e-01
-4.354879856109619141e-01 2.285971939563751221e-01
-2.814409732818603516e-01 3.306253850460052490e-01
-2.190542966127395630e-01 3.167955875396728516e-01
-3.402506709098815918e-01 3.002198338508605957e-01
-1.422176659107208252e-01 1.911194920539855957e-01
