7.506280392408370972e-02 -1.130483970046043396e-01
1.051024720072746277e-01 -1.626362837851047516e-02
-1.043819934129714966e-01 1.171582192182540894e-01
2.223680354654788971e-02 2.801463473588228226e-03
-1.982707232236862183e-01 5.223335698246955872e-03
-1.275254935026168823e-01 1.731947064399719238e-01
-1.041736081242561340e-01 1.293409913778305054e-01
1.591483503580093384e-01 -1.526773273944854736e-01
-1.202143803238868713e-01 2.672472223639488220e-02
-2.429583482444286346e-02 -8.128585666418075562e-02
1.136720851063728333e-01 -3.455072268843650818e-02
6.221881136298179626e-02 1.843046844005584717e-01
-1.703967899084091187e-02 7.752020657062530518e-02
-6.686870008707046509e-02 1.331351101398468018e-01
1.183710247278213501e-01 -1.642415672540664673e-01
-1.351977437734603882e-01 2.241619080305099487e-01
-7.970370352268218994e-02 3.253595829010009766e-01
8.167950809001922607e-02 -1.870903670787811279e-01
-8.287744224071502686e-02 1.701747626066207886e-02
9.069027006626129150e-02 -9.215860813856124878e-02
1.648628860712051392e-01 -3.058611415326595306e-02
-1.425295919179916382e-01 2.867743372917175293e-01
-1.294277906417846680e-01 -2.486534975469112396e-02
-1.231862604618072510e-01 -4.035529121756553650e-02
-1.562274992465972900e-01 9.520018100738525391e-02
2.151753008365631104e-01 -6.985598243772983551e-03
4.549935460090637207e-02 -5.546357855200767517e-02
6.589872390031814575e-02 8.553890138864517212e-02
-2.393799722194671631e-01 2.062832713127136230e-01
2.158965319395065308e-01 -1.843239963054656982e-01
1.091554984450340271e-01 -1.318305879831314087e-01
1.525121480226516724e-01 -1.977660804986953735e-01
-4.446995630860328674e-02 9.786742180585861206e-02
-7.257562875747680664e-02 4.165739193558692932e-02
-1.656061410903930664e-01 1.092275604605674744e-01
-1.528096795082092285e-01 1.172325909137725830e-01
-9.602096676826477051e-02 -5.247044190764427185e-02
4.901444911956787109e-02 -1.721982359886169434e-01
2.246839739382266998e-02 -2.856180071830749512e-01
2.017855495214462280e-01 3.098618425428867340e-02
9.157735854387283325e-02 -1.849475651979446411e-01
1.201741695404052734e-01 -6.246371194720268250e-02
8.196224272251129150e-02 -1.576979085803031921e-02
1.192353740334510803e-01 -1.663796454668045044e-01
-1.133873090147972107e-01 1.863887310028076172e-01
7.517525553703308105e-02 -1.210669949650764465e-01
1.247346624732017517e-01 -4.048168659210205078e-02
2.953416667878627777e-02 9.648064523935317993e-02
-1.323701143264770508e-01 -1.588014960289001465e-01
1.206722855567932129e-01 -1.709720343351364136e-01
-9.850420989096164703e-03 -4.918752238154411316e-02
-1.187842991203069687e-02 -2.256180793046951294e-01
7.537347823381423950e-02 -5.633710324764251709e-02
8.668056875467300415e-02 -1.564314514398574829e-01
-8.475222438573837280e-02 1.415912359952926636e-01
1.358705163002014160e-01 5.428678914904594421e-02
1.007355004549026489e-01 2.388350665569305420e-02
-1.287120282649993896e-01 1.726762205362319946e-02
1.802252382040023804e-01 -1.852331608533859253e-01
-4.770176485180854797e-02 -4.981441050767898560e-02
3.846792131662368774e-02 -6.692753732204437256e-02
-1.026825979351997375e-01 1.910557299852371216e-01
1.092668920755386353e-01 -4.984922707080841064e-02
9.135692566633224487e-02 -2.046079188585281372e-02
1.982073336839675903e-01 -1.379838287830352783e-01
6.584224849939346313e-02 -2.594186663627624512e-01
-3.179967999458312988e-01 1.981556713581085205e-01
1.418077647686004639e-01 -2.244911491870880127e-01
-2.613531649112701416e-01 1.823383271694183350e-01
-2.652275264263153076e-01 1.131798103451728821e-01
-2.405979335308074951e-01 4.926161468029022217e-02
-2.565803229808807373e-01 9.872606024146080017e-03
-1.799806952476501465e-01 1.661512106657028198e-01
-9.760905988514423370e-03 1.608565300703048706e-01
2.974298000335693359e-01 -1.727838218212127686e-01
-1.907240152359008789e-01 1.320654302835464478e-01
1.856886893510818481e-01 -2.332856208086013794e-01
-3.102703392505645752e-01 1.493879109621047974e-01
6.503809243440628052e-02 -4.239468276500701904e-02
-2.170836180448532104e-01 -5.305955186486244202e-03
7.420805096626281738e-02 -1.924357265233993530e-01
-2.213894128799438477e-01 1.376446634531021118e-01
1.910658180713653564e-01 -9.901517629623413086e-02
1.685177907347679138e-02 1.768847405910491943e-01
-8.602631837129592896e-02 3.534760326147079468e-02
-5.067592859268188477e-02 7.982143759727478027e-02
2.465919852256774902e-01 -8.106131851673126221e-02
-1.576153188943862915e-01 3.550190106034278870e-02
-1.395186930894851685e-01 -1.259714178740978241e-02
-9.400834888219833374e-02 -5.954128131270408630e-02
4.981526359915733337e-02 -5.488203093409538269e-02
1.269340366125106812e-01 -2.665820717811584473e-01
-1.494350880384445190e-01 3.741516172885894775e-02
-1.616833359003067017e-01 -2.038989216089248657e-02
-1.255138814449310303e-01 3.533229529857635498e-01
7.764279842376708984e-02 -1.350684165954589844e-01
1.328911334276199341e-01 8.687065914273262024e-03
1.428296864032745361e-01 -7.509241998195648193e-02
-1.025395542383193970e-01 -7.691625505685806274e-04
-2.084432691335678101e-01 1.322851479053497314e-01
-2.685884535312652588e-01 6.753432750701904297e-02
4.042522050440311432e-03 1.497597396373748779e-01
-1.443311274051666260e-01 2.371747046709060669e-01
2.440842986106872559e-01 -2.126787453889846802e-01
1.547951847314834595e-01 -8.201173692941665649e-02
6.796277314424514771e-02 -2.404593527317047119e-01
-4.835551604628562927e-02 -8.011708408594131470e-02
-8.523540198802947998e-02 5.796836689114570618e-02
-1.569737344980239868e-01 1.471051424741744995e-01
-5.452230200171470642e-02 1.385552883148193359e-01
-5.120589584112167358e-02 -4.254518449306488037e-02
-2.895396053791046143e-01 2.799664139747619629e-01
1.210525166243314743e-02 9.093612432479858398e-02
-2.697003185749053955e-01 4.452887177467346191e-02
-1.481865160167217255e-02 5.338050797581672668e-02
-1.826721988618373871e-02 -3.387783095240592957e-02
-1.567178517580032349e-01 -7.229726295918226242e-03
2.434299290180206299e-01 -1.316153109073638916e-01
2.404566258192062378e-01 -1.082796230912208557e-01
-2.187145948410034180e-01 2.273733764886856079e-01
2.005677670240402222e-01 -1.361003965139389038e-01
2.905451953411102295e-01 3.004043921828269958e-02
3.804449364542961121e-02 -1.800006181001663208e-01
-7.828203961253166199e-03 -1.630697995424270630e-01
6.593021005392074585e-02 -2.311727106571197510e-01
-3.977651000022888184e-01 1.312700361013412476e-01
-1.036217883229255676e-01 4.093172028660774231e-02
-2.482386119663715363e-02 2.565965354442596436e-01
-2.456240169703960419e-02 1.611502170562744141e-01
-6.182765215635299683e-02 -1.712766736745834351e-01
-1.406433340162038803e-02 9.582271426916122437e-02
1.578532755374908447e-01 -1.057095229625701904e-01
-1.000010296702384949e-01 8.269495517015457153e-02
-2.087877690792083740e-01 5.229275301098823547e-02
-1.834245398640632629e-02 -1.730509400367736816e-01
-6.199499592185020447e-03 1.042856648564338684e-01
-1.060645282268524170e-01 1.149130146950483322e-02
-6.106980890035629272e-02 1.427394300699234009e-01
1.630975306034088135e-01 -2.346495687961578369e-01
-3.253591060638427734e-02 1.440641842782497406e-02
-2.249858528375625610e-01 -9.360377490520477295e-02
-3.418589010834693909e-02 5.897584185004234314e-02
-4.479872807860374451e-02 9.224808216094970703e-02
1.490581780672073364e-02 4.252976551651954651e-02
1.140955761075019836e-01 1.294905971735715866e-02
-3.067096509039402008e-02 8.153834939002990723e-02
2.620036602020263672e-01 -6.848733127117156982e-02
-6.754121929407119751e-02 4.802327975630760193e-02
1.705925911664962769e-01 1.377269923686981201e-01
-2.131067402660846710e-02 6.587304174900054932e-02
2.378423810005187988e-01 -1.702341623604297638e-02
-2.084433883428573608e-01 2.503963112831115723e-01
1.555652171373367310e-01 -1.590281724929809570e-01
-1.220844313502311707e-02 -4.023490473628044128e-02
4.726786166429519653e-02 8.340137451887130737e-02
-2.114850096404552460e-02 -1.051932796835899353e-01
-2.169119007885456085e-02 1.480436921119689941e-01
-1.886712908744812012e-01 2.381099909543991089e-01
-1.239829882979393005e-02 1.143644154071807861e-01
1.114078089594841003e-01 -7.707096636295318604e-02
-9.757954976521432400e-04 -1.703277416527271271e-02
-1.616061478853225708e-01 2.775349318981170654e-01
-7.562062144279479980e-02 1.688521169126033783e-02
3.625873848795890808e-02 -2.230824679136276245e-01
1.767643392086029053e-01 -1.392283290624618530e-01
-1.000020769424736500e-03 6.736018508672714233e-02
-2.597209811210632324e-01 2.921430766582489014e-01
-1.592353917658329010e-02 8.226270973682403564e-02
7.064035534858703613e-02 -1.735138744115829468e-01
-1.122620627284049988e-01 -3.150265663862228394e-02
-1.501884758472442627e-01 2.673885226249694824e-01
-5.107264593243598938e-02 3.396217226982116699e-01
4.664334654808044434e-02 -1.030981317162513733e-01
-1.032427996397018433e-01 1.497598290443420410e-01
5.785270035266876221e-02 -5.747896060347557068e-02
2.529367804527282715e-02 -6.482155621051788330e-02
6.483160704374313354e-02 -1.547291427850723267e-01
-2.467672824859619141e-01 1.656698286533355713e-01
2.441335096955299377e-02 -3.179135322570800781e-01
-2.716434933245182037e-02 2.246589064598083496e-01
2.377393543720245361e-01 -2.325057387351989746e-01
7.822256535291671753e-02 -6.522855907678604126e-02
5.315030366182327271e-02 2.142063379287719727e-01
1.298216432332992554e-01 -5.364501103758811951e-02
-1.518546640872955322e-01 3.098147511482238770e-01
6.992041319608688354e-02 4.664394631981849670e-02
-6.958163529634475708e-02 4.319019988179206848e-02
-1.705618947744369507e-01 2.907846495509147644e-02
1.201965659856796265e-01 -8.735110610723495483e-02
2.305006831884384155e-01 -1.170755401253700256e-01
2.469278126955032349e-02 -5.427745729684829712e-02
-9.446010226383805275e-04 -4.970864392817020416e-03
-2.884230613708496094e-01 2.159956842660903931e-01
2.350131869316101074e-01 -1.444967985153198242e-01
4.846968129277229309e-02 -1.018890365958213806e-01
2.482692301273345947e-01 -8.303052186965942383e-02
-1.678123027086257935e-01 1.498741805553436279e-01
-2.170267514884471893e-02 1.608170121908187866e-01
2.575276605784893036e-02 1.608875207602977753e-02
1.447226703166961670e-01 1.194264367222785950e-02
-1.190337091684341431e-01 2.280423194169998169e-01
-1.741710752248764038e-01 1.078640893101692200e-01
1.830551177263259888e-01 -2.101534456014633179e-01
-9.173329174518585205e-02 7.631805539131164551e-02
1.907546073198318481e-01 -1.637632697820663452e-01
-4.132057726383209229e-02 -9.994903206825256348e-02
2.907537296414375305e-02 1.029109805822372437e-01
-1.888684034347534180e-01 1.995957493782043457e-01
-2.039612829685211182e-01 1.056696325540542603e-01
2.669207453727722168e-01 -1.106137260794639587e-01
-3.586316481232643127e-02 3.713686252012848854e-03
2.387884110212326050e-01 -7.135957479476928711e-02
5.659765377640724182e-02 6.321537494659423828e-02
4.378379136323928833e-02 -1.163892745971679688e-01
-6.044102087616920471e-02 7.200843840837478638e-02
-1.440505385398864746e-01 4.684742074459791183e-03
1.583351939916610718e-01 -2.608107030391693115e-01
1.386991888284683228e-01 3.082376532256603241e-02
8.668578416109085083e-02 -5.268644914031028748e-02
6.068870052695274353e-02 7.024922873824834824e-03
-7.499752193689346313e-02 1.008610725402832031e-01
2.313144654035568237e-01 -1.817037910223007202e-01
-1.538849174976348877e-01 9.666902571916580200e-02
1.728853434324264526e-01 -1.906646341085433960e-01
-1.616218090057373047e-01 -1.533716768026351929e-01
-5.606263875961303711e-02 9.174537658691406250e-02
3.362685441970825195e-02 -1.059630606323480606e-02
-9.587499499320983887e-02 5.889192223548889160e-03
-9.892465546727180481e-03 -6.818264722824096680e-02
-1.441578119993209839e-01 2.031488344073295593e-03
2.010743916034698486e-01 -1.241787895560264587e-01
8.150608278810977936e-03 1.409432142972946167e-01
1.049524769186973572e-01 -2.731216847896575928e-01
7.581271976232528687e-02 8.469237387180328369e-02
6.120224483311176300e-03 -2.452617883682250977e-02
-2.548399008810520172e-02 1.109104044735431671e-02
6.086922064423561096e-02 -2.758713960647583008e-01
-2.773215435445308685e-02 -4.324017837643623352e-02
-8.424422889947891235e-02 2.257294803857803345e-01
-2.022799700498580933e-01 2.342465370893478394e-01
-9.216991811990737915e-02 -8.137482218444347382e-03
-2.516494095325469971e-01 -1.888852380216121674e-02
5.133650451898574829e-02 -6.598743051290512085e-02
5.383945256471633911e-02 -1.173516586422920227e-01
6.929351389408111572e-02 8.479626476764678955e-02
-2.539879456162452698e-02 1.239777877926826477e-01
-2.082809358835220337e-01 2.288086563348770142e-01
2.390044033527374268e-01 -2.164280712604522705e-01
6.760355085134506226e-02 -1.573391705751419067e-01
1.807412654161453247e-01 -9.881287068128585815e-02
-4.147873446345329285e-02 -7.459089905023574829e-02
3.340470790863037109e-02 -5.346866324543952942e-02
-7.959437370300292969e-02 3.038096241652965546e-03
2.321544140577316284e-01 -2.560410499572753906e-01
-8.815548568964004517e-02 -7.309474050998687744e-02
7.740551233291625977e-02 1.762307435274124146e-01
