-6.631293147802352905e-02 1.839580386877059937e-01
1.630136817693710327e-01 -7.205554284155368805e-03
-2.571128010749816895e-01 3.375261556357145309e-03
-1.195730268955230713e-01 1.671381741762161255e-01
-6.606827676296234131e-02 -3.832285106182098389e-02
-1.758667528629302979e-01 8.057142794132232666e-02
-2.161324769258499146e-01 2.479680627584457397e-01
-5.134942755103111267e-02 6.767024099826812744e-02
-2.969079278409481049e-02 5.552719905972480774e-02
1.023496538400650024e-01 -1.746507883071899414e-01
8.365305839106440544e-04 -1.301594525575637817e-01
4.457756876945495605e-02 -1.319969352334737778e-02
3.119341135025024414e-01 -1.753658503293991089e-01
-2.559093385934829712e-02 1.385042965412139893e-01
1.902427375316619873e-01 -2.922117114067077637e-01
8.831711113452911377e-02 -2.018634229898452759e-01
-2.077392041683197021e-01 1.506921052932739258e-01
1.250237971544265747e-01 -6.625239551067352295e-02
-4.070667549967765808e-02 6.618821620941162109e-02
3.826484084129333496e-02 -1.731215603649616241e-02
-7.647483050823211670e-02 2.324954867362976074e-01
1.543376892805099487e-01 -1.688401103019714355e-01
1.949782520532608032e-01 -1.300536245107650757e-01
1.178118512034416199e-01 -2.299370430409908295e-02
-1.417685598134994507e-01 5.947767198085784912e-02
-8.693534880876541138e-02 1.652786731719970703e-01
1.991327106952667236e-02 2.218827456235885620e-01
8.363261073827743530e-02 -1.223247200250625610e-01
2.097312919795513153e-02 5.620905384421348572e-02
-9.237091243267059326e-02 2.128782682120800018e-02
-5.437038093805313110e-02 -1.007605791091918945e-01
1.812769323587417603e-01 1.884135603904724121e-02
2.358686029911041260e-01 -2.395144104957580566e-01
1.726848930120468140e-01 -1.728524118661880493e-01
1.281523704528808594e-01 5.810144543647766113e-02
-1.503866165876388550e-02 -3.322988376021385193e-02
-1.155839264392852783e-01 1.941659450531005859e-01
1.151635125279426575e-01 -1.571941524744033813e-01
-1.971387416124343872e-01 -7.686858996748924255e-03
2.083036899566650391e-01 -1.600869148969650269e-01
-6.323669571429491043e-03 -1.282268613576889038e-01
1.982774734497070312e-01 -1.364912092685699463e-01
-1.341798603534698486e-01 9.157384186983108521e-02
1.286897659301757812e-01 -7.168546319007873535e-02
-1.770593523979187012e-01 1.387036740779876709e-01
1.809564679861068726e-01 -1.160082072019577026e-01
2.087025940418243408e-01 -2.179023027420043945e-01
3.071576058864593506e-01 -1.292175948619842529e-01
-1.424165368080139160e-01 2.185399532318115234e-01
1.354571431875228882e-01 -1.771318726241588593e-02
-3.714559227228164673e-02 1.633277833461761475e-01
-1.164090260863304138e-01 1.235394626855850220e-01
-5.968108773231506348e-03 3.027723170816898346e-02
3.196200414095073938e-04 -2.396255135536193848e-01
2.169312089681625366e-01 -7.527584582567214966e-02
-2.354286052286624908e-02 -1.749316602945327759e-01
1.072509884834289551e-01 -4.578321799635887146e-02
-4.497371986508369446e-02 1.335480213165283203e-01
2.706805467605590820e-01 -1.345201432704925537e-01
5.691467225551605225e-02 -1.099877730011940002e-01
1.293990202248096466e-02 -1.203957498073577881e-01
-2.846785075962543488e-02 -2.102147042751312256e-01
1.164347827434539795e-01 -1.008394211530685425e-01
2.758625522255897522e-02 1.335507780313491821e-01
2.265935242176055908e-01 -5.576670169830322266e-02
3.063362836837768555e-01 -7.221625745296478271e-02
-8.550016582012176514e-02 1.972133368253707886e-01
1.703541278839111328e-01 -2.882460951805114746e-01
-1.995777636766433716e-01 1.712781339883804321e-01
-2.769083902239799500e-02 1.154847592115402222e-01
-3.056919872760772705e-01 3.049608767032623291e-01
1.015711203217506409e-01 -2.128231227397918701e-01
1.250656694173812866e-01 -1.339951902627944946e-01
-2.125980406999588013e-01 4.277049377560615540e-02
2.561787664890289307e-01 -3.858605027198791504e-01
-1.603051275014877319e-01 2.307184040546417236e-02
2.182640284299850464e-01 -1.729892790317535400e-01
-1.914577186107635498e-01 5.778626352548599243e-02
2.246321141719818115e-01 -4.982259869575500488e-02
2.655422501266002655e-02 -7.712116092443466187e-02
-2.165828794240951538e-01 2.742578685283660889e-01
-8.680761605501174927e-02 2.552533447742462158e-01
-2.115567922592163086e-01 3.135623335838317871e-01
-6.750336289405822754e-02 2.313446402549743652e-01
-4.467704519629478455e-02 9.401923418045043945e-02
1.763452738523483276e-01 -6.337039172649383545e-02
-1.539326310157775879e-01 -2.572198584675788879e-02
1.165061295032501221e-01 -2.210077792406082153e-01
-2.542740702629089355e-01 1.575313210487365723e-01
9.257953613996505737e-02 -3.840679302811622620e-02
-4.635683726519346237e-03 4.289089515805244446e-02
5.846403166651725769e-02 -2.836700677871704102e-01
-2.185501605272293091e-01 1.446613669395446777e-01
-2.158638834953308105e-01 2.572272717952728271e-01
3.187095373868942261e-02 1.364677101373672485e-01
-8.106729388236999512e-02 -2.047067508101463318e-02
1.654325723648071289e-01 -1.558095663785934448e-01
-1.418731659650802612e-01 5.075321719050407410e-02
3.702599555253982544e-02 -1.805979162454605103e-01
9.596826136112213135e-02 -1.875852495431900024e-01
6.009447947144508362e-02 -1.993022561073303223e-01
1.373756378889083862e-01 -3.110609203577041626e-02
1.758516728878021240e-01 -1.149378642439842224e-01
7.205297704786062241e-03 -1.308297365903854370e-01
-1.407144516706466675e-01 2.401495426893234253e-01
5.386564135551452637e-02 -1.179444119334220886e-01
1.805513650178909302e-01 -3.749619126319885254e-01
2.030005306005477905e-01 -2.201554179191589355e-01
-1.592542678117752075e-01 -2.735403366386890411e-03
-1.361209452152252197e-01 1.232026442885398865e-01
-8.846066892147064209e-02 -8.619297295808792114e-02
9.020785987377166748e-02 -1.424159258604049683e-01
-1.299960073083639145e-03 9.564515948295593262e-02
5.218442063778638840e-03 -1.953473687171936035e-01
9.125109761953353882e-02 -1.505549103021621704e-01
-1.704202294349670410e-01 1.119579002261161804e-01
2.115066796541213989e-01 -2.012592703104019165e-01
-4.899024963378906250e-02 -9.207938611507415771e-02
-2.084794491529464722e-01 9.310550987720489502e-02
-7.559386640787124634e-02 2.576575577259063721e-01
8.509966731071472168e-02 -9.965559095144271851e-02
-2.265198528766632080e-01 1.777038872241973877e-01
8.139827102422714233e-02 3.256271407008171082e-02
1.664706021547317505e-01 -1.280956417322158813e-01
2.666490375995635986e-01 -4.416470602154731750e-02
-4.599178582429885864e-02 2.023476511240005493e-01
1.580943912267684937e-01 -9.512996673583984375e-02
-1.273974180221557617e-01 1.083831414580345154e-01
-2.901230938732624054e-02 2.317292839288711548e-01
9.995112195611000061e-03 -4.509485885500907898e-02
-2.662448287010192871e-01 8.352149277925491333e-02
-5.322352051734924316e-02 -4.735405673272907734e-04
7.898082584142684937e-02 -2.792550809681415558e-02
3.336552157998085022e-02 -1.074699461460113525e-01
1.970423012971878052e-01 -1.143741142004728317e-02
-8.188755065202713013e-02 3.895951062440872192e-02
2.460401952266693115e-01 3.265044465661048889e-02
-7.820749282836914062e-02 -4.337567463517189026e-02
1.256994158029556274e-01 -5.621946603059768677e-02
-1.628402173519134521e-01 7.772906869649887085e-02
2.611836791038513184e-01 -2.393765151500701904e-01
-1.311166863888502121e-02 -8.362376131117343903e-03
1.351521909236907959e-01 -5.668561533093452454e-02
1.625702902674674988e-02 1.134076807647943497e-02
-6.702601909637451172e-02 2.199838683009147644e-02
-1.173798069357872009e-01 -1.331138461828231812e-01
-1.224171295762062073e-01 -2.004664624109864235e-03
5.677253007888793945e-02 -3.895020857453346252e-02
-4.924999922513961792e-02 -1.031730026006698608e-01
-1.293633580207824707e-01 2.824823558330535889e-02
2.086894214153289795e-01 -2.208850383758544922e-01
-1.780177205801010132e-01 6.826827675104141235e-02
4.548299685120582581e-02 -2.840131707489490509e-02
6.509336829185485840e-02 -1.143421232700347900e-02
2.440655082464218140e-01 -9.418605268001556396e-02
2.637231051921844482e-01 3.796439385041594505e-03
2.802705764770507812e-01 -8.221198618412017822e-02
-7.678838819265365601e-02 -4.896033555269241333e-02
-4.429575428366661072e-02 1.145466119050979614e-01
2.294310629367828369e-01 -3.336928486824035645e-01
5.359820649027824402e-02 -2.867113947868347168e-01
-6.074027717113494873e-02 9.071537293493747711e-03
-1.041049789637327194e-02 -1.696196049451828003e-01
-1.473714411258697510e-01 2.142570018768310547e-01
-5.733295157551765442e-02 1.781035661697387695e-01
2.792812585830688477e-01 -1.762366145849227905e-01
2.016225270926952362e-02 1.477348804473876953e-01
4.106467589735984802e-02 -1.619679927825927734e-01
-2.084098458290100098e-01 2.290887981653213501e-01
3.044942915439605713e-01 -2.119045853614807129e-01
-2.390772253274917603e-01 1.305197477340698242e-01
1.825284063816070557e-01 -2.271570414304733276e-01
-1.407434493303298950e-01 3.751392662525177002e-02
3.148817643523216248e-02 -3.039686416741460562e-04
-1.870993524789810181e-03 2.958283573389053345e-02
4.087011516094207764e-02 1.583383828401565552e-01
5.467006936669349670e-02 1.129861176013946533e-01
1.348573863506317139e-01 -9.254951961338520050e-03
2.316953614354133606e-02 8.170535415410995483e-02
-1.738593727350234985e-01 3.128766119480133057e-01
9.910147637128829956e-02 -5.747943650931119919e-03
-1.600591242313385010e-01 -5.439764633774757385e-02
-2.376359403133392334e-01 1.806942373514175415e-01
2.956986892968416214e-03 -1.398967206478118896e-02
-1.685296744108200073e-01 -1.018917188048362732e-02
5.761210992932319641e-02 -1.372148469090461731e-02
-1.374070644378662109e-01 2.949018776416778564e-01
1.322368979454040527e-01 4.608885571360588074e-02
1.053499728441238403e-01 -1.994739174842834473e-01
2.410570383071899414e-01 -7.363659143447875977e-02
8.129790425300598145e-02 -4.883520677685737610e-02
-3.837333247065544128e-02 7.879900932312011719e-02
-5.363111570477485657e-02 -1.682310923933982849e-02
1.327997595071792603e-01 1.240273658186197281e-02
-6.173741444945335388e-02 1.604381352663040161e-01
-2.797849629132542759e-05 9.293974190950393677e-02
-2.788593806326389313e-02 1.011931989341974258e-02
1.956235468387603760e-01 -5.878411233425140381e-02
2.501101493835449219e-01 -4.906492680311203003e-02
-8.030578494071960449e-02 -1.054518595337867737e-01
1.027185767889022827e-01 -8.396208286285400391e-02
5.916209146380424500e-02 -2.684845402836799622e-02
1.609842628240585327e-01 2.586936205625534058e-02
-1.552411317825317383e-01 7.345633208751678467e-02
2.681399136781692505e-02 -3.903985768556594849e-02
1.141982898116111755e-01 -2.161057889461517334e-01
1.671687215566635132e-01 -1.364345997571945190e-01
-9.789849817752838135e-02 1.097976416349411011e-01
-1.789543218910694122e-02 1.275192350149154663e-01
-1.324907131493091583e-02 -2.227530032396316528e-01
-9.096756577491760254e-02 1.815364807844161987e-01
9.007684886455535889e-02 -2.570070140063762665e-02
-1.332930326461791992e-01 -1.840567402541637421e-02
1.204930096864700317e-01 -1.201804876327514648e-01
6.625197827816009521e-02 1.588388718664646149e-02
1.036537364125251770e-01 -1.081670671701431274e-01
-2.949516475200653076e-01 1.452852338552474976e-01
-5.338893085718154907e-02 1.052499096840620041e-02
-5.343597754836082458e-02 -1.166533008217811584e-01
-2.318465262651443481e-01 1.101531237363815308e-01
-1.596655845642089844e-01 1.273427903652191162e-01
1.621358841657638550e-02 -2.810021303594112396e-02
1.464915424585342407e-01 -9.408213198184967041e-02
4.186285287141799927e-02 2.098624221980571747e-02
6.475002318620681763e-02 -1.598831117153167725e-01
-1.225193813443183899e-01 -7.562921196222305298e-02
1.221807152032852173e-01 -8.963209390640258789e-02
-9.661827981472015381e-02 -1.739459671080112457e-02
2.096629142761230469e-01 -4.632821306586265564e-02
2.670096792280673981e-02 7.512412220239639282e-02
1.430783420801162720e-01 -2.385967783629894257e-02
-2.505563432350754738e-03 2.136795967817306519e-02
-1.045176237821578979e-01 -2.583423070609569550e-02
5.369733553379774094e-03 -8.356326818466186523e-02
7.082603871822357178e-02 -9.128335863351821899e-02
5.467786267399787903e-02 -1.324501931667327881e-01
4.149727523326873779e-02 -1.241362616419792175e-01
-1.619853079319000244e-01 5.128720402717590332e-02
-6.490695476531982422e-02 2.083317749202251434e-02
-1.254270076751708984e-01 -5.356156453490257263e-02
-1.398638486862182617e-01 6.117795407772064209e-02
-2.823486737906932831e-02 2.718242630362510681e-02
-1.455747336149215698e-01 2.778561599552631378e-02
-2.326715439558029175e-01 1.943258196115493774e-01
9.067207574844360352e-02 8.982219733297824860e-03
-2.121030911803245544e-02 1.877392530441284180e-01
-2.197367548942565918e-01 7.731190323829650879e-02
1.443202495574951172e-01 -1.590881645679473877e-01
1.445664018392562866e-01 -7.918033003807067871e-02
1.766074262559413910e-02 -4.842091817408800125e-03
1.680914014577865601e-01 -4.660771042108535767e-02
8.190123736858367920e-02 -3.297324851155281067e-02
-5.430988501757383347e-03 -3.236952796578407288e-02
2.518984973430633545e-01 -2.438840866088867188e-01
5.516895651817321777e-02 1.094576418399810791e-01
-6.318569928407669067e-02 1.369358748197555542e-01
