-1.325258612632751465e-01 1.565230824053287506e-02
7.730105519294738770e-02 -6.937255710363388062e-02
-4.461033642292022705e-02 8.515746146440505981e-02
8.877438306808471680e-02 -8.418504148721694946e-02
-1.220495328307151794e-01 -6.524469354189932346e-04
-1.554702222347259521e-01 -1.184097453951835632e-01
2.274181097745895386e-01 -2.082052677869796753e-01
-2.447708398103713989e-01 7.541325688362121582e-02
-1.031251847743988037e-01 2.597950026392936707e-02
-1.279979497194290161e-01 3.029397130012512207e-01
-1.499900221824645996e-01 4.780333116650581360e-02
-2.163858711719512939e-01 6.544301658868789673e-02
-2.639712393283843994e-01 3.401623964309692383e-01
-4.519074037671089172e-02 6.248801946640014648e-02
9.667034447193145752e-02 3.897470608353614807e-02
2.484788000583648682e-01 -3.105765283107757568e-01
-1.241163387894630432e-01 4.424323327839374542e-03
-4.029602557420730591e-02 -1.243173405528068542e-01
-1.043019592761993408e-01 2.276968955993652344e-01
9.460593014955520630e-02 -1.215280070900917053e-01
-5.840076133608818054e-02 -3.059787303209304810e-02
-4.019219428300857544e-02 -1.309447735548019409e-01
-1.308514922857284546e-01 1.682842033915221691e-03
9.208630770444869995e-02 -8.764085173606872559e-02
-1.410627663135528564e-01 1.354152802377939224e-02
8.613982051610946655e-02 -1.960153877735137939e-01
-2.890528738498687744e-01 1.004005521535873413e-01
-1.318343579769134521e-01 9.729275852441787720e-02
9.481204301118850708e-02 -3.763154894113540649e-02
-2.447897940874099731e-02 -1.703550368547439575e-01
-1.758314520120620728e-01 3.815293014049530029e-01
4.641731083393096924e-01 -4.043694138526916504e-01
-5.205097142606973648e-03 -2.038794755935668945e-01
1.724326312541961670e-01 -7.889365404844284058e-02
-2.512165606021881104e-01 2.970625758171081543e-01
1.218831390142440796e-01 -1.336827725172042847e-01
-2.580442130565643311e-01 7.427254319190979004e-02
-3.104065656661987305e-01 1.671237647533416748e-01
-1.041858196258544922e-01 1.675884574651718140e-01
-2.226519584655761719e-01 3.012275695800781250e-01
4.298841953277587891e-01 -1.924765557050704956e-01
-1.988471895456314087e-01 2.851230800151824951e-01
1.301182806491851807e-01 -8.715250343084335327e-02
2.615987658500671387e-01 -1.525277346372604370e-01
5.944775044918060303e-02 1.859353035688400269e-01
-2.199268788099288940e-01 2.544571161270141602e-01
-4.658568277955055237e-02 5.700367316603660583e-02
-3.254123330116271973e-01 3.345001041889190674e-01
-1.580132357776165009e-02 -5.031703040003776550e-02
4.874683544039726257e-02 -1.450767666101455688e-01
-2.708849012851715088e-01 1.520811766386032104e-01
2.366130501031875610e-01 -1.728267073631286621e-01
3.363290568813681602e-03 -2.543079853057861328e-01
-6.344603002071380615e-02 3.169106692075729370e-02
4.783115983009338379e-01 -3.271106481552124023e-01
2.812149226665496826e-01 -1.668893396854400635e-01
-3.663108944892883301e-01 3.522331416606903076e-01
-1.521956771612167358e-01 2.132483571767807007e-01
1.125481724739074707e-01 2.817440405488014221e-02
1.824609818868339062e-03 2.362667955458164215e-02
-4.147447049617767334e-01 3.652955889701843262e-01
2.742472589015960693e-01 -1.681845188140869141e-01
1.563196629285812378e-01 -1.712875366210937500e-01
7.189466059207916260e-02 -2.544930577278137207e-01
-3.212383687496185303e-01 3.138242065906524658e-01
-3.833740055561065674e-01 4.951040744781494141e-01
-5.223084688186645508e-01 3.679459095001220703e-01
3.862302899360656738e-01 -4.101943969726562500e-01
-2.263431400060653687e-01 2.624418437480926514e-01
6.714164465665817261e-02 -6.475270539522171021e-02
1.986067183315753937e-02 1.849388470873236656e-03
-6.937963962554931641e-01 6.088984012603759766e-01
3.550719097256660461e-02 -1.408437732607126236e-02
3.739346191287040710e-02 -1.002775356173515320e-01
-2.056621462106704712e-01 8.781579136848449707e-02
-2.154640555381774902e-01 3.755072653293609619e-01
-5.896485969424247742e-02 1.398705691099166870e-01
-5.834325775504112244e-02 6.044767424464225769e-02
3.869548812508583069e-02 -4.023650288581848145e-02
3.878140076994895935e-02 -8.492071926593780518e-02
3.113844990730285645e-01 -3.439956605434417725e-01
4.444598034024238586e-02 -5.509101599454879761e-02
-5.756740570068359375e-01 3.865004777908325195e-01
-5.924848467111587524e-02 -7.862576842308044434e-02
-9.375482052564620972e-02 -1.043634768575429916e-02
-2.814192175865173340e-01 4.313271939754486084e-01
-1.109264045953750610e-02 -7.285626977682113647e-02
1.320425570011138916e-01 1.419297140091657639e-02
-1.937271058559417725e-01 -9.727438911795616150e-03
1.367119103670120239e-01 -1.527449190616607666e-01
-4.148948490619659424e-01 5.512269139289855957e-01
-1.530540436506271362e-01 3.020956814289093018e-01
1.554564535617828369e-01 -2.603819668292999268e-01
1.951956450939178467e-01 -1.900545060634613037e-01
-1.471781730651855469e-01 2.436710894107818604e-01
8.214652538299560547e-01 -8.899353742599487305e-01
8.552568405866622925e-02 1.252482980489730835e-01
4.487585425376892090e-01 -4.984987676143646240e-01
-4.058836400508880615e-01 1.667373925447463989e-01
6.206910610198974609e-01 -5.659052729606628418e-01
-9.696611762046813965e-02 1.915004253387451172e-01
1.186377406120300293e-01 -8.092164993286132812e-02
3.179904073476791382e-02 5.892986431717872620e-02
-2.202773280441761017e-02 2.623980939388275146e-01
4.300339221954345703e-01 -1.322298943996429443e-01
-1.232909411191940308e-02 7.512740045785903931e-02
1.736462861299514771e-01 -2.123147994279861450e-01
4.581715464591979980e-01 -3.920200765132904053e-01
-2.646303176879882812e-01 2.674833536148071289e-01
-4.074020683765411377e-01 3.066895902156829834e-01
1.286620348691940308e-01 6.534295529127120972e-02
-6.999588012695312500e-02 1.841660290956497192e-01
-3.510573878884315491e-02 -1.172337681055068970e-03
1.073269695043563843e-01 -1.258071362972259521e-01
-5.034769177436828613e-01 3.349354565143585205e-01
3.249667286872863770e-01 -2.321378290653228760e-01
2.632652223110198975e-01 -9.535906463861465454e-02
1.611342430114746094e-01 -1.920408606529235840e-01
6.131835579872131348e-01 -4.573611021041870117e-01
-4.498791322112083435e-02 -8.306592702865600586e-02
-1.793959885835647583e-01 3.410921394824981689e-01
-2.745330929756164551e-01 3.097326755523681641e-01
4.694230854511260986e-02 -5.745008215308189392e-02
-4.033795595169067383e-01 3.973450362682342529e-01
-4.476566910743713379e-01 4.189690947532653809e-01
7.963069714605808258e-03 1.471939235925674438e-01
6.562625616788864136e-02 2.019480615854263306e-01
1.867506206035614014e-01 -3.147406578063964844e-01
1.508639454841613770e-01 -1.249385625123977661e-01
-6.274308562278747559e-01 5.101750493049621582e-01
-3.912599682807922363e-01 3.385725617408752441e-01
2.087726294994354248e-01 -6.757047772407531738e-02
-5.947293043136596680e-01 3.975228965282440186e-01
8.512246422469615936e-03 -1.608008742332458496e-01
-3.548960387706756592e-01 4.245034158229827881e-01
-9.979488700628280640e-02 3.725289180874824524e-02
-1.712463051080703735e-02 3.493894636631011963e-02
-4.088444113731384277e-01 5.641582012176513672e-01
-8.857039213180541992e-01 6.052557826042175293e-01
-5.121395587921142578e-01 5.517060160636901855e-01
3.155269920825958252e-01 -3.529033660888671875e-01
-3.563639521598815918e-01 3.328791558742523193e-01
-2.773202359676361084e-01 2.644543945789337158e-01
7.821711152791976929e-02 -2.589718401432037354e-01
-8.701655268669128418e-02 1.025747582316398621e-01
1.535465568304061890e-01 9.177725762128829956e-02
-6.092433333396911621e-01 7.015415430068969727e-01
7.348988205194473267e-02 -1.386324614286422729e-01
3.582553267478942871e-01 -2.699259519577026367e-01
-6.790515780448913574e-01 7.259082794189453125e-01
1.527649462223052979e-01 -1.024906486272811890e-01
2.958991229534149170e-01 -4.063524305820465088e-01
-5.019603669643402100e-02 3.060537204146385193e-02
2.853678762912750244e-01 -4.643936157226562500e-01
-4.996147453784942627e-01 4.210231304168701172e-01
2.589698731899261475e-01 -4.119441807270050049e-01
-1.006124839186668396e-01 1.221540644764900208e-01
3.137302696704864502e-01 -3.720545470714569092e-01
2.927857637405395508e-01 -2.307466566562652588e-01
6.578952819108963013e-02 -2.058389037847518921e-02
-3.185666501522064209e-01 3.393556177616119385e-01
1.152743622660636902e-01 -2.505716383457183838e-01
1.213406324386596680e-01 1.056523397564888000e-01
7.498133182525634766e-01 -7.000587582588195801e-01
-3.837530016899108887e-01 2.855317890644073486e-01
5.475529432296752930e-01 -6.365451216697692871e-01
3.081725537776947021e-01 -2.463071197271347046e-01
-1.502972096204757690e-01 1.101705580949783325e-01
-7.478791475296020508e-02 2.014235109090805054e-01
1.806837618350982666e-01 -1.185569539666175842e-01
2.751595377922058105e-01 -2.798586785793304443e-01
-4.047783613204956055e-01 4.661998152732849121e-01
-6.705235838890075684e-01 5.723558664321899414e-01
-3.268586695194244385e-01 2.364850938320159912e-01
-9.359164237976074219e-01 7.478330731391906738e-01
-9.663918614387512207e-02 2.253683209419250488e-01
-4.085210561752319336e-01 3.737902343273162842e-01
3.420901894569396973e-01 -4.947728216648101807e-01
-4.159217700362205505e-02 1.032984443008899689e-02
3.125683665275573730e-01 -2.618974745273590088e-01
3.753258585929870605e-01 -3.686840236186981201e-01
5.732336640357971191e-01 -4.432384967803955078e-01
-4.435814172029495239e-02 1.079177781939506531e-01
4.698681831359863281e-02 2.509939298033714294e-02
-4.008147716522216797e-01 3.353384733200073242e-01
-7.060130238533020020e-01 6.992825865745544434e-01
2.600792944431304932e-01 -2.587457597255706787e-01
-2.793862819671630859e-01 2.936531901359558105e-01
6.603651493787765503e-02 -1.033243909478187561e-01
-2.892567515373229980e-01 1.894161105155944824e-01
5.438247919082641602e-01 -2.707515358924865723e-01
-2.896404862403869629e-01 -1.032974850386381149e-02
3.084076642990112305e-01 -2.152447253465652466e-01
6.537237763404846191e-02 6.824322789907455444e-02
-5.696855112910270691e-02 1.359047293663024902e-01
5.568325985223054886e-03 -3.597536822780966759e-03
-3.049757480621337891e-01 3.806688487529754639e-01
3.903701901435852051e-02 1.521745417267084122e-02
-8.956934325397014618e-03 1.017920449376106262e-01
-3.714036568999290466e-02 3.482767939567565918e-02
-5.371773615479469299e-02 1.526612043380737305e-01
-1.738003939390182495e-01 2.331180870532989502e-01
-3.284186720848083496e-01 1.521761268377304077e-01
-8.343730121850967407e-03 1.139615010470151901e-02
-7.067270576953887939e-02 1.133456900715827942e-01
-1.055342182517051697e-01 5.826320871710777283e-02
-1.077215522527694702e-01 1.600799411535263062e-01
-1.065120920538902283e-01 3.903876245021820068e-02
-6.917360424995422363e-02 8.042088150978088379e-02
7.883855700492858887e-02 -1.460029482841491699e-01
-2.931874096393585205e-01 3.362330794334411621e-01
6.208515539765357971e-02 4.284019768238067627e-02
2.704350510612130165e-03 -3.751517459750175476e-02
-6.476572155952453613e-02 2.235912233591079712e-01
-8.810732513666152954e-02 1.273585557937622070e-01
6.379868835210800171e-02 -1.014637053012847900e-01
-1.059833243489265442e-01 -4.668167978525161743e-02
1.938435137271881104e-01 -2.923348844051361084e-01
-2.233093827962875366e-01 6.548638641834259033e-02
5.071565508842468262e-02 -8.912258781492710114e-03
4.656020551919937134e-02 6.195162236690521240e-02
-3.456232547760009766e-01 1.677337735891342163e-01
4.729415848851203918e-02 -1.038627475500106812e-01
2.915444411337375641e-02 -2.223333418369293213e-01
-4.198934882879257202e-02 6.278926879167556763e-02
4.175408482551574707e-01 -3.910866677761077881e-01
-2.751935645937919617e-02 1.157459244132041931e-01
3.428646028041839600e-01 -3.669358193874359131e-01
-1.367909461259841919e-01 3.602076172828674316e-01
-1.054551526904106140e-01 8.237060159444808960e-03
-6.016122177243232727e-03 1.393033862113952637e-01
-8.201037347316741943e-02 7.230765372514724731e-02
-2.563164941966533661e-02 -1.461117714643478394e-01
-1.465227454900741577e-01 -2.448177523910999298e-02
2.099599391222000122e-01 9.759879112243652344e-02
2.050919681787490845e-01 -2.511630952358245850e-01
-1.850356906652450562e-01 1.462861448526382446e-01
-3.444051444530487061e-01 2.136389166116714478e-01
-1.800108700990676880e-01 3.820093572139739990e-01
-7.229460775852203369e-02 -1.480989754199981689e-01
-2.182015627622604370e-01 1.736612021923065186e-01
1.799914389848709106e-01 -5.239131301641464233e-02
2.409989684820175171e-01 -1.878610104322433472e-01
1.784521527588367462e-02 9.445681422948837280e-02
-1.972733587026596069e-01 -2.766082063317298889e-02
1.594225317239761353e-01 -3.642084896564483643e-01
6.575211300514638424e-04 5.329683050513267517e-02
-5.224799737334251404e-02 1.962537467479705811e-01
-1.619125604629516602e-01 4.289216399192810059e-01
-3.174188733100891113e-01 4.529913142323493958e-02
-8.259797096252441406e-02 1.926594078540802002e-01
5.153381079435348511e-02 1.855528503656387329e-01
-5.361411347985267639e-02 6.781522929668426514e-02
1.679805070161819458e-01 -2.419929765164852142e-02
2.351584881544113159e-01 -2.978936731815338135e-01
1.008563954383134842e-02 2.210527472198009491e-02
