-4.022467508912086487e-02 1.426195502281188965e-01
-8.623910695314407349e-02 3.429497405886650085e-02
9.601204842329025269e-02 7.665181066840887070e-03
9.515037387609481812e-02 -1.309535093605518341e-02
5.489899590611457825e-02 -7.527139782905578613e-02
7.793944329023361206e-02 -8.179161697626113892e-02
1.006104275584220886e-01 -9.244713932275772095e-02
1.368777453899383545e-01 -2.656790912151336670e-01
2.710664272308349609e-01 -2.175732553005218506e-01
-3.167847990989685059e-01 3.205078542232513428e-01
1.338105350732803345e-01 -1.079780980944633484e-02
7.989522069692611694e-03 -2.502668462693691254e-02
2.917052209377288818e-01 -2.362187355756759644e-01
2.843764722347259521e-01 -1.901490390300750732e-01
2.959251999855041504e-01 -2.811227738857269287e-01
-1.494654119014739990e-01 9.535692632198333740e-02
1.239978298544883728e-01 -2.925220727920532227e-01
2.655301988124847412e-01 -1.868340671062469482e-01
4.318788647651672363e-01 -2.595373988151550293e-01
2.205187082290649414e-01 -1.483328491449356079e-01
7.708139717578887939e-02 7.589182257652282715e-02
1.551988162100315094e-02 2.617297768592834473e-01
4.647228866815567017e-02 -3.015980720520019531e-01
2.836339771747589111e-01 -2.008700966835021973e-01
6.274487078189849854e-02 1.022447794675827026e-01
1.044312119483947754e-01 -1.216982305049896240e-01
1.575681567192077637e-01 -1.328150629997253418e-01
4.805954918265342712e-02 -3.995013609528541565e-02
2.376141101121902466e-01 -2.139670401811599731e-01
9.058899432420730591e-02 -1.438000202178955078e-01
1.630009412765502930e-01 -3.430471122264862061e-01
1.361289620399475098e-01 -1.357402801513671875e-01
6.168617308139801025e-02 1.188614293932914734e-01
2.093791365623474121e-01 -2.289779633283615112e-01
7.726828008890151978e-02 1.225617602467536926e-01
2.513267099857330322e-02 7.048112154006958008e-02
2.382305264472961426e-01 -5.308106541633605957e-02
-2.869889438152313232e-01 1.864327639341354370e-01
1.215721829794347286e-03 5.079145357012748718e-02
2.434778809547424316e-01 -2.193901687860488892e-01
1.608490943908691406e-02 9.708531200885772705e-02
1.651154160499572754e-01 -1.789633035659790039e-01
-2.448602616786956787e-01 1.712779402732849121e-01
6.067697331309318542e-02 -1.446606069803237915e-01
-2.577093988656997681e-02 -1.000550314784049988e-01
-2.114337310194969177e-02 1.410423517227172852e-01
-1.974655389785766602e-01 1.119568869471549988e-01
1.571810990571975708e-01 3.347837179899215698e-02
-4.058151543140411377e-01 2.304129153490066528e-01
-1.193671450018882751e-01 2.471037507057189941e-01
7.571894675493240356e-02 1.915210783481597900e-01
-3.442806899547576904e-01 2.356047928333282471e-01
1.505736857652664185e-01 2.453511813655495644e-03
-9.473808854818344116e-02 2.500378340482711792e-02
2.289980947971343994e-01 -1.962661445140838623e-01
1.929916627705097198e-02 2.627006359398365021e-02
-1.791274547576904297e-01 1.433901209384202957e-02
1.905785058625042439e-03 1.205900609493255615e-01
1.280726641416549683e-01 -6.032986566424369812e-02
1.726186275482177734e-01 -3.394710123538970947e-01
9.500046074390411377e-02 -1.056026816368103027e-01
-1.510628312826156616e-01 1.054889708757400513e-01
1.580630540847778320e-01 -1.782536208629608154e-01
-1.643292158842086792e-01 1.316730827093124390e-01
-1.026922345161437988e+00 8.536875844001770020e-01
-5.325616598129272461e-01 6.414309740066528320e-01
5.268003344535827637e-01 -3.213155567646026611e-01
-1.715445667505264282e-01 4.428303241729736328e-02
4.320367872714996338e-01 -2.124920338392257690e-01
-3.217044472694396973e-01 3.780044019222259521e-01
6.911681294441223145e-01 -7.072101831436157227e-01
4.460633695125579834e-01 -5.266798734664916992e-01
6.507761478424072266e-01 -7.163755893707275391e-01
-2.916311025619506836e-01 4.067056179046630859e-01
-9.924951940774917603e-02 2.371970117092132568e-01
-3.074421584606170654e-01 5.230770111083984375e-01
6.678282022476196289e-01 -4.579495787620544434e-01
5.527734160423278809e-01 -4.887364208698272705e-01
5.046780705451965332e-01 -3.950450718402862549e-01
-5.273922085762023926e-01 4.739521145820617676e-01
-3.626716434955596924e-01 2.821877002716064453e-01
-6.017132848501205444e-02 -5.789195001125335693e-02
6.093049645423889160e-01 -4.843061566352844238e-01
6.608021855354309082e-01 -6.002057790756225586e-01
-3.295850753784179688e-01 2.727338075637817383e-01
-1.776285171508789062e-01 2.509450018405914307e-01
6.074113845825195312e-01 -6.408532857894897461e-01
-5.423167943954467773e-01 4.321299791336059570e-01
-6.532756686210632324e-01 5.125669240951538086e-01
4.508337751030921936e-02 -1.811612695455551147e-01
-5.434229969978332520e-02 2.100174725055694580e-01
4.914964437484741211e-01 -5.649409890174865723e-01
9.696893095970153809e-01 -8.149177432060241699e-01
-1.377116739749908447e-01 2.721099257469177246e-01
2.874898314476013184e-01 -3.034267127513885498e-01
-1.587148755788803101e-01 1.019393205642700195e-01
3.344979584217071533e-01 -2.487591505050659180e-01
5.632899329066276550e-02 -6.845454871654510498e-02
-8.885679394006729126e-02 -1.365284323692321777e-01
2.336438298225402832e-01 -1.198185384273529053e-01
1.700601428747177124e-01 -2.763857245445251465e-01
6.879838649183511734e-03 -6.267022341489791870e-02
2.821041941642761230e-01 -2.181567847728729248e-01
9.993122518062591553e-02 -2.888511680066585541e-02
6.832571625709533691e-01 -5.140799880027770996e-01
7.087834477424621582e-01 -6.688001155853271484e-01
-5.381407737731933594e-01 5.910398364067077637e-01
1.048036932945251465e+00 -1.131569385528564453e+00
-2.730891704559326172e-01 1.140539199113845825e-01
-1.952908784151077271e-01 1.646487563848495483e-01
-2.376347780227661133e-01 3.674187138676643372e-02
-1.773100942373275757e-01 2.624915838241577148e-01
-2.565822303295135498e-01 2.817795574665069580e-01
6.392568945884704590e-01 -4.613829553127288818e-01
-1.282369792461395264e-01 1.372412741184234619e-01
-7.103091478347778320e-01 7.220091819763183594e-01
2.010906636714935303e-01 -1.751352474093437195e-02
-5.735140442848205566e-01 5.893159508705139160e-01
-1.979939639568328857e-01 1.637924462556838989e-01
8.931371383368968964e-03 8.657746016979217529e-02
6.629166603088378906e-01 -5.328783392906188965e-01
-1.497109234333038330e-01 1.878902465105056763e-01
-2.669978141784667969e-01 2.124407142400741577e-01
7.274951338768005371e-01 -6.947360634803771973e-01
7.613593339920043945e-01 -7.593202590942382812e-01
6.140102446079254150e-02 -2.747057080268859863e-01
4.568200707435607910e-01 -2.926234900951385498e-01
-2.241059392690658569e-01 1.005049794912338257e-01
1.810092180967330933e-01 -4.233919978141784668e-01
2.215015143156051636e-01 -2.285960018634796143e-01
1.335139513015747070e+00 -1.409665226936340332e+00
-6.219744086265563965e-01 5.886383652687072754e-01
-1.087404251098632812e+00 1.020269870758056641e+00
-3.635308146476745605e-01 5.914778709411621094e-01
2.588751018047332764e-01 -4.165548682212829590e-01
-4.991636276245117188e-01 4.625348746776580811e-01
1.737431406974792480e+00 -1.664768934249877930e+00
-3.599928915500640869e-01 2.588705420494079590e-01
1.015008926391601562e+00 -1.065453052520751953e+00
4.280726611614227295e-01 -5.048365592956542969e-01
9.299407713115215302e-03 -1.832039654254913330e-01
2.330526709556579590e-01 -2.637554407119750977e-01
1.463263869285583496e+00 -1.575711727142333984e+00
-4.510174095630645752e-01 5.055354237556457520e-01
4.674826562404632568e-01 -3.045604228973388672e-01
-2.742940485477447510e-01 1.871514767408370972e-01
6.864650547504425049e-02 -2.092065662145614624e-01
1.685287505388259888e-01 -2.661359012126922607e-01
-5.378640294075012207e-01 3.949324190616607666e-01
1.446025520563125610e-01 -1.676625907421112061e-01
-4.212686717510223389e-01 4.080271124839782715e-01
5.115324258804321289e-01 -2.239294201135635376e-01
-4.298745095729827881e-01 4.376421272754669189e-01
-1.478178858757019043e+00 1.391045928001403809e+00
1.468779146671295166e-01 -9.997321292757987976e-03
4.141449034214019775e-01 -2.639316916465759277e-01
4.288261532783508301e-01 -4.357085227966308594e-01
4.405035376548767090e-01 -4.413316547870635986e-01
-6.138432025909423828e-01 5.175270438194274902e-01
3.276971876621246338e-01 -1.755257397890090942e-01
-8.006343245506286621e-01 9.099469184875488281e-01
-1.850409209728240967e-01 3.082382380962371826e-01
-7.531774640083312988e-01 7.279431223869323730e-01
-1.057326436042785645e+00 9.213873744010925293e-01
-8.901880681514739990e-02 -1.549724936485290527e-01
1.011998295783996582e+00 -8.467345833778381348e-01
-1.063228119164705276e-02 4.834569618105888367e-02
-1.493059992790222168e-01 2.535665333271026611e-01
-7.952101826667785645e-01 6.014550924301147461e-01
-3.635722398757934570e-01 2.988338470458984375e-01
6.033892035484313965e-01 -6.926820278167724609e-01
-9.105250835418701172e-01 9.626611471176147461e-01
6.124101877212524414e-01 -3.745851814746856689e-01
1.570980995893478394e-01 -2.335428893566131592e-01
-4.949683845043182373e-01 5.883609056472778320e-01
6.191360354423522949e-01 -5.160124897956848145e-01
-3.171789050102233887e-01 3.551182448863983154e-01
-5.865685343742370605e-01 4.517898559570312500e-01
8.207871317863464355e-01 -8.312647938728332520e-01
-8.531087636947631836e-01 7.315394878387451172e-01
-5.349417924880981445e-01 5.219865441322326660e-01
2.695099413394927979e-01 -9.834884107112884521e-02
1.103030681610107422e+00 -1.012170314788818359e+00
9.286612272262573242e-02 -2.904249727725982666e-01
-6.806625723838806152e-01 6.998797059059143066e-01
4.126179218292236328e-01 -4.128794074058532715e-01
8.409494534134864807e-03 -7.881513983011245728e-02
3.005804419517517090e-01 -1.231291294097900391e-01
-4.260952770709991455e-01 5.237434506416320801e-01
-1.290206611156463623e-01 2.325271815061569214e-01
4.607987701892852783e-01 -4.477196037769317627e-01
2.615753412246704102e-01 -2.260576784610748291e-01
-2.051369100809097290e-01 3.024863898754119873e-01
4.209740757942199707e-01 -3.484323918819427490e-01
2.722685933113098145e-01 -2.362087666988372803e-01
-3.003958761692047119e-01 1.550564169883728027e-01
-4.380256533622741699e-01 4.597709476947784424e-01
-3.984858691692352295e-01 4.058390259742736816e-01
-2.947614490985870361e-01 2.536925859749317169e-02
1.219888217747211456e-02 3.939091786742210388e-02
2.103299200534820557e-01 -2.435602843761444092e-01
2.295312136411666870e-01 -1.980831921100616455e-01
6.392256170511245728e-02 -2.526976168155670166e-02
6.618124991655349731e-02 -3.274251893162727356e-02
2.191841155290603638e-01 -2.706463038921356201e-01
-2.201022952795028687e-01 -1.309863850474357605e-02
3.261073529720306396e-01 -3.423556089401245117e-01
-1.065548509359359741e-01 -1.786651462316513062e-01
1.237923130393028259e-01 -2.138113826513290405e-01
-2.802762687206268311e-01 3.613615036010742188e-01
5.055934190750122070e-01 -4.958480894565582275e-01
1.332072168588638306e-01 -1.738599240779876709e-01
2.361200563609600067e-02 1.701264977455139160e-01
-6.099362671375274658e-02 9.244725853204727173e-02
3.412147164344787598e-01 -4.826034009456634521e-01
-2.655017673969268799e-01 1.678223758935928345e-01
-1.350809037685394287e-01 7.419432699680328369e-02
-2.376467585563659668e-01 5.835712701082229614e-02
2.217504531145095825e-01 -2.478196024894714355e-01
3.755007684230804443e-02 -1.002666950225830078e-01
2.925509512424468994e-01 -4.337737262248992920e-01
-3.042864426970481873e-02 -4.215604066848754883e-02
-2.494818866252899170e-01 4.602074623107910156e-01
7.483009248971939087e-02 -3.383125364780426025e-02
1.057197004556655884e-01 -1.903725713491439819e-01
2.442872226238250732e-01 -1.854110509157180786e-01
-8.266283273696899414e-01 6.877716183662414551e-01
-4.950275421142578125e-01 4.476750195026397705e-01
-3.104336559772491455e-02 1.217456832528114319e-01
6.190773844718933105e-01 -4.263115525245666504e-01
-2.278904318809509277e-01 3.149011731147766113e-01
2.090542810037732124e-03 5.384489521384239197e-02
-1.360880769789218903e-02 3.392098248004913330e-01
4.911268129944801331e-02 1.130789518356323242e-01
6.279294490814208984e-01 -6.324421763420104980e-01
-5.664569735527038574e-01 5.190666317939758301e-01
1.790909022092819214e-01 -2.115167081356048584e-01
4.707078337669372559e-01 -2.360457926988601685e-01
-3.231487274169921875e-01 1.694386005401611328e-01
-2.609731853008270264e-01 9.653134644031524658e-02
-7.402887940406799316e-02 -1.565109007060527802e-02
-1.746713072061538696e-01 -1.538409967906773090e-03
-5.238265730440616608e-03 2.189560681581497192e-01
-2.614691853523254395e-01 2.127808630466461182e-01
-3.495791256427764893e-01 4.502625763416290283e-01
5.090300459414720535e-03 -9.111420065164566040e-02
3.540244400501251221e-01 -1.631671935319900513e-01
3.434901535511016846e-01 -3.882610499858856201e-01
1.545067876577377319e-01 1.301367767155170441e-02
3.239913582801818848e-01 -4.359508752822875977e-01
-2.863589227199554443e-01 2.905070483684539795e-01
3.058562576770782471e-01 -3.270036280155181885e-01
-1.199410296976566315e-02 -2.098375707864761353e-01
-2.815186679363250732e-01 1.305080056190490723e-01
4.236530065536499023e-01 -4.114682376384735107e-01
3.552320897579193115e-01 -2.743212878704071045e-01
