-1.887147575616836548e-01 1.197823584079742432e-01
-2.771397531032562256e-01 1.999348849058151245e-01
-9.884628467261791229e-03 4.812070727348327637e-02
1.621731370687484741e-01 -4.429331719875335693e-01
1.126777101308107376e-02 -6.706085801124572754e-02
5.620650947093963623e-02 -1.896983385086059570e-01
4.799911752343177795e-02 -1.070529520511627197e-01
2.691916227340698242e-01 -2.190678715705871582e-01
-1.683616489171981812e-01 2.385061532258987427e-01
-4.525562748312950134e-02 5.601499974727630615e-02
6.199036911129951477e-02 1.859874092042446136e-02
-1.801883578300476074e-01 2.180062532424926758e-01
2.588348388671875000e-01 -7.747461646795272827e-02
-2.326447367668151855e-01 7.849197834730148315e-02
1.151556521654129028e-01 -3.821226358413696289e-01
-1.172667145729064941e-01 5.323832854628562927e-02
-7.855119556188583374e-02 5.232438817620277405e-02
-1.022128462791442871e-01 2.203885167837142944e-01
1.474137306213378906e-01 -3.357046544551849365e-01
-1.847216188907623291e-01 1.046008244156837463e-01
1.236885040998458862e-01 -1.252498775720596313e-01
1.153267920017242432e-02 -1.375804692506790161e-01
-7.791776210069656372e-02 1.296491269022226334e-02
-1.421581059694290161e-01 -2.291679941117763519e-02
-1.295386552810668945e-01 1.157272160053253174e-01
-1.298310756683349609e-01 9.849944710731506348e-02
1.080433875322341919e-01 -2.292723506689071655e-01
1.330275740474462509e-02 2.018923163414001465e-01
-1.035728901624679565e-01 1.580729484558105469e-01
-3.037532269954681396e-01 2.830269634723663330e-01
1.604665070772171021e-02 -1.139284670352935791e-01
-4.592924565076828003e-02 1.591894328594207764e-01
8.378470689058303833e-02 2.823314163833856583e-03
-6.785654928535223007e-03 -4.721538722515106201e-02
8.204007148742675781e-02 -1.841057389974594116e-01
-1.046851873397827148e-01 -1.906425878405570984e-02
-2.051912695169448853e-01 9.734746068716049194e-03
6.507803499698638916e-02 -1.991518735885620117e-01
8.784101158380508423e-02 -3.763493523001670837e-02
-5.822035949677228928e-03 8.805169165134429932e-02
1.164692640304565430e-01 -3.733199834823608398e-01
-1.535891592502593994e-01 1.598310321569442749e-01
-9.591146558523178101e-02 1.384623944759368896e-01
1.802067644894123077e-02 -1.927749216556549072e-01
-9.236594289541244507e-02 -7.022722065448760986e-02
1.786875128746032715e-01 -1.483875066041946411e-01
-3.995086252689361572e-02 4.829495400190353394e-02
2.072138488292694092e-01 2.902303449809551239e-02
1.170933768153190613e-01 -2.691876590251922607e-01
2.876532375812530518e-01 -1.922050565481185913e-01
-5.982699990272521973e-02 2.023621946573257446e-01
7.728786021471023560e-02 -1.215224117040634155e-01
3.275383114814758301e-01 -2.674525044858455658e-02
-8.759304881095886230e-02 1.922350972890853882e-01
-2.109370231628417969e-01 3.075703382492065430e-01
-1.853678971529006958e-01 4.081510379910469055e-02
2.148719131946563721e-01 -9.111592173576354980e-02
-1.045634001493453979e-01 4.666211456060409546e-02
-1.865932196378707886e-01 7.189681287854909897e-03
2.186788469552993774e-01 -3.908727318048477173e-02
-9.889034181833267212e-02 -1.302051693201065063e-01
-3.284285068511962891e-01 5.589324515312910080e-03
1.453260481357574463e-01 8.934348076581954956e-02
-1.181851420551538467e-02 -2.004976943135261536e-02
-1.361900120973587036e-01 2.229040265083312988e-01
-3.294698596000671387e-01 3.677992820739746094e-01
-1.951109059154987335e-02 -6.953847408294677734e-02
-7.689401507377624512e-02 2.889402210712432861e-02
1.974678635597229004e-01 -1.977251619100570679e-01
-4.116136729717254639e-01 2.563644349575042725e-01
2.452700436115264893e-01 -2.549097239971160889e-01
-1.499868482351303101e-01 2.113536596298217773e-01
-2.433961033821105957e-01 3.487975150346755981e-02
2.246203273534774780e-01 -3.456211090087890625e-01
-2.202848047018051147e-01 3.131271526217460632e-02
-1.888116449117660522e-01 3.760806024074554443e-01
2.569947242736816406e-01 -1.780113875865936279e-01
-2.143967300653457642e-01 8.687210083007812500e-02
-5.977189913392066956e-02 1.995944678783416748e-01
-2.590041160583496094e-01 1.662048697471618652e-01
-2.808373272418975830e-01 3.403254449367523193e-01
-2.904362380504608154e-01 2.901296317577362061e-01
3.400448262691497803e-01 -3.867368400096893311e-02
-2.782748639583587646e-01 3.609707579016685486e-02
1.074916049838066101e-01 -8.821080625057220459e-02
-2.816218324005603790e-02 9.944233298301696777e-02
-1.847473680973052979e-01 2.447981983423233032e-01
-5.022165132686495781e-04 -7.521033287048339844e-02
1.243416368961334229e-01 -2.271561473608016968e-01
-1.613724529743194580e-01 2.851613461971282959e-01
-1.146157681941986084e-01 5.817991495132446289e-02
1.924585998058319092e-01 -4.175865948200225830e-01
3.346415460109710693e-01 -3.418356180191040039e-01
-2.348345965147018433e-01 2.781819105148315430e-01
-2.619096934795379639e-01 3.145965337753295898e-01
-2.160899043083190918e-01 6.321926414966583252e-02
5.167802330106496811e-03 -3.976836800575256348e-02
-3.479978740215301514e-01 1.786190271377563477e-01
2.506028413772583008e-01 -3.163430094718933105e-01
-3.008870482444763184e-01 1.984404772520065308e-01
-3.145778477191925049e-01 3.530306518077850342e-01
3.463254868984222412e-01 -4.263993799686431885e-01
-3.871179819107055664e-01 1.843839436769485474e-01
-2.919913828372955322e-01 1.640409529209136963e-01
2.790013849735260010e-01 -4.283603429794311523e-01
3.760485649108886719e-01 -2.893933355808258057e-01
-3.374654948711395264e-01 3.143902420997619629e-01
2.977988123893737793e-01 -2.986855506896972656e-01
2.485581189393997192e-01 -2.463219910860061646e-01
8.659909665584564209e-02 -7.055670022964477539e-02
2.572897374629974365e-01 -1.385589540004730225e-01
-2.707716310396790504e-03 -7.651432603597640991e-02
-2.862527268007397652e-03 -1.041659191250801086e-01
3.635166287422180176e-01 -3.449732065200805664e-01
2.183819711208343506e-01 -2.332177460193634033e-01
9.294532239437103271e-02 -3.264364004135131836e-01
1.203141883015632629e-01 -3.539030253887176514e-01
-1.180455926805734634e-02 7.443930208683013916e-02
-6.383752822875976562e-02 1.152158249169588089e-02
-8.864504843950271606e-02 8.113861083984375000e-02
3.623082041740417480e-01 -4.817930757999420166e-01
-3.668344020843505859e-01 3.182218372821807861e-01
-3.392671644687652588e-01 3.665086328983306885e-01
1.303803622722625732e-01 -2.505123317241668701e-01
9.501127153635025024e-02 -8.958497643470764160e-02
-1.281623393297195435e-01 1.631248444318771362e-01
-2.450632601976394653e-01 2.871100604534149170e-01
-4.343127086758613586e-02 3.565368056297302246e-02
-4.896471649408340454e-02 7.501481473445892334e-02
-2.436584383249282837e-01 4.457263648509979248e-01
1.385833323001861572e-01 -2.900035120546817780e-02
2.634322047233581543e-01 -4.473236203193664551e-01
-1.599455624818801880e-01 8.834306895732879639e-02
-4.328204989433288574e-01 3.148818314075469971e-01
3.861430287361145020e-01 -3.924449682235717773e-01
2.482965588569641113e-02 7.449642568826675415e-02
-1.287764906883239746e-01 5.050191655755043030e-02
-1.248055137693881989e-02 -3.617586567997932434e-02
2.459294497966766357e-01 -3.938925564289093018e-01
-3.291895389556884766e-01 4.395310580730438232e-01
-3.573251962661743164e-01 3.716882467269897461e-01
-1.344410032033920288e-01 3.828694522380828857e-01
-2.168197035789489746e-01 2.574867606163024902e-01
2.003667801618576050e-01 -1.099896430969238281e-01
2.365982383489608765e-01 -3.247535824775695801e-01
-6.602209061384201050e-02 3.273837268352508545e-02
-1.372536569833755493e-01 1.239885762333869934e-01
4.453071653842926025e-01 -3.038077950477600098e-01
-1.278096288442611694e-01 5.364374816417694092e-02
2.699053585529327393e-01 -1.360644698143005371e-01
6.194234266877174377e-02 -2.443333119153976440e-01
2.565666437149047852e-01 -2.818767726421356201e-01
1.380043029785156250e-01 7.875426858663558960e-02
-7.194859534502029419e-02 2.824987173080444336e-01
-3.516955077648162842e-01 3.038160800933837891e-01
7.015953958034515381e-02 -2.130762040615081787e-01
1.825783997774124146e-01 -1.249079331755638123e-01
1.653303653001785278e-01 -4.262191802263259888e-02
2.024330347776412964e-01 -2.403130829334259033e-01
9.109270572662353516e-02 -1.748780161142349243e-01
-5.901534482836723328e-02 -1.242001429200172424e-01
4.389184340834617615e-02 -4.602114483714103699e-02
2.655627429485321045e-01 -1.252972930669784546e-01
2.084761708974838257e-01 -9.596770256757736206e-02
-5.083126947283744812e-02 2.741467952728271484e-01
4.579624533653259277e-02 -1.133572682738304138e-01
-2.449176460504531860e-01 2.525905966758728027e-01
3.470132872462272644e-02 7.737474888563156128e-02
-3.176048398017883301e-01 2.866261005401611328e-01
1.758049577474594116e-01 -2.277725636959075928e-01
-3.543300181627273560e-02 6.641409546136856079e-02
-2.579327113926410675e-02 1.611791253089904785e-01
3.780273795127868652e-01 -3.814998269081115723e-01
4.100673496723175049e-01 -1.973292678594589233e-01
2.689223885536193848e-01 -1.186518892645835876e-01
-1.396535336971282959e-01 5.002747476100921631e-02
-3.284419178962707520e-01 1.574447154998779297e-01
3.320787549018859863e-01 -2.585542798042297363e-01
-2.865982055664062500e-01 2.520906925201416016e-01
3.264625668525695801e-01 -3.355443477630615234e-01
2.981537282466888428e-01 -1.968659609556198120e-01
2.593764364719390869e-01 -1.546290963888168335e-01
2.089090496301651001e-01 -2.263427525758743286e-01
3.832947909832000732e-01 -3.210775852203369141e-01
3.286765888333320618e-02 2.671459130942821503e-02
3.189969956874847412e-01 -8.790642768144607544e-02
9.515899419784545898e-02 -2.200700044631958008e-01
1.924667060375213623e-01 -9.755575656890869141e-02
-3.243078291416168213e-01 2.039210647344589233e-01
-3.304899334907531738e-01 4.154925644397735596e-01
8.163239061832427979e-02 1.254362165927886963e-01
2.283285409212112427e-01 -3.184161484241485596e-01
-1.595238447189331055e-01 7.228089123964309692e-02
-1.834521144628524780e-01 1.941810250282287598e-01
-4.963471740484237671e-02 9.531307034194469452e-03
-8.736319839954376221e-03 -6.731606274843215942e-02
9.284548461437225342e-02 -1.070483177900314331e-01
-3.685662150382995605e-01 1.845660358667373657e-01
1.184476986527442932e-01 -2.631597816944122314e-01
1.028173416852951050e-01 2.631539292633533478e-02
1.015337556600570679e-01 -1.432342529296875000e-01
-5.881592258810997009e-02 2.056993097066879272e-01
1.360942721366882324e-01 -5.433394759893417358e-02
-2.893528044223785400e-01 2.301516681909561157e-01
-2.314542382955551147e-01 2.456924468278884888e-01
-2.529822885990142822e-01 9.177586436271667480e-02
2.708087861537933350e-02 -1.527080684900283813e-01
2.414891123771667480e-01 -2.061617225408554077e-01
1.510689854621887207e-01 -2.170476466417312622e-01
2.925918102264404297e-01 -2.000135630369186401e-01
1.834325492382049561e-02 -7.532226294279098511e-02
1.480005383491516113e-01 -1.488983631134033203e-01
1.016340851783752441e-01 5.254535004496574402e-02
3.034582175314426422e-02 -5.587690323591232300e-02
4.818291217088699341e-02 -4.416383057832717896e-02
-1.577450660988688469e-03 6.212111562490463257e-02
-1.685004122555255890e-02 2.108023688197135925e-02
9.073709696531295776e-02 -8.129113912582397461e-02
-9.761815518140792847e-02 2.523983120918273926e-01
-2.393786907196044922e-01 1.093387231230735779e-01
7.243119925260543823e-02 -1.136726364493370056e-01
1.370661109685897827e-01 -2.049413919448852539e-01
-4.106637090444564819e-02 -2.575208619236946106e-02
9.199561923742294312e-02 -1.014545857906341553e-01
3.677587211132049561e-02 -3.037507412955164909e-03
-4.292126372456550598e-02 6.873056292533874512e-02
-3.417825698852539062e-02 -4.654100164771080017e-02
1.926579922437667847e-01 -1.862344741821289062e-01
-3.667759476229548454e-03 1.305955052375793457e-01
-1.474774628877639771e-01 -1.541066798381507397e-03
1.959236711263656616e-02 2.748191542923450470e-02
2.104868413880467415e-03 -6.410926580429077148e-03
8.765731751918792725e-02 -5.624589696526527405e-02
4.616664350032806396e-02 1.263096462935209274e-02
-1.227468922734260559e-01 1.261393278837203979e-01
-4.350793734192848206e-02 -1.141592487692832947e-01
2.313416004180908203e-01 -4.717292785644531250e-01
1.037850081920623779e-01 -5.972247570753097534e-02
1.617178879678249359e-02 -1.974102109670639038e-01
-1.423481013625860214e-02 -6.496448069810867310e-02
-2.245143502950668335e-01 8.771186321973800659e-02
3.832575678825378418e-01 -2.805293202400207520e-01
-1.335608810186386108e-01 3.311474621295928955e-02
2.405409142374992371e-02 -2.562139742076396942e-02
-2.026880830526351929e-01 -1.631835103034973145e-02
3.022313714027404785e-01 -2.440138161182403564e-01
3.736751377582550049e-01 -1.417386233806610107e-01
4.187466204166412354e-02 -5.723177269101142883e-02
-1.115975379943847656e-01 2.705427706241607666e-01
4.661709442734718323e-02 1.156204193830490112e-01
2.504588663578033447e-02 -1.376019567251205444e-01
3.105716705322265625e-01 -2.943343222141265869e-01
-1.788425892591476440e-01 1.170450672507286072e-01
-3.433116674423217773e-01 2.620877027511596680e-01
-3.451023250818252563e-02 -6.646788120269775391e-02
8.368999511003494263e-02 1.913014650344848633e-01
