1.320672929286956787e-01 3.381323069334030151e-02
-7.404537405818700790e-03 2.830271143466234207e-03
-6.774832308292388916e-02 7.053928449749946594e-03
4.321568459272384644e-02 5.227010324597358704e-02
-3.011148981750011444e-02 1.317500323057174683e-01
-8.625835180282592773e-02 1.240139007568359375e-01
7.368019968271255493e-02 3.159005194902420044e-02
2.504942119121551514e-01 -2.580527663230895996e-01
2.794183790683746338e-01 -2.583447098731994629e-01
-1.463546007871627808e-01 1.366691738367080688e-01
-1.069536134600639343e-01 1.488465070724487305e-01
6.345479190349578857e-02 -2.734763324260711670e-01
1.157437860965728760e-01 -2.352992296218872070e-01
2.420454770326614380e-01 -2.168848514556884766e-01
1.624637097120285034e-01 -8.404839783906936646e-02
2.396095991134643555e-01 -6.805242504924535751e-03
-1.078199129551649094e-02 3.080247901380062103e-03
9.311610460281372070e-02 -1.932567567564547062e-03
-2.297046780586242676e-01 1.711357086896896362e-01
1.163052208721637726e-02 9.990157186985015869e-02
2.209784239530563354e-01 -1.905827075242996216e-01
8.052969723939895630e-02 -1.124616488814353943e-01
5.045834779739379883e-01 -4.404971599578857422e-01
-3.473063185811042786e-02 2.002701759338378906e-01
6.479482352733612061e-02 8.335761725902557373e-02
5.176318436861038208e-02 -1.520124170929193497e-02
1.049865782260894775e-01 -5.143719608895480633e-04
-6.640319526195526123e-02 2.284357845783233643e-01
7.716933637857437134e-02 -1.647368371486663818e-01
-1.992458850145339966e-01 1.726200580596923828e-01
7.975817471742630005e-02 -3.736582025885581970e-02
-1.497703939676284790e-01 1.397152394056320190e-01
-7.864435017108917236e-02 -6.160313636064529419e-02
7.877514511346817017e-02 -1.280699372291564941e-01
-1.813934929668903351e-02 1.974487677216529846e-03
1.177588477730751038e-01 -1.177947223186492920e-01
3.215811848640441895e-01 -2.464382350444793701e-01
-2.802468538284301758e-01 1.376955211162567139e-01
7.488025724887847900e-02 -1.303379535675048828e-01
-8.915422856807708740e-02 1.115858554840087891e-01
1.033072546124458313e-01 -3.745258226990699768e-02
-2.680617198348045349e-02 6.112125143408775330e-02
6.145004928112030029e-02 -4.681239277124404907e-02
-9.691116213798522949e-02 -2.586157061159610748e-02
-2.245685160160064697e-01 -7.983789546415209770e-04
1.062018722295761108e-01 -1.444083750247955322e-01
-2.424732297658920288e-01 2.800852954387664795e-01
3.388861417770385742e-01 -8.766904473304748535e-03
-1.361926794052124023e-01 1.172110959887504578e-01
1.170282065868377686e-01 -9.640249609947204590e-02
1.292806714773178101e-01 2.342893276363611221e-03
-1.899927705526351929e-01 2.910950481891632080e-01
-5.188410729169845581e-02 4.654323682188987732e-02
-5.700757727026939392e-02 -7.394040375947952271e-02
5.384790524840354919e-02 -1.549139767885208130e-01
-1.870333850383758545e-01 3.702726960182189941e-02
-2.432736754417419434e-01 1.158923581242561340e-01
-4.571603238582611084e-02 -8.560934662818908691e-02
1.103366985917091370e-01 -1.611962318420410156e-01
1.392826288938522339e-01 -8.193343132734298706e-02
4.427597522735595703e-01 -2.593617141246795654e-01
3.846066594123840332e-01 -2.857456803321838379e-01
2.080749571323394775e-01 -1.799310594797134399e-01
9.272676706314086914e-02 1.538639701902866364e-02
-2.123959362506866455e-01 3.648368716239929199e-01
6.871798634529113770e-02 -9.205777198076248169e-02
-1.019577905535697937e-01 7.968938350677490234e-02
-2.281362712383270264e-01 2.516486048698425293e-01
-7.602954655885696411e-02 2.731591165065765381e-01
-3.000544607639312744e-01 3.330185711383819580e-01
8.523386716842651367e-02 -1.513611823320388794e-01
4.245097339153289795e-01 -5.048626065254211426e-01
5.265887975692749023e-01 -5.368639826774597168e-01
-3.347929418087005615e-01 3.513368368148803711e-01
-7.707402110099792480e-01 6.347045302391052246e-01
1.887265741825103760e-01 -2.823180854320526123e-01
-1.677829772233963013e-01 2.948308289051055908e-01
5.354012250900268555e-01 -4.628523886203765869e-01
6.748076528310775757e-02 -2.079873383045196533e-01
2.929257750511169434e-01 -1.299315243959426880e-01
2.438691072165966034e-02 -2.781520970165729523e-02
2.096145153045654297e-01 -9.052023291587829590e-02
-5.200945138931274414e-01 7.241611480712890625e-01
4.260816574096679688e-01 -4.073260128498077393e-01
-1.567853093147277832e-01 2.241602391004562378e-01
8.496809601783752441e-01 -8.494134545326232910e-01
8.893728256225585938e-01 -7.571371793746948242e-01
2.324847877025604248e-02 -2.985091693699359894e-02
1.949514448642730713e-02 3.448393940925598145e-02
1.109167560935020447e-01 -5.118887405842542648e-03
5.032986998558044434e-01 -5.833173394203186035e-01
-2.255704402923583984e-01 2.705182135105133057e-01
9.098371118307113647e-02 -1.192570999264717102e-01
-2.653366923332214355e-01 2.042690664529800415e-01
-6.556024551391601562e-01 6.387697458267211914e-01
-9.313809871673583984e-02 -1.778196170926094055e-02
2.276814430952072144e-01 -3.314018845558166504e-01
8.126011490821838379e-01 -9.266421794891357422e-01
4.661094024777412415e-02 3.058159537613391876e-02
-2.441155612468719482e-01 8.769699186086654663e-02
1.534962188452482224e-02 2.175391763448715210e-01
-7.066615819931030273e-01 8.036730885505676270e-01
3.097254335880279541e-01 2.842809632420539856e-02
-2.989107966423034668e-01 3.729003667831420898e-01
2.744669914245605469e-01 -1.751737445592880249e-01
-2.358807623386383057e-01 3.796810507774353027e-01
-3.117943406105041504e-01 3.589547574520111084e-01
5.158698558807373047e-01 -5.981702208518981934e-01
-1.441451758146286011e-01 2.569479309022426605e-02
-2.397367209196090698e-01 3.669602870941162109e-01
-1.099445745348930359e-01 1.591249704360961914e-01
2.897097468376159668e-01 -2.059689313173294067e-01
-1.472103893756866455e-01 1.364140361547470093e-01
8.627874255180358887e-01 -7.966216206550598145e-01
-4.831100255250930786e-02 -2.560222707688808441e-02
-4.497133493423461914e-01 2.583828270435333252e-01
4.033982381224632263e-02 -5.007321760058403015e-02
2.429623156785964966e-02 1.243382766842842102e-01
2.593598067760467529e-01 -1.879197210073471069e-01
-4.253945350646972656e-01 3.181330561637878418e-01
-2.739718556404113770e-01 3.537124395370483398e-01
8.437472581863403320e-02 7.696279138326644897e-02
2.391060441732406616e-01 -1.250166296958923340e-01
4.470379054546356201e-01 -6.005041599273681641e-01
3.778644800186157227e-01 -3.474631607532501221e-01
3.895041048526763916e-01 -1.242879778146743774e-01
2.288330942392349243e-01 2.960053505375981331e-03
-6.921533346176147461e-01 7.315312027931213379e-01
-3.540200740098953247e-02 -1.174835413694381714e-01
-1.086186543107032776e-01 9.916646778583526611e-02
6.159507855772972107e-02 -3.381496965885162354e-01
2.406715042889118195e-02 -1.202527359127998352e-01
7.893092930316925049e-02 -7.781213521957397461e-02
3.708719834685325623e-02 -1.544164866209030151e-01
-4.836433380842208862e-02 6.541290879249572754e-02
3.280417919158935547e-01 -4.442540407180786133e-01
3.121742308139801025e-01 -4.005344212055206299e-01
-8.341311216354370117e-01 7.846052050590515137e-01
-6.843690872192382812e-01 4.798204898834228516e-01
-7.243937999010086060e-02 4.580260068178176880e-02
4.579617679119110107e-01 -1.571330577135086060e-01
4.629957973957061768e-01 -4.389619529247283936e-01
1.539707928895950317e-01 -3.060114942491054535e-02
-1.141542345285415649e-01 -1.688731908798217773e-01
-1.448887735605239868e-01 1.451300978660583496e-01
5.028366446495056152e-01 -3.225737810134887695e-01
-5.086678862571716309e-01 5.398806929588317871e-01
4.435119405388832092e-02 -3.144342899322509766e-01
-4.571705758571624756e-01 4.225259125232696533e-01
8.598873615264892578e-01 -8.940778374671936035e-01
5.725526809692382812e-01 -2.769226431846618652e-01
-1.186758801341056824e-01 1.374602876603603363e-02
-3.634717464447021484e-01 2.810709774494171143e-01
2.244862765073776245e-01 -2.686514854431152344e-01
5.106092691421508789e-01 -5.351936221122741699e-01
1.802320629358291626e-01 -9.062122553586959839e-02
2.582831680774688721e-01 -1.872221231460571289e-01
-5.319341421127319336e-01 3.899693787097930908e-01
5.277557969093322754e-01 -2.871189117431640625e-01
-2.479982674121856689e-01 2.239879965782165527e-01
2.037961035966873169e-01 -3.652731776237487793e-01
-1.875942647457122803e-01 1.544124335050582886e-01
8.093476295471191406e-02 -9.767563641071319580e-02
1.493642777204513550e-01 -3.746264576911926270e-01
2.249532192945480347e-01 -7.171075791120529175e-02
-5.605133771896362305e-01 5.957688093185424805e-01
2.621238827705383301e-01 -4.310072660446166992e-01
4.575419425964355469e-01 -3.521283864974975586e-01
1.925204247236251831e-01 -1.549826413393020630e-01
-2.173953056335449219e-01 3.502097725868225098e-01
-7.169034481048583984e-01 7.025896310806274414e-01
9.774582386016845703e-01 -1.054602742195129395e+00
-4.794242680072784424e-01 3.455504477024078369e-01
2.903409302234649658e-01 -1.496193856000900269e-01
-5.505722761154174805e-01 3.989085257053375244e-01
-3.725238144397735596e-01 4.516736567020416260e-01
3.131859898567199707e-01 -9.799955785274505615e-02
3.008449077606201172e-01 -1.190347373485565186e-01
2.694717943668365479e-01 -1.794813424348831177e-01
1.465775668621063232e-01 6.022231653332710266e-02
2.065707445144653320e-01 -1.501117367297410965e-02
-5.940566584467887878e-02 1.214581131935119629e-01
2.654762007296085358e-02 -4.958349745720624924e-03
-1.198821291327476501e-01 9.518135339021682739e-02
-8.194568008184432983e-02 1.050191232934594154e-03
7.239533960819244385e-02 1.491906195878982544e-01
5.794718265533447266e-01 -6.246337890625000000e-01
-2.950637973845005035e-02 2.355184406042098999e-01
2.412200868129730225e-01 -1.887432485818862915e-01
7.735968381166458130e-02 -2.285658717155456543e-01
-2.770801773294806480e-03 1.409277766942977905e-01
-7.673801779747009277e-01 6.976156234741210938e-01
1.926239132881164551e-01 -9.035087376832962036e-02
6.905652582645416260e-02 1.431867480278015137e-02
-7.044423371553421021e-02 8.963363617658615112e-02
1.575154811143875122e-01 -7.387080043554306030e-02
1.206900328397750854e-01 -7.750623673200607300e-02
-1.001187935471534729e-01 6.615167111158370972e-02
-2.207645028829574585e-01 1.488155424594879150e-01
1.084218248724937439e-01 -2.823576331138610840e-01
-6.787484884262084961e-02 2.407458238303661346e-02
-1.129821687936782837e-01 -3.445663303136825562e-02
-6.935697048902511597e-02 -9.715477377176284790e-02
-9.695073217153549194e-02 -1.209196969866752625e-01
4.155364632606506348e-01 -3.876253068447113037e-01
7.239270955324172974e-03 -5.409954115748405457e-02
4.303658753633499146e-02 -1.114606410264968872e-01
-1.548939198255538940e-01 1.005452573299407959e-01
-5.351519957184791565e-02 1.492795050144195557e-01
3.311198651790618896e-01 -4.988105893135070801e-01
2.192363440990447998e-01 -1.070677936077117920e-01
-3.270466029644012451e-01 1.839770972728729248e-01
-4.611566662788391113e-02 -7.445944100618362427e-02
1.193807348608970642e-01 -2.115803509950637817e-01
-3.192892298102378845e-02 1.665820330381393433e-01
3.558242321014404297e-02 1.433901786804199219e-01
-6.783820688724517822e-02 6.540545821189880371e-02
1.371558308601379395e-01 -2.157147973775863647e-02
2.034390717744827271e-01 -3.100994229316711426e-01
-5.315117835998535156e-01 2.020877748727798462e-01
2.553650140762329102e-01 -8.403271436691284180e-02
-1.663929522037506104e-01 1.009177938103675842e-01
-1.178288608789443970e-01 -6.507465988397598267e-02
-3.704279661178588867e-02 5.660813674330711365e-02
-4.646357148885726929e-03 -7.675456255674362183e-02
1.328470408916473389e-01 -1.463626325130462646e-01
-3.730524182319641113e-01 2.772097289562225342e-01
-1.298207193613052368e-01 6.866760551929473877e-02
3.617698550224304199e-01 -2.991803586483001709e-01
-3.414834439754486084e-01 2.823558747768402100e-01
4.597929120063781738e-01 -3.898859322071075439e-01
1.470959037542343140e-01 -2.426710128784179688e-01
2.515764907002449036e-02 -1.186572946608066559e-02
-1.261467337608337402e-01 3.213213384151458740e-02
-7.299183309078216553e-02 1.462341845035552979e-01
3.396754860877990723e-01 -4.379522502422332764e-01
-1.281511932611465454e-01 1.704459339380264282e-01
8.657146245241165161e-02 -1.011895015835762024e-01
-1.440617144107818604e-01 1.412376463413238525e-01
4.356678202748298645e-02 -1.515834592282772064e-02
-1.345661580562591553e-01 -6.274547427892684937e-02
-8.595998398959636688e-03 -3.072953037917613983e-02
3.728371113538742065e-02 -1.249559000134468079e-01
1.452181302011013031e-02 -5.438006017357110977e-03
3.160433173179626465e-01 -2.381087541580200195e-01
1.885362714529037476e-01 -5.975493788719177246e-02
-1.599116623401641846e-01 1.950647979974746704e-01
-4.034363664686679840e-03 1.488823592662811279e-01
1.718532592058181763e-01 -1.054716631770133972e-01
-6.387586891651153564e-02 1.848776638507843018e-01
-1.872069090604782104e-01 1.157810613512992859e-01
2.001369595527648926e-01 -1.394104361534118652e-01
2.923572063446044922e-02 -2.133020572364330292e-02
4.571797326207160950e-02 -1.397208422422409058e-01
3.540642559528350830e-03 -2.682839035987854004e-01
-2.449623346328735352e-01 3.111963272094726562e-01
