-8.433474600315093994e-02 -1.437722239643335342e-02
8.029560744762420654e-02 1.417032778263092041e-01
-1.688764393329620361e-01 2.563985884189605713e-01
-1.835288703441619873e-01 -2.634062059223651886e-02
2.021426558494567871e-01 1.991846831515431404e-03
4.043907672166824341e-02 -4.478461574763059616e-03
-2.820592224597930908e-01 2.795639932155609131e-01
4.354005753993988037e-01 -2.129334956407546997e-01
-6.037124618887901306e-02 1.740065068006515503e-01
-3.688198328018188477e-02 1.982929408550262451e-01
-2.563335001468658447e-01 9.656757116317749023e-02
1.630757749080657959e-02 4.231803864240646362e-02
2.908460795879364014e-01 -2.836893796920776367e-01
-1.949616372585296631e-01 3.225640654563903809e-01
-1.085757687687873840e-01 2.140093594789505005e-01
-1.678810268640518188e-02 -1.398947834968566895e-01
9.128519147634506226e-02 1.068854052573442459e-02
7.298438251018524170e-02 -1.563691496849060059e-01
2.330588102340698242e-01 3.342033131048083305e-03
-2.283869497478008270e-02 1.144189834594726562e-01
1.867798268795013428e-01 -1.925915032625198364e-01
1.976946741342544556e-01 2.600128203630447388e-02
-9.872971475124359131e-02 1.282875239849090576e-01
1.718580275774002075e-01 -3.367402851581573486e-01
2.173330821096897125e-02 6.582604348659515381e-02
-1.021927073597908020e-01 -1.255350410938262939e-01
1.275487302336841822e-04 -1.473452597856521606e-01
-2.728407643735408783e-02 -5.104950815439224243e-02
-1.016930416226387024e-01 5.734737217426300049e-02
-3.915403187274932861e-01 1.837905049324035645e-01
-1.659675985574722290e-01 1.587990522384643555e-01
2.082404643297195435e-01 -3.173594772815704346e-01
-9.564442187547683716e-02 2.562386691570281982e-01
2.726851999759674072e-01 -4.789339005947113037e-01
3.178260624408721924e-01 -4.231223464012145996e-01
-3.888241574168205261e-02 2.324852943420410156e-01
-6.662386655807495117e-02 -4.528900235891342163e-02
1.676656901836395264e-01 -2.961733043193817139e-01
-1.775480620563030243e-02 -3.599257022142410278e-02
-1.249740198254585266e-01 2.658161818981170654e-01
-1.258222609758377075e-01 7.701518014073371887e-03
-1.502159982919692993e-01 -2.261084876954555511e-02
5.413474440574645996e-01 -7.499859333038330078e-01
6.179754137992858887e-01 -6.107073426246643066e-01
-2.863813638687133789e-01 1.895945817232131958e-01
-1.014756709337234497e-01 2.592610120773315430e-01
-6.595159322023391724e-02 -5.015267431735992432e-02
5.567083507776260376e-02 -2.114511132240295410e-01
3.086687624454498291e-02 6.296899169683456421e-02
1.179297640919685364e-01 9.576696902513504028e-04
-3.539474308490753174e-01 2.319353073835372925e-01
-5.118528380990028381e-03 8.979286998510360718e-02
-2.171742171049118042e-01 -6.459046900272369385e-02
2.141101062297821045e-01 -1.950538456439971924e-01
2.243324518203735352e-01 -3.715210258960723877e-01
-6.510152667760848999e-02 5.229339376091957092e-02
-3.395871073007583618e-02 9.069200605154037476e-02
-3.891794383525848389e-01 2.181197255849838257e-01
3.778791055083274841e-02 -4.939980059862136841e-02
2.574198246002197266e-01 -9.503675997257232666e-02
-1.508007049560546875e-01 2.722900509834289551e-01
5.034126639366149902e-01 -5.392620563507080078e-01
-1.723558455705642700e-01 1.146612614393234253e-01
-2.810862660408020020e-01 2.397436834871768951e-02
-1.458068639039993286e-01 -8.088674396276473999e-02
-1.252074003219604492e+00 1.236658215522766113e+00
-1.420614123344421387e-01 -7.187782973051071167e-02
1.172726228833198547e-01 1.950642839074134827e-02
-2.328838407993316650e-02 -1.763002276420593262e-01
-3.226416185498237610e-02 2.920864708721637726e-02
-2.769677340984344482e-01 2.349007129669189453e-01
5.794094204902648926e-01 -5.736070275306701660e-01
-3.568460643291473389e-01 2.020991444587707520e-01
-5.631089806556701660e-01 5.462150573730468750e-01
-3.846074342727661133e-01 3.173483312129974365e-01
-5.935732126235961914e-01 6.177139282226562500e-01
6.119890809059143066e-01 -6.669960618019104004e-01
-9.518043398857116699e-01 8.590798974037170410e-01
-7.642400860786437988e-01 6.647176146507263184e-01
-6.593986153602600098e-01 5.429232716560363770e-01
8.183073252439498901e-02 -1.069189398549497128e-03
2.151070982217788696e-01 -2.638205587863922119e-01
-2.626121640205383301e-01 -4.562787711620330811e-02
4.128390178084373474e-02 -2.085723429918289185e-01
2.168371528387069702e-02 -1.162172183394432068e-01
-4.998262226581573486e-01 4.002535939216613770e-01
-3.618748784065246582e-01 2.415314018726348877e-01
3.233574926853179932e-01 -2.671203315258026123e-01
-3.114328086376190186e-01 3.601880669593811035e-01
-1.461120694875717163e-01 3.619040176272392273e-02
3.773367032408714294e-02 -2.930632829666137695e-01
6.249331235885620117e-01 -5.002856254577636719e-01
-1.339377611875534058e-01 1.328515708446502686e-01
-2.551826536655426025e-01 3.205581903457641602e-01
9.550789594650268555e-01 -9.382962584495544434e-01
6.373319625854492188e-01 -8.134304881095886230e-01
-8.677195310592651367e-01 9.217508435249328613e-01
3.867745995521545410e-01 -2.696180045604705811e-01
-1.183321923017501831e-01 3.044399991631507874e-02
5.262451171875000000e-01 -7.222558856010437012e-01
-1.776403486728668213e-01 1.879305243492126465e-01
-1.688183993101119995e-01 7.410968095064163208e-02
-1.044595539569854736e-01 1.679865270853042603e-01
-1.093621492385864258e+00 9.987736344337463379e-01
-7.965453267097473145e-01 8.442661166191101074e-01
-1.291208416223526001e-01 5.365939065814018250e-02
1.041644454002380371e+00 -1.103084683418273926e+00
4.420012831687927246e-01 -5.548555850982666016e-01
6.560289859771728516e-02 -1.490353494882583618e-01
-4.059405028820037842e-01 1.838056594133377075e-01
2.724424600601196289e-01 -1.627334505319595337e-01
-1.833267509937286377e-01 7.365152984857559204e-02
6.963749527931213379e-01 -6.824258565902709961e-01
7.172039151191711426e-01 -6.334278583526611328e-01
2.805237658321857452e-02 4.038004204630851746e-02
-5.858562588691711426e-01 5.582019686698913574e-01
4.307509958744049072e-01 -2.335005253553390503e-01
6.368603706359863281e-01 -3.909219801425933838e-01
-5.371877551078796387e-01 4.794168174266815186e-01
-4.597345888614654541e-01 5.370884537696838379e-01
7.171510457992553711e-01 -7.138031721115112305e-01
-8.636482357978820801e-01 9.359546303749084473e-01
-5.316329747438430786e-02 6.482465565204620361e-02
7.218239903450012207e-01 -6.831295490264892578e-01
-1.858474165201187134e-01 3.182792067527770996e-01
1.216305732727050781e+00 -1.085612535476684570e+00
3.128686845302581787e-01 -2.470832020044326782e-01
5.880864709615707397e-02 2.366197761148214340e-03
-6.892090290784835815e-02 4.251828789710998535e-02
-1.339118599891662598e+00 1.332967638969421387e+00
-4.507698118686676025e-02 1.449168920516967773e-01
4.782594144344329834e-01 -4.764005839824676514e-01
-1.630560904741287231e-01 2.154221683740615845e-01
3.428253158926963806e-02 8.068604767322540283e-02
-1.310021430253982544e-01 -5.075383186340332031e-02
6.749839186668395996e-01 -4.250439405441284180e-01
-5.328755378723144531e-01 4.960492253303527832e-01
-3.294701874256134033e-01 4.824897050857543945e-01
-3.441008552908897400e-02 7.711422443389892578e-02
-2.065440416336059570e-01 -1.434665732085704803e-02
3.353141248226165771e-02 1.312168538570404053e-01
-5.150449872016906738e-01 4.195481538772583008e-01
-1.178108692169189453e+00 1.048656225204467773e+00
-3.527483940124511719e-01 2.865924239158630371e-01
3.279304206371307373e-01 -5.734465122222900391e-01
7.858725190162658691e-01 -6.864592432975769043e-01
-2.799409925937652588e-01 4.975726604461669922e-01
6.229123845696449280e-02 6.490702927112579346e-02
8.130802959203720093e-02 -1.203518882393836975e-01
-5.300667881965637207e-01 7.773473858833312988e-01
-4.619746506214141846e-01 2.780189216136932373e-01
-2.737824618816375732e-01 2.835081815719604492e-01
-7.921137213706970215e-01 6.837297677993774414e-01
3.094472289085388184e-01 -3.372113406658172607e-01
-6.669564247131347656e-01 5.946425795555114746e-01
3.940639197826385498e-01 -5.549995303153991699e-01
3.832561075687408447e-01 -4.554655849933624268e-01
-1.823243051767349243e-01 2.960554361343383789e-01
2.602992951869964600e-01 -2.451486587524414062e-01
4.513583481311798096e-01 -3.280216455459594727e-01
-5.826849937438964844e-01 5.723173618316650391e-01
6.706687808036804199e-01 -6.331114768981933594e-01
3.941357135772705078e-02 -1.341825276613235474e-01
9.888383746147155762e-01 -9.701185226440429688e-01
-7.000303268432617188e-01 6.755630970001220703e-01
1.004831306636333466e-02 -8.448792994022369385e-02
-7.853192090988159180e-02 4.287842661142349243e-03
-1.025869131088256836e+00 7.797499895095825195e-01
-1.023755669593811035e+00 1.275336384773254395e+00
-1.081466227769851685e-01 2.946030199527740479e-01
7.061166167259216309e-01 -7.812407612800598145e-01
4.449020028114318848e-01 -4.818068742752075195e-01
-9.156620502471923828e-02 -6.485661491751670837e-03
-2.041555568575859070e-02 5.840872973203659058e-02
-4.843963682651519775e-01 3.918901383876800537e-01
-5.938345193862915039e-01 6.199698448181152344e-01
-8.739652484655380249e-02 1.096606552600860596e-01
1.602036505937576294e-02 -7.746224850416183472e-02
1.062204837799072266e-01 -2.591392695903778076e-01
-2.930501401424407959e-01 2.264641039073467255e-02
2.905934453010559082e-01 -2.158532142639160156e-01
5.371950268745422363e-01 -6.851966977119445801e-01
-1.405841112136840820e-01 1.473406404256820679e-01
-4.410187005996704102e-01 6.294661760330200195e-01
-2.373518049716949463e-01 2.104538977146148682e-01
-6.649572849273681641e-01 4.812334477901458740e-01
-4.069928079843521118e-02 5.161794647574424744e-02
-7.887584716081619263e-02 2.639608681201934814e-01
7.436072081327438354e-02 -2.672281265258789062e-01
7.530987858772277832e-01 -8.711593747138977051e-01
6.796079874038696289e-01 -7.358444929122924805e-01
4.844592809677124023e-01 -3.840730488300323486e-01
1.677416861057281494e-01 -3.702083826065063477e-01
-4.040405452251434326e-01 3.618863821029663086e-01
-1.711094081401824951e-01 8.927332237362861633e-03
1.915656775236129761e-01 -1.617137491703033447e-01
2.390088699758052826e-02 2.648270130157470703e-02
-1.740400195121765137e-01 1.999167203903198242e-01
-1.511030942201614380e-01 -4.841108247637748718e-02
2.810730934143066406e-01 -4.917593300342559814e-01
2.838266268372535706e-02 8.224225044250488281e-02
-1.359923183917999268e-01 2.812921106815338135e-01
-2.535490095615386963e-01 7.966101169586181641e-02
1.949246227741241455e-01 -7.402783632278442383e-02
-2.267749458551406860e-01 9.642490744590759277e-02
-7.362165302038192749e-02 1.925483904778957367e-02
-3.598808050155639648e-01 3.101404905319213867e-01
-7.000119984149932861e-02 9.021154791116714478e-02
2.314392626285552979e-01 -1.301813572645187378e-01
2.901090681552886963e-01 -2.880824208259582520e-01
8.118067681789398193e-02 -1.342021673917770386e-02
7.109032012522220612e-03 -5.186018534004688263e-03
5.047995969653129578e-02 -2.909518405795097351e-02
-3.663034141063690186e-01 2.204967886209487915e-01
-2.280688285827636719e-01 1.056936904788017273e-01
-2.501298673450946808e-02 -5.563989654183387756e-02
-2.701407968997955322e-01 1.580973863601684570e-01
-8.979128301143646240e-02 -5.545322597026824951e-02
-1.447120457887649536e-01 9.067017585039138794e-02
3.968465328216552734e-01 -3.002088069915771484e-01
1.623583734035491943e-01 -1.654099971055984497e-01
-2.469031810760498047e-01 2.587226033210754395e-01
2.418108843266963959e-02 9.387074038386344910e-03
1.521994024515151978e-01 -6.088156253099441528e-02
-2.374496310949325562e-01 2.653298079967498779e-01
3.448131382465362549e-01 -2.615253329277038574e-01
1.071545407176017761e-01 -8.294580876827239990e-02
6.397368758916854858e-02 -2.269759625196456909e-01
-3.478970229625701904e-01 3.618932962417602539e-01
1.045724451541900635e-01 -8.303983509540557861e-02
-1.604717671871185303e-01 9.795568883419036865e-02
5.504795536398887634e-02 -3.690804541110992432e-02
-3.022916316986083984e-01 5.993254780769348145e-01
-7.313091307878494263e-02 9.868486225605010986e-02
4.512388706207275391e-01 -2.220096737146377563e-01
2.284967452287673950e-01 -5.545324459671974182e-02
-1.709839105606079102e-01 -9.090577811002731323e-02
-1.454735845327377319e-01 1.259665340185165405e-01
-1.503757685422897339e-01 5.873821303248405457e-02
-4.769855178892612457e-03 -8.954361826181411743e-02
-2.335297130048274994e-02 4.307999461889266968e-02
3.425726592540740967e-01 -3.058371543884277344e-01
-4.574685171246528625e-02 -2.320976182818412781e-02
-1.281936317682266235e-01 2.099844068288803101e-01
1.706004887819290161e-01 -7.066705077886581421e-02
4.183143973350524902e-01 -1.397515684366226196e-01
-2.142278552055358887e-01 4.214888513088226318e-01
3.124863607808947563e-03 -1.612231880426406860e-02
4.937312006950378418e-02 -4.699389263987541199e-02
-8.328395336866378784e-02 3.532617986202239990e-01
2.499133348464965820e-01 -3.114661276340484619e-01
-1.897090226411819458e-01 1.096116658300161362e-02
3.639270961284637451e-01 -1.213168576359748840e-01
5.011198297142982483e-02 -2.367123514413833618e-01
1.215571165084838867e-01 -1.700407862663269043e-01
7.556143403053283691e-02 5.546973645687103271e-02
