1.340395864099264145e-02 -2.203367352485656738e-01
-2.265613526105880737e-01 2.320656925439834595e-01
2.391902208328247070e-01 -2.424959987401962280e-01
1.226843073964118958e-01 -9.603964537382125854e-02
7.188118994235992432e-02 -1.443897932767868042e-02
5.673582851886749268e-02 4.840151593089103699e-02
5.058759078383445740e-02 8.680251985788345337e-02
-1.236804798245429993e-01 3.367858007550239563e-02
1.531402021646499634e-01 1.206019520759582520e-02
-1.010300889611244202e-01 1.333369910717010498e-01
1.601915806531906128e-01 -1.634747385978698730e-01
3.666464611887931824e-02 -2.424087971448898315e-01
-2.126340009272098541e-02 1.126401871442794800e-01
-1.305248290300369263e-01 2.631091177463531494e-01
-1.099517419934272766e-01 1.135255023837089539e-01
-3.885907679796218872e-02 -4.144493490457534790e-02
2.193883247673511505e-02 -3.887534886598587036e-02
-2.378672212362289429e-01 2.204303145408630371e-01
-8.068355917930603027e-02 -9.626754373311996460e-02
2.264147698879241943e-01 8.169857785105705261e-03
-2.533642761409282684e-02 1.224693283438682556e-01
-1.959999054670333862e-01 1.245955601334571838e-01
-8.854419738054275513e-02 8.782784640789031982e-02
-1.230633780360221863e-01 9.218027442693710327e-02
-2.883616089820861816e-02 7.136180996894836426e-02
-4.556414857506752014e-02 1.806858181953430176e-01
2.146771550178527832e-01 -9.768979251384735107e-02
-1.094258502125740051e-01 5.698639526963233948e-02
1.891328841447830200e-01 -1.813351064920425415e-01
2.994521521031856537e-03 9.640094637870788574e-02
1.405885368585586548e-01 -1.800048053264617920e-01
1.428452692925930023e-02 -5.268638953566551208e-02
-2.298585772514343262e-01 2.428872436285018921e-01
2.173113077878952026e-01 -6.616966798901557922e-03
1.694909855723381042e-02 -1.500642597675323486e-01
-1.152650937438011169e-01 1.035015657544136047e-01
1.604550331830978394e-02 -2.800000011920928955e-01
8.243407122790813446e-03 -2.002098113298416138e-01
-7.581096142530441284e-02 7.589559536427259445e-03
1.304613351821899414e-01 -5.410284548997879028e-02
-1.425427943468093872e-02 -1.448630541563034058e-01
-5.229342728853225708e-02 -1.278985738754272461e-01
6.327822059392929077e-02 6.579657644033432007e-02
-1.167064383625984192e-01 -2.077007293701171875e-02
-1.311979293823242188e-01 3.357363492250442505e-02
-7.724161446094512939e-02 9.025890380144119263e-02
-3.537754341959953308e-02 -1.615679562091827393e-01
-2.186651676893234253e-01 1.856763958930969238e-01
-7.930768281221389771e-02 3.081620857119560242e-02
8.226654678583145142e-02 1.866240426898002625e-02
8.541178703308105469e-02 -2.414361685514450073e-01
2.198679298162460327e-01 -1.496211998164653778e-02
-1.860569603741168976e-02 3.274865448474884033e-01
2.204675227403640747e-02 5.688135046511888504e-03
-1.072738841176033020e-01 -4.054699838161468506e-02
-1.314668208360671997e-01 2.170370705425739288e-02
8.540946245193481445e-02 -7.103932090103626251e-03
-1.176606267690658569e-01 8.726876229047775269e-02
-4.332897812128067017e-02 -4.247972741723060608e-02
-2.326222807168960571e-01 4.033577814698219299e-02
8.049160987138748169e-02 -2.271861210465431213e-02
1.051892563700675964e-01 9.782732278108596802e-02
-3.595480695366859436e-02 1.368858069181442261e-01
9.917604038491845131e-04 -2.636643350124359131e-01
9.253293275833129883e-02 -5.203049629926681519e-02
-1.957061290740966797e-01 1.543655097484588623e-01
1.806274652481079102e-01 -2.718265950679779053e-01
-6.224970519542694092e-02 -5.226628389209508896e-03
1.450826376676559448e-01 -1.162844002246856689e-01
1.515222899615764618e-02 -1.337954103946685791e-01
8.751841634511947632e-02 -5.699742585420608521e-02
1.932170242071151733e-01 2.477012807503342628e-03
1.955279111862182617e-01 -1.169728636741638184e-01
5.864739418029785156e-02 -8.980694413185119629e-02
-1.358862500637769699e-02 -1.114774495363235474e-02
2.123637050390243530e-01 -1.752793937921524048e-01
-6.590050458908081055e-02 1.812768280506134033e-01
5.583403259515762329e-02 -1.391353011131286621e-01
-1.089742705225944519e-01 1.200941205024719238e-01
-1.422992944717407227e-01 2.077704519033432007e-01
3.069626353681087494e-02 1.061575338244438171e-01
-1.066691800951957703e-01 2.242020368576049805e-01
7.585383951663970947e-02 -1.182473748922348022e-01
-4.537465795874595642e-02 -1.222098842263221741e-01
-1.177207529544830322e-01 2.218250632286071777e-01
5.780663341283798218e-02 -1.909526996314525604e-02
1.717240922152996063e-02 2.450067251920700073e-01
9.020167589187622070e-02 3.695608302950859070e-02
-2.272646501660346985e-02 -2.165240049362182617e-01
-7.767691463232040405e-02 1.668886095285415649e-01
2.794082760810852051e-01 -1.643055528402328491e-01
-2.536952495574951172e-02 -1.399262249469757080e-01
-2.541360557079315186e-01 1.205762848258018494e-01
5.221078544855117798e-02 -1.345179788768291473e-02
5.963341519236564636e-02 5.607582256197929382e-02
1.359332948923110962e-01 -1.171250641345977783e-01
-1.539776474237442017e-01 -5.406150966882705688e-02
-2.322583198547363281e-01 -3.397623077034950256e-02
2.318452671170234680e-02 3.780417144298553467e-02
4.686314985156059265e-02 -3.486580774188041687e-02
2.572945356369018555e-01 -1.112047955393791199e-01
6.585563719272613525e-02 1.208742633461952209e-01
-2.316297441720962524e-01 1.996861696243286133e-01
-1.760680973529815674e-01 4.662272334098815918e-02
5.463048815727233887e-02 -1.750704199075698853e-01
5.824372917413711548e-02 -1.264220625162124634e-01
1.063766330480575562e-01 7.730338722467422485e-02
-9.041549637913703918e-03 1.308770477771759033e-01
-4.648905619978904724e-02 -5.186070129275321960e-02
1.284542977809906006e-01 -5.668679624795913696e-02
-9.990585036575794220e-03 1.183259785175323486e-01
-5.503019690513610840e-02 3.366751372814178467e-01
-6.512340903282165527e-02 9.667142480611801147e-02
9.831038117408752441e-02 1.523973233997821808e-02
1.669107675552368164e-01 -1.065387725830078125e-01
5.783909559249877930e-02 -2.803595177829265594e-02
-1.959578990936279297e-01 -2.585677430033683777e-02
2.825578451156616211e-01 -2.206256240606307983e-01
1.085286363959312439e-01 6.311634182929992676e-02
-2.011824548244476318e-01 2.195189893245697021e-02
-2.027149079367518425e-03 -1.973362118005752563e-01
6.524199154227972031e-03 -1.079470217227935791e-01
1.787292659282684326e-01 -1.136364787817001343e-01
-1.296087205410003662e-01 1.464356482028961182e-01
3.842039266601204872e-03 7.588633894920349121e-02
1.917726993560791016e-01 -6.865285336971282959e-02
-1.815167218446731567e-01 3.704796358942985535e-02
1.834739893674850464e-01 -1.668456494808197021e-01
7.586184144020080566e-02 -6.813505198806524277e-03
-1.988708674907684326e-01 2.039003372192382812e-01
1.471979767084121704e-01 -1.084789559245109558e-01
1.910212785005569458e-01 -9.974096715450286865e-02
-3.656062111258506775e-02 -5.053862929344177246e-02
1.217675954103469849e-01 -7.502559572458267212e-02
7.827308028936386108e-02 -1.173764117993414402e-03
6.261675804853439331e-02 -1.437561213970184326e-01
5.309376399964094162e-03 1.629882603883743286e-01
-1.387877762317657471e-01 4.518024995923042297e-02
1.369155645370483398e-01 -1.924540102481842041e-01
-2.518445951864123344e-03 -1.716467887163162231e-01
1.797979464754462242e-03 1.264053583145141602e-01
-5.028967931866645813e-02 1.253533214330673218e-01
1.196529120206832886e-01 -5.843948572874069214e-02
4.051265120506286621e-02 -1.827710419893264771e-01
1.049615293741226196e-01 -1.478402614593505859e-01
1.982240825891494751e-01 1.919283764436841011e-03
-1.549122333526611328e-01 1.288096606731414795e-01
-8.139494061470031738e-02 1.301024407148361206e-01
1.359838694334030151e-01 -4.991749301552772522e-02
-2.379541099071502686e-01 1.391490548849105835e-01
2.161219269037246704e-01 -6.305486708879470825e-02
-9.240847080945968628e-02 6.017544493079185486e-02
-1.346276253461837769e-01 8.600577712059020996e-03
2.145547717809677124e-01 -2.403355091810226440e-01
-9.816312789916992188e-02 7.584410160779953003e-02
-5.379796028137207031e-02 2.147186398506164551e-01
3.517918521538376808e-03 5.969195067882537842e-02
2.796515524387359619e-01 -2.416367232799530029e-01
5.118877161294221878e-03 -2.275349386036396027e-02
1.680413782596588135e-01 -3.392436355352401733e-02
-4.597524553537368774e-02 -6.605539470911026001e-02
1.443535387516021729e-01 -3.447245806455612183e-02
3.920452669262886047e-02 -1.663113087415695190e-01
-2.121863663196563721e-01 7.666112482547760010e-02
1.236282438039779663e-01 1.639302261173725128e-02
7.375897467136383057e-02 7.721517235040664673e-02
1.110671833157539368e-01 -1.970433294773101807e-01
-8.085175603628158569e-02 -5.780458077788352966e-02
1.107307672500610352e-01 -1.478492617607116699e-01
1.007640212774276733e-01 4.267540946602821350e-02
-1.881676316261291504e-01 3.080940991640090942e-02
-7.340113632380962372e-03 -3.703865408897399902e-02
-9.366080909967422485e-02 1.112641915678977966e-01
1.240569502115249634e-01 7.960061728954315186e-02
1.476938873529434204e-01 2.121525071561336517e-02
5.355328787118196487e-03 -4.190836474299430847e-02
-8.162286877632141113e-02 1.690975762903690338e-02
-8.867768943309783936e-02 -4.582859948277473450e-02
8.929645270109176636e-02 -2.030766904354095459e-01
-2.050933800637722015e-02 -1.945226639509201050e-02
1.172072626650333405e-02 2.088984698057174683e-01
-1.155165061354637146e-01 -6.586417555809020996e-02
1.860626041889190674e-01 -7.840028405189514160e-02
-1.165375560522079468e-01 1.120686605572700500e-01
-2.031048201024532318e-02 5.865816958248615265e-03
-1.146139726042747498e-01 -1.356269717216491699e-01
-1.598264276981353760e-01 1.287585645914077759e-01
7.770354300737380981e-02 -1.307244598865509033e-01
3.195191547274589539e-02 -1.056934744119644165e-01
-7.753693312406539917e-02 1.597356647253036499e-01
1.002078503370285034e-01 -1.859041601419448853e-01
2.844176068902015686e-02 -2.782475017011165619e-02
-2.800595946609973907e-02 -1.407182663679122925e-01
-6.513819098472595215e-02 2.909294962882995605e-01
8.590634167194366455e-02 2.667193533852696419e-03
2.508640848100185394e-02 2.284790761768817902e-02
7.636973261833190918e-02 -8.869242668151855469e-02
1.414316892623901367e-01 -1.585222333669662476e-01
-1.369389742612838745e-01 5.980419740080833435e-02
-1.057694032788276672e-01 3.670261427760124207e-02
1.861808001995086670e-01 -6.408496946096420288e-02
8.472145348787307739e-02 -6.690216064453125000e-02
-1.137287989258766174e-01 1.202778667211532593e-01
-7.886338979005813599e-02 1.118707843124866486e-02
1.078677549958229065e-01 -6.864999234676361084e-02
-1.105480119585990906e-01 1.275854557752609253e-02
-2.262544631958007812e-02 -1.026871055364608765e-01
-7.396814227104187012e-02 1.089466139674186707e-01
-2.390525192022323608e-01 6.225059181451797485e-02
-3.049906194210052490e-01 -3.992580994963645935e-02
-4.323526099324226379e-02 2.185491323471069336e-01
2.891398593783378601e-02 1.093079224228858948e-01
2.819445133209228516e-01 -2.049640715122222900e-01
1.175198704004287720e-01 -9.747691452503204346e-02
2.907101213932037354e-01 -1.730002835392951965e-02
-1.163427010178565979e-01 -2.508020773530006409e-02
-1.155440881848335266e-01 5.165888369083404541e-02
-1.070835143327713013e-01 1.002309843897819519e-01
-2.218873053789138794e-01 -8.380755037069320679e-02
-1.936668306589126587e-01 2.429981082677841187e-01
-1.128802597522735596e-01 9.574683755636215210e-02
8.242689818143844604e-02 1.651958376169204712e-02
1.169874966144561768e-01 1.504436880350112915e-02
-7.106034457683563232e-02 -5.839253962039947510e-02
1.344324946403503418e-01 -1.222932897508144379e-02
4.043555632233619690e-02 1.722902357578277588e-01
1.007944047451019287e-01 5.377250909805297852e-02
-1.071516722440719604e-01 -6.358794867992401123e-02
-4.562435299158096313e-02 6.953506916761398315e-02
1.212550234049558640e-02 9.661825001239776611e-02
1.038219630718231201e-01 -1.985311955213546753e-01
-9.869129955768585205e-02 4.659210145473480225e-02
3.731577843427658081e-02 -1.701370328664779663e-01
7.331275939941406250e-02 -5.309817194938659668e-02
5.967853963375091553e-02 6.021974235773086548e-02
-6.314790807664394379e-03 1.119905486702919006e-01
1.462607383728027344e-01 1.734013259410858154e-01
1.024720221757888794e-01 -6.408983469009399414e-02
-2.633055485785007477e-02 1.440566182136535645e-01
-3.002993203699588776e-02 2.030386030673980713e-01
-1.783332228660583496e-01 -1.140197068452835083e-01
5.530418455600738525e-02 1.994631811976432800e-02
-1.812313497066497803e-02 -1.556282956153154373e-02
8.066567033529281616e-02 1.313266307115554810e-01
-2.128411978483200073e-01 6.793642789125442505e-02
6.289282441139221191e-02 1.505653709173202515e-01
1.488026231527328491e-01 -1.222027912735939026e-01
-2.048649489879608154e-01 1.222327947616577148e-01
5.243947729468345642e-02 -2.759198658168315887e-02
5.817172303795814514e-02 -1.554328203201293945e-01
-6.723544001579284668e-02 2.212224341928958893e-02
3.466680273413658142e-02 -1.795684844255447388e-01
1.882634758949279785e-01 -2.219227105379104614e-01
2.617721557617187500e-01 1.455100346356630325e-02
7.646264135837554932e-02 -1.074415892362594604e-01
-9.213237464427947998e-02 6.725810468196868896e-02
