2.520229481160640717e-02 -7.636591792106628418e-02
-6.597598642110824585e-02 5.972179770469665527e-02
3.231198191642761230e-01 -2.457560002803802490e-01
5.040223002433776855e-01 -4.101233780384063721e-01
-3.074124753475189209e-01 3.025483787059783936e-01
2.563660740852355957e-01 -9.913700073957443237e-02
-5.795358493924140930e-02 1.462903171777725220e-01
5.936493873596191406e-01 -4.505108296871185303e-01
-3.766557276248931885e-01 1.390332877635955811e-01
4.330698400735855103e-02 1.703781336545944214e-01
-1.046871393918991089e-01 1.399214714765548706e-01
-3.920453414320945740e-02 -1.338466703891754150e-01
2.599203884601593018e-01 -1.137000769376754761e-01
3.671302497386932373e-01 -3.625048100948333740e-01
8.505032956600189209e-02 -1.992965638637542725e-01
-3.737686872482299805e-01 3.270176053047180176e-01
-1.315834075212478638e-01 -5.878291558474302292e-04
1.089010685682296753e-01 -1.625984460115432739e-01
1.904949545860290527e-01 -1.504316478967666626e-01
-1.737982481718063354e-01 3.517932295799255371e-01
-1.186891272664070129e-01 -7.955053821206092834e-03
1.171844154596328735e-01 -1.515994071960449219e-01
1.438200175762176514e-01 8.184666931629180908e-02
-2.966994643211364746e-01 1.327772885560989380e-01
1.623807549476623535e-01 -8.312482386827468872e-02
-3.501998633146286011e-02 -4.781778529286384583e-02
7.195687294006347656e-02 -9.667117148637771606e-02
-4.405135214328765869e-01 4.045348763465881348e-01
2.087516933679580688e-01 -2.619843184947967529e-01
3.342288732528686523e-02 -2.892129719257354736e-01
-2.114858478307723999e-01 1.324525028467178345e-01
2.876061499118804932e-01 -2.340901345014572144e-01
-5.188436508178710938e-01 2.463602721691131592e-01
2.702340781688690186e-01 -2.434078752994537354e-01
1.509438157081604004e-01 -1.186244189739227295e-01
-3.135177791118621826e-01 5.246078372001647949e-01
-2.415011972188949585e-01 2.820112407207489014e-01
9.073680266737937927e-03 3.110022284090518951e-02
5.839797481894493103e-02 -6.238520890474319458e-02
2.907497882843017578e-01 -4.935713112354278564e-01
-3.765157163143157959e-01 1.644633263349533081e-01
-3.332714736461639404e-01 1.207007244229316711e-01
6.056064739823341370e-02 5.265485122799873352e-02
-3.558917343616485596e-01 2.483292371034622192e-01
-1.725974231958389282e-01 2.139523327350616455e-01
1.192832365632057190e-01 -6.931080669164657593e-02
5.689680110663175583e-03 1.222733557224273682e-01
9.619658440351486206e-02 -1.038724035024642944e-01
1.453886479139328003e-01 -1.233200952410697937e-01
2.048188149929046631e-01 -1.370000988245010376e-01
5.411885380744934082e-01 -3.369450867176055908e-01
-1.253577768802642822e-01 2.627722620964050293e-01
-1.695853620767593384e-01 1.566072702407836914e-01
-2.410501092672348022e-01 9.971302747726440430e-02
-2.058486640453338623e-01 -6.767447339370846748e-04
-1.011620983481407166e-01 1.310889273881912231e-01
-6.582237780094146729e-02 -1.639400869607925415e-01
2.225116044282913208e-01 2.348893089219927788e-03
1.171803921461105347e-01 1.209445670247077942e-01
3.445249497890472412e-01 -2.034763246774673462e-01
3.372351527214050293e-01 -4.846730232238769531e-01
-1.941057294607162476e-01 -3.171588853001594543e-02
7.721626758575439453e-02 -1.591398715972900391e-01
1.398507505655288696e-01 -3.227169811725616455e-01
-1.935932487249374390e-01 1.738889217376708984e-01
-2.833772301673889160e-01 2.409015595912933350e-01
-1.533589512109756470e-02 3.980209305882453918e-02
9.330347925424575806e-02 6.446928530931472778e-02
-4.464919567108154297e-01 2.315871715545654297e-01
3.019067943096160889e-01 -2.715430259704589844e-01
4.751497134566307068e-02 -6.817084550857543945e-02
2.610965371131896973e-01 -6.835971772670745850e-02
-2.583835721015930176e-01 2.316391915082931519e-01
-5.468262434005737305e-01 4.359837174415588379e-01
-8.034580200910568237e-02 2.505463063716888428e-01
-5.556145906448364258e-01 5.326761603355407715e-01
1.581393554806709290e-02 9.416165947914123535e-02
2.825081944465637207e-01 -2.531334459781646729e-01
3.572905659675598145e-01 -2.972098588943481445e-01
5.507129803299903870e-02 -8.423436433076858521e-02
-3.087294995784759521e-01 3.711799383163452148e-01
4.409215152263641357e-01 -2.971309125423431396e-01
6.116741895675659180e-01 -3.858708441257476807e-01
-5.571241956204175949e-03 5.677242577075958252e-02
-2.880400121212005615e-01 4.166556894779205322e-01
1.907206177711486816e-01 -2.730464935302734375e-01
3.217000663280487061e-01 -3.534773290157318115e-01
1.050865203142166138e-01 -9.389945864677429199e-02
2.414676994085311890e-01 -5.524484068155288696e-02
-1.595935970544815063e-01 -1.510927546769380569e-02
-1.247379779815673828e-01 1.747146546840667725e-01
-2.787138223648071289e-01 2.775077223777770996e-01
3.339302241802215576e-01 -4.643951654434204102e-01
-1.091803312301635742e-01 1.360628288239240646e-02
-2.654065489768981934e-01 2.713927030563354492e-01
1.854620873928070068e-01 -3.124070167541503906e-01
-4.516087174415588379e-01 5.065398812294006348e-01
5.236750245094299316e-01 -4.865646958351135254e-01
1.011473983526229858e-01 -6.638407707214355469e-02
2.558260858058929443e-01 4.189692065119743347e-02
-1.082745417952537537e-01 2.047218382358551025e-01
4.073485359549522400e-02 2.272798120975494385e-02
-1.677044183015823364e-01 7.210278511047363281e-02
1.639236807823181152e-01 -3.135174512863159180e-01
7.908245921134948730e-02 1.477426737546920776e-01
-5.894112586975097656e-01 3.464247584342956543e-01
-3.096958398818969727e-01 3.094439506530761719e-01
2.914894819259643555e-01 -1.210911646485328674e-01
-5.581195950508117676e-01 4.214668869972229004e-01
-4.834045842289924622e-02 2.100582933053374290e-03
2.790689170360565186e-01 -2.695004940032958984e-01
3.096931576728820801e-01 -3.535055369138717651e-02
7.826586253941059113e-03 6.365140527486801147e-02
1.539315879344940186e-01 -1.779198348522186279e-01
3.854605257511138916e-01 -4.978393614292144775e-01
-3.797945380210876465e-01 3.319753706455230713e-01
4.380600154399871826e-02 -1.490225642919540405e-01
-3.939509019255638123e-02 -1.809329241514205933e-01
-3.023850917816162109e-01 3.427657485008239746e-01
4.674307070672512054e-03 -8.207366615533828735e-02
3.806438148021697998e-01 -2.855602204799652100e-01
2.181026190519332886e-01 -5.888890102505683899e-02
2.190325409173965454e-01 -1.769226193428039551e-01
3.455309271812438965e-01 -4.081982076168060303e-01
6.012876033782958984e-01 -6.117978096008300781e-01
3.138356208801269531e-01 -3.624730110168457031e-01
3.555368781089782715e-01 -2.306550592184066772e-01
-3.305313885211944580e-01 3.638682067394256592e-01
4.997543990612030029e-01 -4.591999948024749756e-01
2.483775764703750610e-01 -7.987079769372940063e-02
2.903577499091625214e-02 2.130153924226760864e-01
-4.059445858001708984e-02 -1.492730230093002319e-01
-4.455879330635070801e-01 4.741027057170867920e-01
-4.078548550605773926e-01 6.413915157318115234e-01
-1.780752539634704590e-01 4.844663292169570923e-02
-2.746019363403320312e-01 1.338243633508682251e-01
-3.980043232440948486e-01 4.268473684787750244e-01
-8.028652518987655640e-02 1.930740028619766235e-01
-8.750816434621810913e-02 9.851160645484924316e-02
8.093550056219100952e-02 -1.385807693004608154e-01
9.613092243671417236e-02 -7.574033737182617188e-02
1.380532681941986084e-01 -3.155444562435150146e-01
-3.509273380041122437e-02 2.084479480981826782e-01
4.747671484947204590e-01 -3.666539788246154785e-01
3.837606310844421387e-01 -3.352148234844207764e-01
-1.008758042007684708e-02 9.380754828453063965e-02
4.043200314044952393e-01 -3.743236362934112549e-01
-2.218879163265228271e-01 2.697378098964691162e-01
3.046566843986511230e-01 -4.083544611930847168e-01
-2.243577688932418823e-01 2.380502969026565552e-01
2.977297641336917877e-02 4.920106008648872375e-02
5.237740278244018555e-01 -4.738608896732330322e-01
3.228386044502258301e-01 -2.736056447029113770e-01
4.234018027782440186e-01 -2.423868626356124878e-01
-5.012266039848327637e-01 5.486906766891479492e-01
-5.779270082712173462e-02 8.003763109445571899e-02
3.841801285743713379e-01 -2.557834088802337646e-01
2.295056432485580444e-01 -2.430232018232345581e-01
3.219690322875976562e-01 -1.832859367132186890e-01
1.285057663917541504e-01 -1.914162486791610718e-01
-1.001284494996070862e-01 1.830658763647079468e-01
6.043857336044311523e-01 -6.290829181671142578e-01
-6.554080843925476074e-01 6.785512566566467285e-01
-2.295994311571121216e-01 2.057969421148300171e-01
2.620895802974700928e-01 -2.281832396984100342e-01
-1.377265155315399170e-02 1.462623383849859238e-02
-7.436045259237289429e-02 4.263305291533470154e-02
3.339286148548126221e-01 -4.431063532829284668e-01
-2.092550545930862427e-01 1.395924985408782959e-01
3.226976990699768066e-01 -9.657347202301025391e-02
3.152191042900085449e-01 -3.001233935356140137e-01
-6.675546616315841675e-02 1.157143935561180115e-01
-2.950014770030975342e-01 2.133926600217819214e-01
1.257004737854003906e-01 -1.654174774885177612e-01
3.584248945116996765e-02 -1.305571645498275757e-01
3.257660865783691406e-01 -4.636793136596679688e-01
1.291774660348892212e-01 -4.095835983753204346e-02
-4.255108833312988281e-01 3.321050405502319336e-01
5.427799820899963379e-01 -5.703094005584716797e-01
-4.330346584320068359e-01 3.368805348873138428e-01
2.296015471220016479e-01 -2.627790570259094238e-01
-9.154295176267623901e-02 1.611291766166687012e-01
2.980702370405197144e-02 -1.779091805219650269e-01
2.635627985000610352e-01 -2.682183384895324707e-01
3.782999143004417419e-02 -2.393073290586471558e-01
1.168047934770584106e-01 -1.228900328278541565e-01
-3.464820086956024170e-01 3.019278049468994141e-01
2.860965132713317871e-01 -2.093350589275360107e-01
4.686272144317626953e-01 -5.503690838813781738e-01
-9.746091067790985107e-02 2.079428285360336304e-01
5.629236102104187012e-01 -4.829493463039398193e-01
3.443718850612640381e-01 -2.379983663558959961e-01
-1.732680797576904297e-01 7.513301819562911987e-02
-1.820417195558547974e-01 -1.626887358725070953e-02
1.759018562734127045e-02 3.374061733484268188e-02
1.619767993688583374e-01 -1.569879800081253052e-01
-1.634004861116409302e-01 5.082934722304344177e-02
3.678098618984222412e-01 -4.463692009449005127e-01
-4.041663184762001038e-02 -1.957770437002182007e-02
4.692822694778442383e-01 -4.403115510940551758e-01
-6.844781339168548584e-02 4.783166572451591492e-02
-1.787722855806350708e-01 7.190404925495386124e-03
-1.280689961276948452e-03 -6.572878360748291016e-02
-2.906314730644226074e-01 1.692090481519699097e-01
-1.737303435802459717e-01 6.457678391598165035e-04
1.003686562180519104e-01 -1.978117525577545166e-01
-2.174073643982410431e-02 2.064070105552673340e-02
-2.564654648303985596e-01 3.717054128646850586e-01
2.842269837856292725e-03 -7.937137037515640259e-02
-9.431187063455581665e-03 -9.907675534486770630e-02
6.392738968133926392e-02 -5.605586618185043335e-02
-3.695386275649070740e-02 2.239984087646007538e-02
7.049427181482315063e-02 -9.337031096220016479e-02
1.247883215546607971e-02 4.238195344805717468e-02
2.124236822128295898e-01 -8.957429975271224976e-02
1.529215276241302490e-01 -5.312070623040199280e-02
1.766046881675720215e-01 -1.666382700204849243e-01
-3.529587984085083008e-01 2.761950492858886719e-01
2.146783173084259033e-01 -1.381283104419708252e-01
-9.358186274766921997e-02 -7.233616709709167480e-02
1.376131474971771240e-01 -1.026293039321899414e-01
-1.346670836210250854e-01 1.662146151065826416e-01
-3.824039995670318604e-01 3.382678627967834473e-01
-7.686772942543029785e-02 2.666717469692230225e-01
-3.363722860813140869e-01 2.105876803398132324e-01
-2.295902222394943237e-01 5.698506161570549011e-02
8.555350825190544128e-03 6.903687026351690292e-03
9.837771207094192505e-02 -5.860116705298423767e-02
2.241976326331496239e-03 5.509862676262855530e-02
-8.130583912134170532e-02 8.663690648972988129e-03
-1.907474398612976074e-01 4.649171233177185059e-02
-2.694166824221611023e-02 2.402676083147525787e-02
1.301674246788024902e-01 -7.168336957693099976e-02
-7.891710847616195679e-02 1.043098866939544678e-01
-1.130918264389038086e-01 1.209566369652748108e-01
-1.615431159734725952e-02 1.139485165476799011e-01
-2.921640872955322266e-01 3.905150294303894043e-01
2.605492174625396729e-01 -4.054695367813110352e-01
3.037011921405792236e-01 -3.083160817623138428e-01
2.635546922683715820e-01 -7.259212434291839600e-02
2.264082282781600952e-01 -3.099755644798278809e-01
7.776233553886413574e-02 -1.536735296249389648e-01
1.788133084774017334e-01 -1.689611822366714478e-01
-9.875407814979553223e-02 4.103523120284080505e-02
-3.338095247745513916e-01 3.500233888626098633e-01
-3.548268973827362061e-01 2.082968950271606445e-01
1.644909232854843140e-01 -1.270832717418670654e-01
5.727641284465789795e-02 -1.669920831918716431e-01
-1.513117700815200806e-01 -2.254650592803955078e-01
2.531491219997406006e-01 -1.346871405839920044e-01
-9.476365894079208374e-02 7.188978046178817749e-02
2.024943381547927856e-01 -7.976268231868743896e-02
4.603190422058105469e-01 -3.999922573566436768e-01
1.463536024093627930e-01 -6.478647887706756592e-02
3.371609151363372803e-01 -1.640420407056808472e-01
-1.808563061058521271e-02 9.784168750047683716e-02
