-2.372981607913970947e-01 2.337002307176589966e-01
-4.887735005468130112e-03 -3.269685432314872742e-02
-2.326617240905761719e-01 2.210547216236591339e-02
2.669675350189208984e-01 -2.384095788002014160e-01
1.348288059234619141e-01 -6.186255812644958496e-02
-2.141662091016769409e-01 1.302825957536697388e-01
-1.375202685594558716e-01 1.716815121471881866e-02
9.135748445987701416e-02 3.040285222232341766e-02
2.236754149198532104e-01 -2.302458584308624268e-01
-1.731173843145370483e-01 1.757023930549621582e-01
-1.442478448152542114e-01 1.664073020219802856e-02
4.133948683738708496e-01 -3.820837140083312988e-01
-6.960411071777343750e-01 4.529104828834533691e-01
2.758831083774566650e-01 -2.895343899726867676e-01
-3.676778674125671387e-01 4.413025975227355957e-01
9.033101610839366913e-03 -6.131051853299140930e-02
7.818553596735000610e-02 -1.171602606773376465e-01
4.574109911918640137e-01 -3.882605731487274170e-01
3.672350049018859863e-01 -3.839698433876037598e-01
3.594377636909484863e-01 -4.358770847320556641e-01
-5.584634467959403992e-02 1.323357224464416504e-01
-1.646423935890197754e-01 1.581090688705444336e-01
3.630938827991485596e-01 -5.296346545219421387e-01
5.876779556274414062e-01 -6.079741120338439941e-01
5.034035444259643555e-01 -5.951843261718750000e-01
2.960194051265716553e-01 -1.729605346918106079e-01
-4.478977620601654053e-01 5.063004493713378906e-01
1.002509966492652893e-01 -1.190355196595191956e-01
-1.391894370317459106e-01 -1.553753670305013657e-02
1.589887142181396484e-01 -3.148805201053619385e-01
-5.262198448181152344e-01 2.711655199527740479e-01
2.069583386182785034e-01 -5.861097574234008789e-02
1.659969426691532135e-02 1.036848500370979309e-01
1.651185154914855957e-01 -1.842908412218093872e-01
-6.359592676162719727e-01 5.672279596328735352e-01
-3.500465452671051025e-01 3.949712812900543213e-01
-1.842898130416870117e-01 2.017404288053512573e-01
2.813764512538909912e-01 -1.080374196171760559e-01
-1.148374453186988831e-01 6.065804883837699890e-02
-4.703827202320098877e-02 1.024253740906715393e-01
-2.057910859584808350e-01 1.729584187269210815e-01
2.351278662681579590e-01 -2.941026389598846436e-01
7.516805082559585571e-02 -7.242426276206970215e-02
-3.902028501033782959e-01 5.309509038925170898e-01
4.262741506099700928e-01 -3.513710200786590576e-01
3.383051604032516479e-02 -2.273105643689632416e-02
-8.293452113866806030e-02 1.222980841994285583e-01
-4.797218441963195801e-01 4.456575214862823486e-01
5.964251980185508728e-02 -1.044697165489196777e-01
-5.777117609977722168e-01 6.671556830406188965e-01
-3.804032132029533386e-02 1.104082688689231873e-01
-3.949899971485137939e-01 3.674582540988922119e-01
-4.235079884529113770e-01 5.737411379814147949e-01
4.541828632354736328e-01 -4.125401675701141357e-01
-1.028049066662788391e-01 -4.305410385131835938e-02
2.834516465663909912e-01 -1.313231885433197021e-01
-6.987777352333068848e-01 6.465292572975158691e-01
4.619072377681732178e-01 -3.318891525268554688e-01
-1.043397709727287292e-01 -2.006724849343299866e-02
1.370221190154552460e-02 2.177819758653640747e-01
1.496662199497222900e-01 -2.195104807615280151e-01
-4.306952953338623047e-01 3.767741322517395020e-01
4.020220041275024414e-01 -3.365063071250915527e-01
-2.873664908111095428e-02 -4.065799061208963394e-03
3.208954930305480957e-01 -4.074814021587371826e-01
1.313772201538085938e+00 -1.131503939628601074e+00
-5.980936344712972641e-03 1.491082310676574707e-01
-5.529292225837707520e-01 4.631229043006896973e-01
-1.135700345039367676e+00 1.062388420104980469e+00
8.374330587685108185e-03 4.272575303912162781e-02
1.510193105787038803e-02 -5.805677548050880432e-02
6.253589987754821777e-01 -4.690270721912384033e-01
-7.360636722296476364e-03 -1.995377242565155029e-02
-1.585613608360290527e+00 1.578743934631347656e+00
7.444503903388977051e-01 -8.721825480461120605e-01
1.469784021377563477e+00 -1.560085892677307129e+00
-5.088207125663757324e-01 5.937224030494689941e-01
3.292646706104278564e-01 -1.804278343915939331e-01
5.847020745277404785e-01 -5.012338161468505859e-01
4.427891373634338379e-01 -2.470692396163940430e-01
8.291489481925964355e-01 -8.048411607742309570e-01
8.046574890613555908e-03 -1.519801616668701172e-01
6.021986007690429688e-01 -5.579145550727844238e-01
7.098373770713806152e-01 -8.577332496643066406e-01
2.385234236717224121e-01 -1.969868838787078857e-01
-2.786836624145507812e-01 5.887221172451972961e-02
2.190817743539810181e-01 -2.775782346725463867e-01
2.969575226306915283e-01 -3.448225557804107666e-01
4.612467885017395020e-01 -3.608492016792297363e-01
5.038809776306152344e-01 -5.918227434158325195e-01
-4.815523922443389893e-01 2.973812222480773926e-01
3.356108367443084717e-01 -3.179739713668823242e-01
-9.293301962316036224e-03 -6.695221364498138428e-02
5.437507033348083496e-01 -6.216894984245300293e-01
1.452512890100479126e-01 -1.025314629077911377e-02
2.908033430576324463e-01 -4.951314255595207214e-02
-1.458204388618469238e-01 3.429647386074066162e-01
5.678621530532836914e-01 -6.449545025825500488e-01
-3.822411596775054932e-01 2.681140601634979248e-01
3.352237641811370850e-01 -3.828422427177429199e-01
9.285193681716918945e-01 -7.045302391052246094e-01
-1.247153520584106445e+00 1.336337208747863770e+00
3.263010829687118530e-02 -2.637073770165443420e-02
5.985095500946044922e-01 -6.497854590415954590e-01
-8.400432467460632324e-01 7.608025074005126953e-01
1.782009750604629517e-01 -1.397679150104522705e-01
7.237480282783508301e-01 -7.045029997825622559e-01
-1.397759079933166504e+00 1.302456259727478027e+00
2.418744117021560669e-01 -3.101294934749603271e-01
7.111985683441162109e-01 -6.246316432952880859e-01
-1.889515966176986694e-01 2.788152992725372314e-01
2.140778452157974243e-01 -4.717284142971038818e-01
3.434742987155914307e-01 -2.636048495769500732e-01
-8.013411164283752441e-01 9.134985208511352539e-01
-4.480848088860511780e-02 6.006668508052825928e-02
-3.843826651573181152e-01 3.297835588455200195e-01
-5.803229212760925293e-01 5.487448573112487793e-01
-2.883558869361877441e-01 1.610373556613922119e-01
-6.303941830992698669e-03 3.815850988030433655e-02
1.222519278526306152e+00 -1.077548503875732422e+00
-7.794787883758544922e-01 6.682088375091552734e-01
9.634500741958618164e-01 -9.420862793922424316e-01
-3.755640685558319092e-01 2.318748384714126587e-01
-2.351863682270050049e-02 4.779407009482383728e-02
4.119240641593933105e-01 -5.561311244964599609e-01
-9.658050537109375000e-01 1.046036124229431152e+00
6.496200561523437500e-01 -7.317771911621093750e-01
-3.675263524055480957e-01 4.594389498233795166e-01
1.122513189911842346e-01 4.885661602020263672e-02
1.967957019805908203e-01 -1.766980588436126709e-01
-1.018475413322448730e+00 1.152635335922241211e+00
8.260171115398406982e-02 4.794261977076530457e-02
-6.083972454071044922e-01 7.718878388404846191e-01
3.024015128612518311e-01 -1.743088513612747192e-01
2.299004793167114258e-02 -9.010159224271774292e-02
-5.211201906204223633e-01 6.413571834564208984e-01
-5.815999507904052734e-01 6.133900880813598633e-01
8.759602904319763184e-01 -7.121522426605224609e-01
-2.323245406150817871e-01 3.604892492294311523e-01
9.403635263442993164e-01 -8.434711098670959473e-01
6.007452607154846191e-01 -8.309422731399536133e-01
-8.170295357704162598e-01 7.155992984771728516e-01
5.609641671180725098e-01 -4.248701035976409912e-01
3.201295733451843262e-01 -5.098035335540771484e-01
4.492893069982528687e-02 7.799725979566574097e-03
-6.975752711296081543e-01 6.624036431312561035e-01
-1.095530763268470764e-01 3.244993388652801514e-01
8.350638747215270996e-01 -8.345007300376892090e-01
1.866957992315292358e-01 -3.332948684692382812e-01
5.268695950508117676e-01 -3.780099749565124512e-01
-8.873268961906433105e-01 7.514735460281372070e-01
-7.527996599674224854e-02 9.724509902298450470e-03
-5.594273209571838379e-01 5.781472325325012207e-01
4.860509932041168213e-02 -1.592619568109512329e-01
2.108936011791229248e-01 -3.470662534236907959e-01
-8.307513594627380371e-02 1.138936057686805725e-01
-3.989034146070480347e-02 2.453373670578002930e-01
5.965354442596435547e-01 -6.136217117309570312e-01
-2.057972103357315063e-01 1.066761687397956848e-01
1.765192151069641113e-01 -2.224320918321609497e-01
-8.974692821502685547e-01 9.124898314476013184e-01
-1.131942272186279297e+00 1.136620640754699707e+00
-4.290126860141754150e-01 4.717735946178436279e-01
2.122464776039123535e-01 -1.931046247482299805e-01
7.085054647177457809e-03 -1.529145091772079468e-01
1.007832407951354980e+00 -9.423711895942687988e-01
-8.186368942260742188e-01 6.203026175498962402e-01
9.587968587875366211e-01 -6.759713292121887207e-01
4.099440574645996094e-01 -3.600082099437713623e-01
-2.942381501197814941e-01 1.889423131942749023e-01
-5.318301916122436523e-01 6.364833712577819824e-01
1.432884484529495239e-02 1.391971111297607422e-01
1.560011599212884903e-02 -2.269313186407089233e-01
-7.146131992340087891e-01 9.353947043418884277e-01
-4.476081728935241699e-01 2.853155732154846191e-01
1.987974196672439575e-01 -1.333844065666198730e-01
-9.980360418558120728e-02 2.562800645828247070e-01
-4.047191739082336426e-01 4.287253916263580322e-01
-5.730481743812561035e-01 3.447423875331878662e-01
-4.239542186260223389e-01 2.656038403511047363e-01
-8.365249037742614746e-01 9.261044263839721680e-01
-4.270823597908020020e-01 2.892916500568389893e-01
-1.711503565311431885e-01 9.538002312183380127e-02
-5.200291797518730164e-02 1.029228046536445618e-01
5.958671569824218750e-01 -7.387624979019165039e-01
6.994829773902893066e-01 -6.845209598541259766e-01
-3.821872174739837646e-01 4.775349795818328857e-01
-8.426958322525024414e-01 9.361916780471801758e-01
-1.227469325065612793e+00 1.209256887435913086e+00
1.077439859509468079e-01 -1.083609387278556824e-01
-4.082264602184295654e-01 4.704875946044921875e-01
-1.444287598133087158e-01 1.701152473688125610e-01
3.189765214920043945e-01 -1.943103224039077759e-01
-6.362964212894439697e-02 -2.443185634911060333e-02
-5.584272369742393494e-02 1.476866751909255981e-01
-1.009959504008293152e-01 2.785682380199432373e-01
2.241672724485397339e-01 -2.245969921350479126e-01
7.353566586971282959e-02 6.962688267230987549e-02
-4.984481632709503174e-01 4.487270116806030273e-01
1.799085289239883423e-01 -3.112390451133251190e-02
6.398555636405944824e-02 9.007857739925384521e-02
1.024049296975135803e-01 4.641856253147125244e-02
-1.273558437824249268e-01 2.569549977779388428e-01
3.383248150348663330e-01 -4.681304395198822021e-01
-1.187414675951004028e-01 2.369667403399944305e-02
1.143143232911825180e-02 -1.591362804174423218e-01
5.664153769612312317e-02 -1.327164173126220703e-01
2.388065904378890991e-01 -1.070168688893318176e-01
8.202742040157318115e-02 3.242347389459609985e-02
-3.162448108196258545e-01 5.703132748603820801e-01
4.228987693786621094e-01 -3.477151393890380859e-01
4.448725879192352295e-01 -3.133398890495300293e-01
-1.702453047037124634e-01 1.612129658460617065e-01
3.041942119598388672e-01 -6.968404352664947510e-02
2.311782091856002808e-01 -9.627187997102737427e-02
-2.348470874130725861e-02 -2.092575430870056152e-01
4.937919229269027710e-02 1.723915934562683105e-01
-3.070029616355895996e-02 8.053012937307357788e-02
-9.611135348677635193e-03 -1.820639334619045258e-02
2.999154329299926758e-01 -3.563530743122100830e-01
3.183935955166816711e-02 -3.654900565743446350e-02
-9.278205037117004395e-02 1.507811546325683594e-01
-2.363000661134719849e-01 2.508921325206756592e-01
-8.123847842216491699e-02 2.866285443305969238e-01
2.833779156208038330e-01 -1.841948330402374268e-01
-2.613814473152160645e-01 7.349736988544464111e-02
-3.597772419452667236e-01 1.140845045447349548e-01
4.850626736879348755e-02 -8.186158537864685059e-02
-3.803969621658325195e-01 2.560003101825714111e-01
4.305025339126586914e-01 -3.451748192310333252e-01
-7.640187442302703857e-02 2.246631085872650146e-01
-3.414258360862731934e-01 9.419754147529602051e-02
2.368830442428588867e-01 -6.827045977115631104e-02
-1.174840033054351807e-01 3.148609697818756104e-01
1.186932399868965149e-01 -1.666911393404006958e-01
-3.469182178378105164e-03 4.980779439210891724e-02
1.142902299761772156e-01 -3.390436470508575439e-01
-3.084549605846405029e-01 8.206413686275482178e-02
-1.440303325653076172e-01 3.221211209893226624e-02
-3.247672617435455322e-01 8.168887346982955933e-02
3.264461457729339600e-01 -8.567960560321807861e-02
4.398414399474859238e-03 -6.163137033581733704e-02
1.304635256528854370e-01 -1.434454228729009628e-02
-3.192380368709564209e-01 2.574207782745361328e-01
-2.932111918926239014e-01 3.288084566593170166e-01
-2.349151968955993652e-01 1.017376780509948730e-01
1.571347936987876892e-02 -3.852934762835502625e-02
1.270979940891265869e-01 -1.279119849205017090e-01
-8.408855646848678589e-02 -1.678998470306396484e-01
1.143991872668266296e-01 -2.900297343730926514e-01
-3.297798633575439453e-01 2.405642122030258179e-01
-1.457509994506835938e-01 2.688456177711486816e-01
-1.914742887020111084e-01 3.265083432197570801e-01
-9.842606633901596069e-02 1.537984609603881836e-01
-6.537388265132904053e-02 2.290823012590408325e-01
2.724545896053314209e-01 -2.725489735603332520e-01
