-1.500569581985473633e-01 -4.752909392118453979e-02
1.385482959449291229e-03 3.166497871279716492e-02
6.617704778909683228e-02 -1.441051363945007324e-01
-5.932167172431945801e-02 1.289089173078536987e-01
-2.313696779310703278e-02 1.352837532758712769e-01
-9.599234163761138916e-02 -1.807484775781631470e-01
7.908476516604423523e-03 1.874453127384185791e-01
1.131034642457962036e-01 -4.747018590569496155e-02
-6.443458795547485352e-02 3.926797583699226379e-02
1.564578413963317871e-01 -5.603602901101112366e-02
-5.617258325219154358e-02 -1.302530616521835327e-01
2.704338729381561279e-01 -2.151489555835723877e-01
1.374152395874261856e-02 1.213231030851602554e-02
1.307389736175537109e-01 8.792586624622344971e-03
6.853003799915313721e-02 -3.390480875968933105e-01
-2.566998079419136047e-02 -2.462800592184066772e-01
-2.223637849092483521e-01 -1.090647000819444656e-02
-9.942255169153213501e-02 1.905690133571624756e-02
3.048453107476234436e-02 -9.765133261680603027e-02
1.012388169765472412e-01 1.264153122901916504e-01
1.503203064203262329e-01 5.838875100016593933e-02
3.894035145640373230e-02 -1.596590727567672729e-01
5.424457788467407227e-02 6.936846673488616943e-02
-1.030953135341405869e-02 -6.619255244731903076e-02
-1.240708306431770325e-01 2.109114378690719604e-01
-1.634263396263122559e-01 -6.678376346826553345e-02
3.665724694728851318e-01 -1.847417205572128296e-01
-2.695539593696594238e-01 3.584551811218261719e-02
6.395979318767786026e-03 -1.687359623610973358e-02
-1.196391209959983826e-01 5.134080350399017334e-02
2.030359022319316864e-02 2.188217826187610626e-02
-6.005963683128356934e-02 -2.318163663148880005e-01
-3.752987831830978394e-02 5.781468376517295837e-02
-1.401159632951021194e-02 1.931034773588180542e-01
-3.221484720706939697e-01 1.271735727787017822e-01
1.401424258947372437e-01 2.198721468448638916e-02
9.803277254104614258e-02 -1.708542406558990479e-01
-9.052376449108123779e-02 -3.898975253105163574e-02
-1.756281703710556030e-01 4.591933265328407288e-02
6.084377691149711609e-02 7.896216213703155518e-02
-2.913416922092437744e-01 1.052257418632507324e-01
-5.636156722903251648e-02 4.209481924772262573e-02
-9.121810644865036011e-02 1.766784638166427612e-01
-2.202832549810409546e-01 1.715123206377029419e-01
1.284447498619556427e-02 1.066545471549034119e-01
1.273266673088073730e-01 -2.339595258235931396e-01
-2.720263004302978516e-01 1.672357767820358276e-01
9.061744064092636108e-02 2.916676364839076996e-02
-2.967851459980010986e-01 1.467025727033615112e-01
1.154846847057342529e-01 -2.319988161325454712e-01
7.822995632886886597e-02 -2.432872653007507324e-01
-2.429834455251693726e-01 1.719357073307037354e-01
-1.362214386463165283e-01 1.255161594599485397e-02
1.860758960247039795e-01 -1.845896691083908081e-01
6.629703193902969360e-02 6.002523750066757202e-02
1.605225801467895508e-01 -2.223415374755859375e-01
-9.935162961483001709e-02 1.726635731756687164e-02
3.317284584045410156e-01 -1.661389172077178955e-01
-6.814663857221603394e-02 1.362196635454893112e-04
1.295734941959381104e-01 -1.115986928343772888e-01
-1.448852121829986572e-01 1.771015673875808716e-02
2.573776582721620798e-04 2.015322297811508179e-01
-1.064319983124732971e-01 -7.253078371286392212e-02
-1.764196529984474182e-02 -7.499944418668746948e-02
-2.275817841291427612e-01 3.262065052986145020e-01
6.262151896953582764e-02 -9.838654100894927979e-02
1.976885795593261719e-01 -2.345391064882278442e-01
-2.293168157339096069e-01 4.054180085659027100e-01
-3.008361756801605225e-01 2.438851743936538696e-01
3.591420352458953857e-01 -2.299264520406723022e-01
-3.287398815155029297e-01 5.856038928031921387e-01
2.955318689346313477e-01 -3.589148521423339844e-01
-2.113398611545562744e-01 4.691214486956596375e-02
-2.583647370338439941e-01 1.738751530647277832e-01
1.077928766608238220e-01 -1.828507930040359497e-01
1.160730123519897461e-01 -2.883017957210540771e-01
-4.413447678089141846e-01 3.637222945690155029e-01
1.016811355948448181e-01 -2.310894727706909180e-01
1.116221770644187927e-02 -4.082702100276947021e-02
3.750024139881134033e-01 -1.441304236650466919e-01
-8.930113911628723145e-01 7.534344196319580078e-01
-4.632269963622093201e-02 1.598761230707168579e-01
4.284184873104095459e-01 -3.421181738376617432e-01
2.782968282699584961e-01 -2.574466466903686523e-01
-4.439782500267028809e-01 2.341219633817672729e-01
1.295579075813293457e-01 -1.737445741891860962e-01
7.300528138875961304e-02 -1.377028878778219223e-02
-2.572848796844482422e-01 4.011638164520263672e-01
-3.118960261344909668e-01 2.330636531114578247e-01
-8.000723272562026978e-02 1.211615279316902161e-01
2.476530224084854126e-01 -1.778637804090976715e-02
3.815802978351712227e-03 -2.388416090980172157e-03
-1.167273744940757751e-01 2.692546844482421875e-01
2.963225841522216797e-01 -3.915844559669494629e-01
-3.681901842355728149e-02 -1.146643236279487610e-02
-1.923418492078781128e-01 3.971996605396270752e-01
-4.188118577003479004e-01 2.440699934959411621e-01
3.266035020351409912e-02 -7.870317995548248291e-02
1.254040449857711792e-01 -1.016502529382705688e-01
-3.376208245754241943e-02 -3.810427151620388031e-03
1.733197122812271118e-01 -5.518697574734687805e-02
6.252644211053848267e-02 -1.321847587823867798e-01
-4.718426167964935303e-01 2.400122135877609253e-01
1.283147931098937988e-01 -2.589010596275329590e-01
-5.166771411895751953e-01 5.355925559997558594e-01
-1.391748934984207153e-01 2.577026784420013428e-01
-9.185098856687545776e-02 2.251613587141036987e-01
-2.545004189014434814e-01 3.130838871002197266e-01
-2.786742448806762695e-01 1.549715846776962280e-01
3.687313795089721680e-01 -2.290699630975723267e-01
-1.543630613014101982e-03 -1.177820861339569092e-01
-2.071623355150222778e-01 2.109158635139465332e-01
2.524215579032897949e-01 -1.394074708223342896e-01
3.954590559005737305e-01 -2.127234339714050293e-01
1.071296483278274536e-01 -6.211581081151962280e-02
7.566907256841659546e-02 -1.588337719440460205e-01
-4.212262630462646484e-01 3.918941020965576172e-01
2.879164218902587891e-01 -1.295352727174758911e-01
-2.453389316797256470e-01 2.949059903621673584e-01
2.735233902931213379e-01 -4.264322221279144287e-01
-2.077292948961257935e-01 1.716342866420745850e-01
8.776972442865371704e-02 -1.583485901355743408e-01
-3.974935114383697510e-01 3.536736369132995605e-01
3.448252379894256592e-01 -3.916885852813720703e-01
-1.275849789381027222e-01 -7.742413436062633991e-04
2.490795701742172241e-01 -4.644680395722389221e-02
5.673567578196525574e-02 6.837374996393918991e-03
4.588843286037445068e-01 -2.816563248634338379e-01
3.996922373771667480e-01 -2.163473218679428101e-01
5.648662447929382324e-01 -7.240993380546569824e-01
-9.115332365036010742e-02 1.989155411720275879e-01
-6.851782798767089844e-01 5.116197466850280762e-01
-1.802200078964233398e-01 1.287901252508163452e-01
2.835535407066345215e-01 -4.001790285110473633e-01
-1.006024241447448730e+00 7.489176392555236816e-01
1.018046513199806213e-01 -7.791827619075775146e-02
-6.850839853286743164e-01 6.067948937416076660e-01
3.411319851875305176e-01 -3.235594332218170166e-01
5.933416485786437988e-01 -4.967397153377532959e-01
1.105074524879455566e+00 -1.346794247627258301e+00
-4.435429871082305908e-01 4.113767445087432861e-01
-3.437863290309906006e-01 3.136299252510070801e-01
-2.410919517278671265e-01 1.834281384944915771e-01
6.085119396448135376e-02 1.834816336631774902e-01
4.576474428176879883e-01 -2.384019047021865845e-01
2.808868139982223511e-02 -1.041175723075866699e-01
2.051174789667129517e-01 -3.190106749534606934e-01
-5.483496785163879395e-01 7.206186056137084961e-01
4.095324873924255371e-01 -2.938729822635650635e-01
-3.651783764362335205e-01 3.098679482936859131e-01
-1.889957040548324585e-01 3.521032333374023438e-01
-1.026202142238616943e-01 -6.578924506902694702e-02
-6.189441084861755371e-01 5.235470533370971680e-01
-1.557463854551315308e-01 -2.595166116952896118e-02
-2.551406323909759521e-01 2.096769213676452637e-01
-1.343178302049636841e-01 4.297237843275070190e-02
-6.717664599418640137e-01 6.257163882255554199e-01
3.132596015930175781e-01 -3.931424915790557861e-01
-9.052780270576477051e-01 8.400937914848327637e-01
4.427191913127899170e-01 -2.925019264221191406e-01
-7.448458075523376465e-01 5.829853415489196777e-01
4.304033815860748291e-01 -5.774877667427062988e-01
-1.499319434165954590e+00 1.314995527267456055e+00
-4.408760070800781250e-01 5.635302662849426270e-01
7.642890214920043945e-01 -8.359766602516174316e-01
1.962903589010238647e-01 -5.621978268027305603e-02
-1.232298091053962708e-01 2.919490039348602295e-01
2.688924372196197510e-01 -2.097033262252807617e-01
-9.314514398574829102e-01 8.513458967208862305e-01
-1.796330362558364868e-01 1.242720261216163635e-01
1.333235383033752441e+00 -9.426495432853698730e-01
-1.943909406661987305e+00 1.914052963256835938e+00
4.322536885738372803e-01 -2.382419109344482422e-01
2.894852459430694580e-01 -3.850366175174713135e-01
-2.695285081863403320e-01 2.126758247613906860e-01
4.391672611236572266e-01 -5.052686929702758789e-01
1.423306912183761597e-01 -2.087364643812179565e-01
-1.270418405532836914e+00 1.257578969001770020e+00
7.875674962997436523e-01 -6.945158839225769043e-01
5.349849462509155273e-01 -4.500442147254943848e-01
-8.533304929733276367e-01 6.504935026168823242e-01
5.853877663612365723e-01 -7.280163764953613281e-01
-3.579870238900184631e-02 -2.338813245296478271e-02
5.357647538185119629e-01 -6.736952066421508789e-01
-8.789902180433273315e-02 1.622135639190673828e-01
3.171445429325103760e-01 -2.768769264221191406e-01
-3.683684468269348145e-01 3.910140097141265869e-01
-5.858104228973388672e-01 4.247626066207885742e-01
-1.796894967555999756e-01 -3.617978887632489204e-03
-4.348243772983551025e-01 5.205069184303283691e-01
2.800535857677459717e-01 -9.752730280160903931e-02
8.882047533988952637e-01 -9.732986092567443848e-01
9.983611851930618286e-02 -3.476951122283935547e-01
1.027144864201545715e-01 -1.980953365564346313e-01
-7.812679558992385864e-02 -1.640714854001998901e-01
7.251505553722381592e-02 -1.050491780042648315e-01
-2.051226496696472168e-01 1.623648554086685181e-01
-1.572367697954177856e-01 4.334732517600059509e-02
-3.497117459774017334e-01 1.946967095136642456e-01
1.720208674669265747e-01 -1.308622807264328003e-01
-1.550393253564834595e-01 1.370443254709243774e-01
2.251265645027160645e-01 -2.601816654205322266e-01
4.489364326000213623e-01 -4.467605948448181152e-01
2.263750694692134857e-02 -1.656816303730010986e-01
2.626701295375823975e-01 -5.992684513330459595e-02
-1.127779781818389893e-01 2.352993190288543701e-01
7.622175663709640503e-02 8.321578055620193481e-02
-2.003442347049713135e-01 -9.811139898374676704e-04
4.435187578201293945e-02 -1.404892057180404663e-01
3.040390461683273315e-02 6.380865722894668579e-02
5.920044146478176117e-03 3.594616800546646118e-02
-4.440644383430480957e-02 1.943777054548263550e-01
9.127267450094223022e-02 -2.057403624057769775e-01
-1.775165945291519165e-01 2.985145151615142822e-01
-6.075073778629302979e-02 -1.456230529583990574e-03
-3.927062451839447021e-01 9.180475026369094849e-02
-2.337726503610610962e-01 2.954579591751098633e-01
-3.438283875584602356e-02 -7.772934436798095703e-02
1.134713217616081238e-01 -1.218151114881038666e-02
-3.754529953002929688e-01 2.897433042526245117e-01
-7.636222243309020996e-02 5.637945979833602905e-02
-1.158840730786323547e-01 1.682266592979431152e-01
-5.221310853958129883e-01 3.969753086566925049e-01
2.783687412738800049e-01 -2.525482475757598877e-01
2.303326725959777832e-01 -9.666445851325988770e-02
1.802504658699035645e-01 -9.006410837173461914e-02
-8.225868344306945801e-01 6.099610328674316406e-01
-1.668370068073272705e-01 5.997480079531669617e-02
9.143356233835220337e-02 -1.521225720643997192e-01
1.097231507301330566e-01 -6.351739168167114258e-02
-1.835585683584213257e-01 2.567091584205627441e-01
5.545647442340850830e-02 -1.415677070617675781e-01
-5.526862144470214844e-01 4.265423119068145752e-01
1.053716689348220825e-01 -2.331514358520507812e-01
5.427587032318115234e-01 -4.689901471138000488e-01
-5.145111083984375000e-01 3.892000317573547363e-01
-1.127749085426330566e-01 1.667196750640869141e-01
4.525191485881805420e-01 -2.433825284242630005e-01
-2.893019020557403564e-01 4.704594612121582031e-01
3.538279533386230469e-01 -2.785252407193183899e-02
-1.205320358276367188e-01 -5.065574869513511658e-02
-1.397121548652648926e-01 9.575626254081726074e-02
2.475641965866088867e-01 -3.148207068443298340e-01
-1.676263958215713501e-01 1.327814534306526184e-02
-2.737532854080200195e-01 3.684217333793640137e-01
2.070799469947814941e-01 -2.417725026607513428e-01
-5.700354278087615967e-02 -1.379555761814117432e-01
4.120424687862396240e-01 -3.348495364189147949e-01
-8.388891816139221191e-02 3.246826529502868652e-01
4.049608409404754639e-01 -4.105009436607360840e-01
-1.762655526399612427e-01 1.953347921371459961e-01
-2.599586844444274902e-01 1.208634003996849060e-01
-1.579811051487922668e-02 -1.616444438695907593e-01
-2.622655034065246582e-01 4.962786138057708740e-01
1.681634783744812012e-01 -1.303934007883071899e-01
4.253793060779571533e-01 -3.147524893283843994e-01
