-6.043313816189765930e-02 -9.346485137939453125e-02
-1.260367929935455322e-01 8.094238489866256714e-02
-3.591968864202499390e-02 9.654512256383895874e-02
-2.393322288990020752e-01 1.652259975671768188e-01
6.899575889110565186e-02 -1.315397173166275024e-01
-1.184219941496849060e-01 2.129138261079788208e-01
7.001872360706329346e-02 -1.317184269428253174e-01
-9.507770091295242310e-02 2.409173548221588135e-01
-1.708492189645767212e-01 1.558388769626617432e-01
-2.091902792453765869e-01 4.661474004387855530e-02
1.600745469331741333e-01 -1.220393106341362000e-01
-5.642741546034812927e-02 2.110349573194980621e-02
-9.008647873997688293e-03 -4.872119985520839691e-03
-2.550216019153594971e-01 7.769739627838134766e-02
1.700926125049591064e-01 5.290486291050910950e-02
1.081875860691070557e-01 -3.611944615840911865e-01
6.135840900242328644e-03 -1.555711328983306885e-01
1.676297038793563843e-01 -1.465240418910980225e-01
-1.552687212824821472e-02 -8.284365758299827576e-03
1.316664069890975952e-01 -9.000910073518753052e-02
6.657267361879348755e-02 7.731470465660095215e-02
1.806242167949676514e-01 -3.998963162302970886e-03
2.975895106792449951e-01 -2.051241546869277954e-01
8.888769894838333130e-02 -6.008711084723472595e-02
1.769721657037734985e-01 3.273881971836090088e-02
-2.859639525413513184e-01 2.930615544319152832e-01
2.485378831624984741e-02 2.537512481212615967e-01
-4.815201461315155029e-02 1.338706016540527344e-01
-1.240813806653022766e-01 1.979586184024810791e-01
1.550572663545608521e-01 -1.364012062549591064e-01
-2.471953481435775757e-01 -6.097012385725975037e-02
-7.182760536670684814e-02 7.739018648862838745e-03
-5.949918553233146667e-02 2.078997939825057983e-01
-8.326565474271774292e-02 -3.669331595301628113e-02
9.822150319814682007e-02 -5.906746163964271545e-02
-1.342400759458541870e-01 7.918378710746765137e-02
-1.460881978273391724e-01 5.588616803288459778e-02
-7.852430641651153564e-02 6.698276847600936890e-02
1.537275034934282303e-03 5.633729323744773865e-02
4.082120023667812347e-03 6.013991683721542358e-02
-4.099156334996223450e-02 -3.253202885389328003e-02
1.231873854994773865e-01 -1.341077685356140137e-01
-1.028550323098897934e-02 1.120241433382034302e-01
1.270657777786254883e-01 -1.711385399103164673e-01
6.568799167871475220e-02 8.633113652467727661e-02
1.802944988012313843e-01 -1.876814477145671844e-02
-3.170565515756607056e-02 1.974129676818847656e-01
1.283800899982452393e-01 -1.960776448249816895e-01
-9.833812713623046875e-02 1.274181157350540161e-01
-2.839648537337779999e-02 2.478178590536117554e-01
5.328695289790630341e-03 1.464340388774871826e-01
-7.970585674047470093e-02 1.195872202515602112e-01
6.418454926460981369e-03 2.175727337598800659e-01
-1.335346698760986328e-01 9.026537090539932251e-02
7.264037616550922394e-03 2.661120891571044922e-02
2.316127717494964600e-01 -8.168824017047882080e-02
9.160663187503814697e-02 1.742335259914398193e-01
1.425559967756271362e-01 -9.129123389720916748e-02
7.422376424074172974e-02 -1.186070889234542847e-01
1.416831910610198975e-01 -5.361311510205268860e-02
6.066827476024627686e-02 -9.934999793767929077e-02
6.220615655183792114e-02 -2.369732856750488281e-01
1.504267752170562744e-01 -1.920200586318969727e-01
1.562603861093521118e-01 4.919723793864250183e-02
3.262297436594963074e-02 -7.547304034233093262e-02
-1.251348108053207397e-01 2.417901158332824707e-02
3.004155680537223816e-02 4.036474972963333130e-02
1.180642247200012207e-01 -5.378142371773719788e-02
5.877085775136947632e-02 -6.384170800447463989e-02
8.780741691589355469e-02 1.846964955329895020e-01
-1.506357043981552124e-01 3.024448268115520477e-02
-2.413446605205535889e-01 1.380454003810882568e-01
-1.003182828426361084e-01 9.290206432342529297e-02
3.531720861792564392e-02 -9.026890993118286133e-02
-1.983175426721572876e-01 2.491713017225265503e-01
-3.867746889591217041e-02 2.163588106632232666e-01
-4.183735698461532593e-02 2.132083624601364136e-01
1.476298272609710693e-01 3.163706511259078979e-02
-4.151155427098274231e-02 -1.241402700543403625e-01
9.194993972778320312e-02 2.171403355896472931e-02
-2.553856745362281799e-02 2.721971645951271057e-02
1.635374575853347778e-01 -1.905150860548019409e-01
-9.138611704111099243e-02 2.232716069556772709e-04
1.724574863910675049e-01 -1.188057437539100647e-01
1.128144562244415283e-01 -1.936211250722408295e-02
-1.051050052046775818e-01 2.163844555616378784e-01
2.403334677219390869e-01 -7.785601168870925903e-02
-7.440551370382308960e-02 1.109635829925537109e-01
1.967349350452423096e-01 -5.671967938542366028e-02
-6.020874902606010437e-02 2.791363596916198730e-01
1.278122961521148682e-01 -9.388959407806396484e-02
-1.625848412513732910e-01 9.749169647693634033e-02
3.068120405077934265e-02 -5.121408030390739441e-02
-6.993500888347625732e-02 1.343977451324462891e-01
-2.912964224815368652e-01 9.344953298568725586e-02
-8.606062084436416626e-02 9.505935758352279663e-02
-1.111556068062782288e-01 1.179951205849647522e-01
2.426562756299972534e-01 -2.520333826541900635e-01
-7.647628337144851685e-02 -6.830615922808647156e-03
-1.718777716159820557e-01 5.790814012289047241e-02
2.470966279506683350e-01 -1.614395380020141602e-01
-3.946413472294807434e-02 2.246577292680740356e-01
2.997452914714813232e-01 -1.430230587720870972e-01
-2.557490468025207520e-01 3.682052716612815857e-02
-1.338627636432647705e-01 1.489440351724624634e-01
8.456508070230484009e-02 1.704523107036948204e-03
-3.262487053871154785e-02 2.333282828330993652e-01
1.661530435085296631e-01 -1.447149813175201416e-01
-1.695859581232070923e-01 1.380974501371383667e-01
1.132132187485694885e-01 -7.883293181657791138e-02
-1.374942064285278320e-01 1.374586075544357300e-01
-2.862300574779510498e-01 1.489300727844238281e-01
-5.529663339257240295e-02 3.915477544069290161e-02
-1.900384873151779175e-01 4.240644350647926331e-02
-1.558032780885696411e-01 6.534916162490844727e-02
-8.515933901071548462e-02 2.676529586315155029e-01
9.675825387239456177e-02 2.187929451465606689e-01
-2.385412305593490601e-01 5.106956232339143753e-03
-1.236770040122792125e-04 1.264398843050003052e-01
1.050055921077728271e-01 -3.833237662911415100e-02
-1.037645712494850159e-01 8.469588309526443481e-02
-2.313490491360425949e-03 -2.109946906566619873e-01
6.516528129577636719e-02 1.514690648764371872e-02
1.148002520203590393e-01 -4.008624702692031860e-02
2.603351175785064697e-01 -8.721908926963806152e-02
9.079491347074508667e-02 -1.213192343711853027e-01
-1.237757578492164612e-01 1.697083115577697754e-01
9.393998980522155762e-02 -3.018177151679992676e-01
1.105948686599731445e-01 -2.433322519063949585e-01
-4.492117837071418762e-02 8.904226869344711304e-02
1.797084510326385498e-01 -6.834376603364944458e-02
1.607374697923660278e-01 -1.138991639018058777e-01
3.808310627937316895e-02 6.644658744335174561e-02
-4.978353157639503479e-02 4.226699471473693848e-02
5.611817538738250732e-02 -9.991525858640670776e-02
-1.284601390361785889e-01 1.714322417974472046e-01
1.711199134588241577e-01 -2.264170795679092407e-01
-8.573846518993377686e-02 1.516387891024351120e-02
-2.319625467061996460e-01 1.959174424409866333e-01
-2.945147752761840820e-01 2.486487179994583130e-01
3.906455636024475098e-02 -1.445069313049316406e-01
2.909686565399169922e-01 -1.941791325807571411e-01
6.136656925082206726e-02 -1.325487941503524780e-01
1.239119172096252441e-01 -1.610038578510284424e-01
-1.173362415283918381e-02 6.707563996315002441e-02
-2.396024167537689209e-01 2.338986694812774658e-01
-1.946241557598114014e-01 1.571729034185409546e-01
-1.295824944972991943e-01 3.794918581843376160e-02
5.962442979216575623e-02 3.425814956426620483e-02
-3.155017495155334473e-01 2.468293718993663788e-02
2.639089226722717285e-01 -3.283339142799377441e-01
8.058529347181320190e-02 -4.283422976732254028e-02
4.251025989651679993e-02 -1.175386980175971985e-01
-8.393150568008422852e-02 2.502239942550659180e-01
4.518580809235572815e-02 7.541244383901357651e-03
1.618042439222335815e-01 2.358916960656642914e-02
4.360324516892433167e-02 7.595264166593551636e-02
-1.713786423206329346e-01 1.938253641128540039e-01
2.720431685447692871e-01 -1.036808863282203674e-01
-1.946096271276473999e-01 2.145388126373291016e-01
4.527880251407623291e-02 4.439069703221321106e-02
-2.327651679515838623e-01 1.323547959327697754e-01
-9.864304214715957642e-03 3.206370025873184204e-02
9.843900799751281738e-02 -2.133907526731491089e-01
-2.517442218959331512e-02 1.724968105554580688e-01
-2.098173499107360840e-01 2.173109054565429688e-01
3.212935924530029297e-01 -2.923212945461273193e-01
-1.117915511131286621e-01 8.651989512145519257e-03
2.814953029155731201e-01 -2.629255950450897217e-01
3.643516898155212402e-01 -1.993303596973419189e-01
-1.634372919797897339e-01 6.755749136209487915e-02
1.605502814054489136e-01 -7.001284509897232056e-02
-1.157779991626739502e-02 1.006791517138481140e-01
4.890835378319025040e-03 -1.360749602317810059e-01
2.279366403818130493e-01 -2.096037380397319794e-02
9.712080657482147217e-02 -2.383663505315780640e-01
-1.950702071189880371e-01 2.304228395223617554e-01
1.787959225475788116e-02 -1.778766214847564697e-01
-2.260284274816513062e-01 2.824556231498718262e-01
-2.546943426132202148e-01 2.703255116939544678e-01
-7.071433961391448975e-02 1.234198641031980515e-02
1.983612477779388428e-01 -1.681902110576629639e-01
3.799507766962051392e-02 -1.916781440377235413e-02
-2.649580538272857666e-01 2.670303285121917725e-01
-1.844998449087142944e-01 -1.053042113780975342e-01
9.938031435012817383e-02 5.406129732728004456e-02
1.519253943115472794e-02 1.746492460370063782e-02
1.386579275131225586e-01 2.559160813689231873e-03
2.102512270212173462e-01 -2.440233482047915459e-03
-1.019303426146507263e-01 5.324020609259605408e-02
9.726387262344360352e-02 -5.095626413822174072e-02
1.972128003835678101e-01 -2.464040219783782959e-01
-3.480123123154044151e-03 -7.476264983415603638e-02
1.935167759656906128e-01 -2.033655196428298950e-01
-6.414109468460083008e-02 -1.579855568706989288e-02
1.008651554584503174e-01 4.784239083528518677e-02
1.663118749856948853e-01 -2.539078705012798309e-02
-1.800636798143386841e-01 8.143357932567596436e-02
-7.368242740631103516e-02 4.871198534965515137e-02
1.421632766723632812e-01 -1.340824514627456665e-01
-6.840319186449050903e-02 6.046091765165328979e-02
-1.734399646520614624e-01 -3.688246011734008789e-02
-1.555880308151245117e-01 1.324148923158645630e-01
6.576300412416458130e-02 4.783438518643379211e-03
-1.078797206282615662e-01 7.054413110017776489e-02
3.385141491889953613e-02 -5.287364870309829712e-02
-5.491029843688011169e-02 -1.011416167020797729e-01
2.042206227779388428e-01 -1.564754098653793335e-01
1.052000671625137329e-01 5.957100167870521545e-02
-2.022412419319152832e-02 -1.398132890462875366e-01
-2.542668879032135010e-01 1.414830833673477173e-01
1.823894828557968140e-01 7.158454507589340210e-02
1.458256691694259644e-01 -9.693019837141036987e-02
-2.432860285043716431e-01 1.952067613601684570e-01
4.099679589271545410e-01 -5.113621428608894348e-02
1.067414060235023499e-01 -1.761680245399475098e-01
-6.725781410932540894e-02 -1.410074830055236816e-01
-1.286108493804931641e-01 6.125473976135253906e-02
9.453526884317398071e-02 -1.921879686415195465e-02
-5.078843608498573303e-02 -2.710892856121063232e-01
7.814431190490722656e-02 -1.222253441810607910e-01
7.343185693025588989e-02 -9.209701418876647949e-02
2.959339506924152374e-02 -2.321210354566574097e-01
-1.005397289991378784e-01 7.537386566400527954e-02
2.433113940060138702e-02 -5.171053856611251831e-02
4.821852594614028931e-02 -1.350161968730390072e-03
3.124518692493438721e-01 -5.687267333269119263e-02
8.709825575351715088e-02 -6.654586642980575562e-02
2.074759453535079956e-01 -2.324310690164566040e-01
-1.386273056268692017e-01 4.244917631149291992e-02
3.002828955650329590e-01 -1.322391778230667114e-01
-7.762124389410018921e-02 6.207587942481040955e-02
4.512281622737646103e-03 -6.682363897562026978e-02
1.393913626670837402e-01 -5.272760987281799316e-02
-4.151493683457374573e-02 -9.214529395103454590e-02
1.364841461181640625e-01 7.765131443738937378e-02
-8.866737037897109985e-02 1.936599612236022949e-01
4.249745514243841171e-03 -1.029964014887809753e-01
2.826333418488502502e-02 6.182297319173812866e-02
2.066834867000579834e-01 -1.830673515796661377e-01
-3.187569603323936462e-02 7.301733642816543579e-02
3.519421815872192383e-02 -9.177189320325851440e-03
-1.014595478773117065e-01 -1.295005530118942261e-01
1.315793208777904510e-02 1.758815944194793701e-01
-2.770502120256423950e-02 1.018082946538925171e-01
-2.059954404830932617e-01 4.767569154500961304e-02
-2.599828839302062988e-01 3.276793062686920166e-01
-2.842091917991638184e-01 1.953179389238357544e-01
-1.367358118295669556e-01 1.442764997482299805e-01
-2.294030338525772095e-01 4.854580760002136230e-02
1.875406354665756226e-01 -3.818056359887123108e-02
4.882857948541641235e-02 -5.914772395044565201e-03
1.006078198552131653e-01 -5.948490276932716370e-02
-5.097639188170433044e-02 4.877307265996932983e-02
-2.395711094141006470e-01 1.129670813679695129e-01
1.755517274141311646e-01 -6.767566502094268799e-02
