-1.910103410482406616e-01 1.283581554889678955e-01
2.286983467638492584e-02 2.584267035126686096e-02
-3.376521170139312744e-01 2.149882912635803223e-01
2.283568531274795532e-01 1.248331144452095032e-01
2.552987039089202881e-01 -4.430403932929039001e-02
-1.040323358029127121e-02 1.616936326026916504e-01
1.205234974622726440e-02 -1.360414773225784302e-01
-1.767055504024028778e-02 2.926558069884777069e-02
-9.184455871582031250e-02 8.701948821544647217e-02
-2.269843965768814087e-01 1.185633242130279541e-01
1.274454891681671143e-01 -1.550033688545227051e-02
7.972541451454162598e-02 -1.709136366844177246e-01
7.417856156826019287e-02 -1.682656705379486084e-01
-1.201799660921096802e-01 1.814913600683212280e-01
1.288905292749404907e-01 1.576858200132846832e-02
-8.223850280046463013e-02 9.548393636941909790e-02
1.335670948028564453e-01 -1.162852048873901367e-01
-4.629362747073173523e-02 1.887701451778411865e-01
8.966009318828582764e-02 -6.768713239580392838e-03
-9.626575559377670288e-02 8.869514614343643188e-02
-1.479001939296722412e-01 7.749410718679428101e-02
-1.270651966333389282e-01 2.169276960194110870e-02
1.058997493237257004e-02 2.264554202556610107e-01
-2.912114607170224190e-03 6.634648889303207397e-02
2.673846669495105743e-02 -1.123337224125862122e-01
1.835168004035949707e-01 -2.537682354450225830e-01
3.629216179251670837e-02 -1.802273839712142944e-01
-1.586529612541198730e-01 1.034099161624908447e-01
1.837052106857299805e-01 -9.779146313667297363e-02
5.306126549839973450e-03 2.704116282984614372e-03
-1.044025495648384094e-01 1.412583142518997192e-01
-1.049886047840118408e-01 1.007719710469245911e-01
5.818371102213859558e-02 -4.394277930259704590e-02
1.218033358454704285e-01 -1.650527864694595337e-01
1.677935272455215454e-01 -3.147026002407073975e-01
1.261384189128875732e-01 -3.253562841564416885e-03
2.985060214996337891e-01 -1.283073723316192627e-01
-2.855474352836608887e-01 6.635684520006179810e-02
-1.832830607891082764e-01 2.601712346076965332e-01
2.837691903114318848e-01 -6.917566806077957153e-02
3.690088167786598206e-02 5.748936906456947327e-02
-1.881362795829772949e-01 1.516855359077453613e-01
1.832889467477798462e-01 -9.234442561864852905e-02
2.008164525032043457e-01 2.306514978408813477e-02
6.376171857118606567e-02 -1.687860935926437378e-01
7.164172828197479248e-02 -1.863885521888732910e-01
-5.036225542426109314e-02 -1.530653703957796097e-02
-1.714035719633102417e-01 4.823524970561265945e-03
-1.561167687177658081e-01 4.088495671749114990e-02
-3.240608051419258118e-02 -1.614753454923629761e-01
-1.986917406320571899e-01 1.237365677952766418e-01
-2.300079166889190674e-02 -1.612731665372848511e-01
-2.391400486230850220e-01 1.281671971082687378e-01
-5.786076560616493225e-02 4.211420938372612000e-02
4.855122044682502747e-02 2.435461990535259247e-02
8.155100792646408081e-02 1.680629700422286987e-02
-1.200161203742027283e-01 2.150703370571136475e-01
-2.331377239897847176e-03 -8.016623556613922119e-03
1.523028314113616943e-01 -3.182831779122352600e-02
1.301678121089935303e-01 -1.721316725015640259e-01
-2.559534311294555664e-01 7.360062003135681152e-02
-1.342913210391998291e-01 1.228384748101234436e-01
1.640870571136474609e-01 -7.969707995653152466e-02
9.085064381361007690e-02 -2.768931686878204346e-01
-6.642399728298187256e-02 2.067834697663784027e-02
9.755552560091018677e-02 -1.207988560199737549e-01
-1.943967491388320923e-01 1.481283903121948242e-01
1.122360005974769592e-01 -1.447144448757171631e-01
9.277296811342239380e-02 -8.904684334993362427e-02
6.051316857337951660e-02 7.451938465237617493e-03
2.002375423908233643e-01 -1.847105622291564941e-01
1.947560012340545654e-01 -1.546470373868942261e-01
3.178203478455543518e-02 1.045662835240364075e-01
-1.019346341490745544e-01 1.487872302532196045e-01
3.016991168260574341e-02 1.535998377948999405e-02
-1.171735860407352448e-02 -2.222106978297233582e-02
-1.798447966575622559e-02 -1.105614379048347473e-01
1.747205704450607300e-01 -5.078360810875892639e-02
-8.565625548362731934e-02 1.256647109985351562e-01
-1.288537681102752686e-01 1.538189053535461426e-01
-6.185565516352653503e-02 1.562862694263458252e-01
-4.303918033838272095e-02 2.440339326858520508e-01
-1.297830641269683838e-01 1.098878830671310425e-01
-2.200992852449417114e-01 1.474556475877761841e-01
3.758620470762252808e-02 -1.343852430582046509e-01
7.701203227043151855e-02 3.898836905136704445e-03
1.233049482107162476e-02 1.457557976245880127e-01
3.013199567794799805e-02 1.279011517763137817e-01
2.013426274061203003e-01 -2.223320752382278442e-01
-1.197772175073623657e-01 -1.245410218834877014e-01
2.506891787052154541e-01 -1.238342095166444778e-02
-1.596014946699142456e-01 3.606436075642704964e-03
5.727156996726989746e-02 2.332827448844909668e-02
2.333406060934066772e-01 -1.040628775954246521e-01
-2.575218677520751953e-01 -1.643016934394836426e-02
-5.068641901016235352e-02 1.976042389869689941e-01
5.857101455330848694e-02 1.968208551406860352e-01
5.949671566486358643e-02 2.933829464018344879e-02
2.035294920206069946e-01 -2.710869312286376953e-01
1.315180212259292603e-01 -1.671402156352996826e-01
-1.294469535350799561e-01 -2.578077465295791626e-02
-9.916633367538452148e-02 1.500585973262786865e-01
-1.343366950750350952e-01 8.211772888898849487e-03
3.043946921825408936e-01 -2.062326967716217041e-01
-1.798768937587738037e-01 6.701646000146865845e-02
-1.209642812609672546e-01 -5.018546059727668762e-02
1.237046811729669571e-02 1.843060851097106934e-01
2.291423380374908447e-01 -1.618360169231891632e-02
1.808361411094665527e-01 -3.139191493391990662e-02
2.214480638504028320e-01 6.335975974798202515e-02
1.096037924289703369e-01 3.213453292846679688e-02
5.015567317605018616e-02 3.706702962517738342e-02
1.003976687788963318e-01 -8.937925845384597778e-02
2.255822122097015381e-01 -2.903391718864440918e-01
5.654748529195785522e-02 7.781220972537994385e-02
5.599200353026390076e-02 6.563895195722579956e-02
7.017346471548080444e-02 2.883394956588745117e-01
-4.154700338840484619e-01 4.096977412700653076e-01
-1.898391395807266235e-01 2.953145802021026611e-01
-3.219282627105712891e-02 9.442457556724548340e-02
-1.696018427610397339e-01 1.536824107170104980e-01
3.952109068632125854e-02 5.559136718511581421e-02
-3.471719473600387573e-02 -1.087415292859077454e-01
2.472349908202886581e-03 6.692044436931610107e-02
-7.981170713901519775e-02 -1.500734239816665649e-01
-3.365639597177505493e-02 1.297705173492431641e-01
2.846118509769439697e-01 -1.428536325693130493e-01
1.352069433778524399e-02 -1.154978871345520020e-01
2.234493494033813477e-01 -1.337740570306777954e-01
-1.732305623590946198e-02 7.216277066618204117e-03
-1.842847913503646851e-01 3.628899529576301575e-02
-2.608096301555633545e-01 2.115045785903930664e-01
1.159360781311988831e-01 -3.663020581007003784e-02
-1.212477013468742371e-01 8.429257571697235107e-02
6.928871572017669678e-02 -6.840599328279495239e-02
1.668756306171417236e-01 -1.962913274765014648e-01
-1.012203916907310486e-01 1.024854779243469238e-01
1.525244712829589844e-01 -6.070585176348686218e-02
-2.317773252725601196e-01 1.193409338593482971e-01
2.791153788566589355e-01 -7.884810864925384521e-02
1.668181121349334717e-01 -1.309549957513809204e-01
-1.737930923700332642e-01 1.704496797174215317e-03
-1.307096779346466064e-01 5.052599310874938965e-02
-1.025388985872268677e-01 1.753767579793930054e-01
1.269043684005737305e-01 -1.817238330841064453e-02
-2.091033160686492920e-01 1.213794946670532227e-01
1.218517869710922241e-01 -1.818065196275711060e-01
-6.367700546979904175e-02 -6.461482029408216476e-03
-1.744218170642852783e-01 1.290513277053833008e-01
-7.827655971050262451e-02 2.427481710910797119e-01
-1.179624050855636597e-01 3.116666376590728760e-01
-1.340890023857355118e-02 -1.291604638099670410e-01
-1.624708473682403564e-01 1.020099744200706482e-01
3.755000233650207520e-01 -5.344250798225402832e-02
2.648875303566455841e-02 -6.584076583385467529e-02
-1.566542536020278931e-01 1.322357505559921265e-01
1.073802486062049866e-01 -3.835676470771431923e-03
2.685181498527526855e-01 -1.118924021720886230e-01
-6.136342417448759079e-03 -1.204457655549049377e-01
-1.455717235803604126e-01 2.615565434098243713e-02
1.088196411728858948e-01 -1.264845728874206543e-01
1.022224202752113342e-01 -2.049660533666610718e-01
2.117488384246826172e-01 -3.318336904048919678e-01
-6.968954205513000488e-02 1.571230590343475342e-01
-2.129775434732437134e-01 1.531651318073272705e-01
3.345867097377777100e-01 -1.541737914085388184e-01
2.170226871967315674e-01 4.461282119154930115e-02
2.251256853342056274e-01 -3.826985508203506470e-02
1.874801814556121826e-01 -2.330003976821899414e-01
-2.639122307300567627e-01 2.314950376749038696e-01
-9.011085331439971924e-02 -7.225414365530014038e-02
-1.688416302204132080e-01 1.310283094644546509e-01
6.653857231140136719e-02 -1.312873661518096924e-01
-3.548760712146759033e-02 -5.213867127895355225e-02
9.228422492742538452e-02 -1.566260606050491333e-01
-1.842304170131683350e-01 1.579914093017578125e-01
-1.549143046140670776e-01 1.687078028917312622e-01
7.133798301219940186e-02 -3.305166363716125488e-01
-1.472926437854766846e-01 2.163215577602386475e-01
-6.780885905027389526e-02 -1.840293221175670624e-02
-8.780312538146972656e-02 1.771233975887298584e-01
-1.880119442939758301e-01 -6.325208581984043121e-03
-7.487190887331962585e-03 1.369016021490097046e-01
1.136635988950729370e-01 1.099224314093589783e-01
-6.772954761981964111e-02 -2.803216688334941864e-02
2.551611363887786865e-01 9.946830570697784424e-03
-9.204380959272384644e-02 -7.705973088741302490e-02
6.972914934158325195e-02 -1.199538409709930420e-01
-5.575343593955039978e-02 7.498134672641754150e-02
9.965715557336807251e-02 -1.342970579862594604e-01
1.050167307257652283e-01 -3.011213243007659912e-02
2.849710918962955475e-02 -4.522009193897247314e-02
1.036790851503610611e-02 -1.509691178798675537e-01
-1.455722451210021973e-01 1.894991248846054077e-01
-1.705963611602783203e-01 4.175785556435585022e-02
7.927954357000999153e-06 5.897307302802801132e-03
-2.840813249349594116e-02 -1.584764420986175537e-01
-1.920213401317596436e-01 2.396953552961349487e-01
-2.455004118382930756e-02 3.045612480491399765e-03
9.827591478824615479e-03 1.127132326364517212e-01
-1.688771843910217285e-01 5.941655114293098450e-02
6.825987994670867920e-02 1.728245466947555542e-01
6.405562907457351685e-02 1.213594153523445129e-02
-7.445751875638961792e-02 3.381809219717979431e-02
-3.016132861375808716e-03 -8.145494759082794189e-02
9.157800674438476562e-02 -2.071946859359741211e-01
6.136160343885421753e-02 1.308159902691841125e-02
1.327421367168426514e-01 -2.834318205714225769e-02
1.655350625514984131e-01 -6.074142828583717346e-02
9.787295758724212646e-02 1.816919595003128052e-01
1.772221177816390991e-01 -2.012124210596084595e-01
-1.855165958404541016e-01 5.106466263532638550e-02
-1.884934753179550171e-01 -3.193648159503936768e-02
-2.607001066207885742e-01 1.590691953897476196e-01
-1.373131871223449707e-01 1.889712363481521606e-01
1.711896508932113647e-01 -1.307620555162429810e-01
2.331187762320041656e-02 -2.664257027208805084e-02
1.133182793855667114e-01 -4.193891957402229309e-02
5.831705033779144287e-02 -2.051773220300674438e-01
-3.187064230442047119e-01 9.007961302995681763e-02
8.479256927967071533e-02 -2.557704746723175049e-01
1.307345181703567505e-01 -1.238944754004478455e-01
-7.261206954717636108e-02 8.701582998037338257e-02
-6.816327571868896484e-02 6.688146293163299561e-02
-1.176250129938125610e-01 5.302296578884124756e-02
1.400623470544815063e-01 -2.209789901971817017e-01
2.593217194080352783e-01 -1.772739738225936890e-01
-2.362993955612182617e-01 1.929708123207092285e-01
-2.188072539865970612e-02 2.954016327857971191e-01
-2.170666493475437164e-02 -3.527184203267097473e-02
-6.610061228275299072e-02 7.481571286916732788e-02
2.946081385016441345e-02 7.498368620872497559e-02
1.509311944246292114e-01 -3.615003079175949097e-03
7.325822860002517700e-02 -1.148862019181251526e-01
-3.718341886997222900e-02 2.461229711771011353e-01
9.432970732450485229e-02 -1.827479898929595947e-02
1.033765152096748352e-01 -1.415615677833557129e-01
2.672997117042541504e-01 -1.209036186337471008e-01
8.185638487339019775e-02 -1.779478639364242554e-01
-1.188760474324226379e-01 1.082315817475318909e-01
1.515919268131256104e-01 -2.229685634374618530e-01
-4.267232492566108704e-02 -1.581155061721801758e-01
-3.357344269752502441e-01 5.991998687386512756e-02
2.717566490173339844e-01 1.160749047994613647e-02
-7.468338310718536377e-02 -2.159277722239494324e-02
-1.270930916070938110e-01 1.935280561447143555e-01
-7.746595889329910278e-02 8.165792375802993774e-02
-1.192398369312286377e-01 -5.680766329169273376e-02
8.176071941852569580e-02 -1.046788990497589111e-01
1.727132052183151245e-01 4.361470043659210205e-02
-2.196570858359336853e-02 1.357907205820083618e-01
1.303155571222305298e-01 -3.471466600894927979e-01
-3.194189071655273438e-01 2.471261173486709595e-01
-4.993305355310440063e-02 -1.228784676641225815e-02
2.248967438936233521e-01 -2.646260336041450500e-02
2.608093619346618652e-01 2.556874044239521027e-02
