-3.144375681877136230e-01 2.080367654561996460e-01
-1.794491112232208252e-01 2.411357015371322632e-01
-3.674919903278350830e-02 2.445939481258392334e-01
5.818417295813560486e-02 4.124468937516212463e-02
6.478090882301330566e-01 -3.521476387977600098e-01
2.282746732234954834e-01 -1.705875247716903687e-01
5.109954625368118286e-02 -2.842759527266025543e-02
-2.026201337575912476e-01 2.070772796869277954e-01
-3.862713277339935303e-01 3.002188801765441895e-01
1.996889710426330566e-01 -1.362094581127166748e-01
3.626692667603492737e-02 1.499980986118316650e-01
-2.683192193508148193e-01 9.958016872406005859e-02
4.262863397598266602e-01 -3.695096373558044434e-01
-1.657180041074752808e-01 2.708928585052490234e-01
-6.879191845655441284e-02 -1.776354573667049408e-02
4.897582530975341797e-01 -4.251774549484252930e-01
2.917144214734435081e-03 -1.209637224674224854e-01
1.554834544658660889e-01 5.456309393048286438e-02
-1.803912222385406494e-01 1.816321462392807007e-01
1.158457770943641663e-01 -1.241291761398315430e-01
-1.453879177570343018e-01 2.890663444995880127e-01
-3.634355068206787109e-01 2.531214058399200439e-01
1.462986618280410767e-01 -1.595410108566284180e-01
2.581093609333038330e-01 -3.967914283275604248e-01
3.877657055854797363e-01 -1.367757916450500488e-01
1.247449144721031189e-01 1.558022387325763702e-02
3.792561888694763184e-01 -2.389635443687438965e-01
3.592249704524874687e-03 2.618241906166076660e-01
6.655795872211456299e-02 -4.223727434873580933e-02
9.923158586025238037e-02 1.290923357009887695e-01
6.433288455009460449e-01 -6.217596530914306641e-01
-1.589147597551345825e-01 -1.402240097522735596e-01
2.931107878684997559e-01 -2.095606476068496704e-01
-1.468151956796646118e-01 1.930779516696929932e-01
-1.138618960976600647e-01 -4.282753169536590576e-02
-2.189297527074813843e-01 3.282116353511810303e-01
2.024118416011333466e-02 -1.283338665962219238e-01
-2.149502635002136230e-01 2.179824560880661011e-01
-3.967536091804504395e-01 2.191429585218429565e-01
-4.660643935203552246e-01 6.154853105545043945e-01
-4.283455014228820801e-01 4.030384719371795654e-01
-3.761886954307556152e-01 3.822872936725616455e-01
-1.311230510473251343e-01 1.644145995378494263e-01
4.627996981143951416e-01 -1.006924584507942200e-01
1.819484084844589233e-01 -2.795680761337280273e-01
-2.538076341152191162e-01 2.920846045017242432e-01
-4.395557343959808350e-01 4.018467366695404053e-01
-2.181001156568527222e-01 1.381256580352783203e-01
1.408977508544921875e-01 -1.591001078486442566e-02
6.017645001411437988e-01 -5.798919200897216797e-01
-1.770384795963764191e-02 8.220807462930679321e-02
-2.816075086593627930e-01 5.251698493957519531e-01
-1.872746944427490234e-01 -3.893928974866867065e-02
1.537858992815017700e-01 -2.260738909244537354e-01
3.609025478363037109e-01 -6.186229586601257324e-01
5.787094235420227051e-01 -5.082673430442810059e-01
-2.077502012252807617e-01 3.349639177322387695e-01
7.648855447769165039e-03 4.913381487131118774e-02
-1.427428796887397766e-02 1.032079849392175674e-02
-2.750371396541595459e-01 2.934928536415100098e-01
-1.687397360801696777e-01 2.622539997100830078e-01
2.878972142934799194e-02 3.659419342875480652e-02
9.956962615251541138e-02 -4.037084877490997314e-01
-1.555763483047485352e-01 2.491170540452003479e-02
-8.281203508377075195e-01 5.717398524284362793e-01
2.090843766927719116e-02 1.236967071890830994e-01
4.121158421039581299e-01 -4.105015397071838379e-01
-3.433797657489776611e-01 3.279273808002471924e-01
2.280286848545074463e-01 -3.547833263874053955e-01
5.138107538223266602e-01 -3.638986647129058838e-01
5.096420049667358398e-01 -3.560278713703155518e-01
4.807026684284210205e-01 -3.835188448429107666e-01
6.314583420753479004e-01 -8.030439615249633789e-01
4.354199767112731934e-01 -5.464891195297241211e-01
6.985533982515335083e-02 -1.085958480834960938e-01
2.653462290763854980e-01 -1.727895587682723999e-01
3.010549545288085938e-01 -1.424033641815185547e-01
2.355592995882034302e-01 -1.793243288993835449e-01
-4.321976304054260254e-01 4.693897664546966553e-01
3.799918591976165771e-01 -4.493933320045471191e-01
-2.206502705812454224e-01 2.416753321886062622e-01
5.795094370841979980e-01 -5.598896741867065430e-01
-2.832091748714447021e-01 2.090258598327636719e-01
-1.469293385744094849e-01 1.569992452859878540e-01
2.157254666090011597e-01 -6.515984237194061279e-02
-6.991146802902221680e-01 6.774065494537353516e-01
-8.723948150873184204e-02 4.985987395048141479e-02
3.096803128719329834e-01 -3.896261155605316162e-01
5.347976088523864746e-01 -4.044257104396820068e-01
1.806415021419525146e-01 -3.184558749198913574e-01
-7.688083499670028687e-02 6.689030677080154419e-02
-4.374684765934944153e-02 2.572472095489501953e-01
-6.888654828071594238e-01 5.904893875122070312e-01
4.351740479469299316e-01 -3.792182207107543945e-01
8.793528079986572266e-01 -8.875460624694824219e-01
-1.755311787128448486e-01 4.621409997344017029e-02
-3.231989145278930664e-01 1.860635280609130859e-01
1.097952052950859070e-01 1.061941385269165039e-01
3.591967523097991943e-01 -5.295153260231018066e-01
3.448401093482971191e-01 -4.880524575710296631e-01
2.478102892637252808e-01 -4.373283982276916504e-01
-4.367969930171966553e-01 3.998758792877197266e-01
4.882836714386940002e-02 2.571402676403522491e-02
-1.584099084138870239e-01 1.605238318443298340e-01
-4.208977818489074707e-01 6.567780971527099609e-01
-6.800969243049621582e-01 8.908004164695739746e-01
-2.167235501110553741e-02 -5.877082236111164093e-03
-4.149459302425384521e-01 4.930316209793090820e-01
7.069162726402282715e-01 -7.793536186218261719e-01
1.564532369375228882e-01 -7.805623114109039307e-02
-4.796955287456512451e-01 3.539656698703765869e-01
-3.113307356834411621e-01 -7.578162476420402527e-03
3.606790304183959961e-01 -3.567315638065338135e-01
5.090667009353637695e-01 -7.172666788101196289e-01
2.090192884206771851e-01 -2.096484005451202393e-01
3.842054903507232666e-01 -4.401157200336456299e-01
1.033910393714904785e+00 -1.023591279983520508e+00
-6.571353077888488770e-01 8.018214702606201172e-01
-5.513527393341064453e-01 4.547320902347564697e-01
1.043973684310913086e+00 -9.124886393547058105e-01
-6.682713329792022705e-02 2.364088147878646851e-01
-3.286115825176239014e-01 3.546249568462371826e-01
-3.192081749439239502e-01 2.612491548061370850e-01
-1.377100646495819092e-01 -1.830063611268997192e-01
-9.192149639129638672e-01 1.042014956474304199e+00
3.309854865074157715e-02 -1.458527892827987671e-01
-6.175163388252258301e-01 6.682342886924743652e-01
-3.211202844977378845e-02 -2.202777564525604248e-01
5.802499651908874512e-01 -3.708765804767608643e-01
-3.531467318534851074e-01 2.885229587554931641e-01
-3.542476892471313477e-01 2.656194269657135010e-01
-1.073883101344108582e-01 3.087904751300811768e-01
8.060129880905151367e-01 -7.542739510536193848e-01
9.911647997796535492e-03 1.871628500521183014e-02
-4.443696141242980957e-01 3.087360858917236328e-01
-1.661698371171951294e-01 3.331787884235382080e-01
5.828461647033691406e-01 -5.975854992866516113e-01
3.453278839588165283e-01 -2.440667450428009033e-01
3.375293314456939697e-01 -3.152664899826049805e-01
2.239153832197189331e-01 -1.349606812000274658e-01
-4.184867814183235168e-02 8.709621429443359375e-02
2.881634831428527832e-01 -4.097690284252166748e-01
-3.926087915897369385e-02 -2.834273874759674072e-02
3.441292345523834229e-01 -2.246135920286178589e-01
1.767590641975402832e-02 -3.597768954932689667e-03
5.570509433746337891e-01 -6.770048737525939941e-01
4.028690978884696960e-02 9.868021309375762939e-02
-2.156548947095870972e-01 1.414124667644500732e-01
-3.553934097290039062e-01 3.615484535694122314e-01
1.044376939535140991e-01 -2.471568286418914795e-01
4.106310606002807617e-01 -1.771710664033889771e-01
6.084167361259460449e-01 -8.091058135032653809e-01
2.867916524410247803e-01 -3.839724361896514893e-01
-1.584967821836471558e-01 1.783643513917922974e-01
-5.958489701151847839e-02 1.312238723039627075e-01
-3.905079066753387451e-01 3.066147565841674805e-01
3.280793726444244385e-01 -1.778870522975921631e-01
3.596881628036499023e-01 -4.415185153484344482e-01
5.142047405242919922e-01 -6.039556264877319336e-01
-1.188293769955635071e-01 1.017806529998779297e-01
5.460207462310791016e-01 -5.936415195465087891e-01
2.248692512512207031e-01 -1.104665771126747131e-01
3.719588220119476318e-01 -2.769003212451934814e-01
4.451410099864006042e-02 1.825519055128097534e-01
3.591437637805938721e-01 -2.035412937402725220e-01
3.477914035320281982e-01 -5.267677307128906250e-01
-4.105356037616729736e-01 3.275862336158752441e-01
3.107440173625946045e-01 -3.820686638355255127e-01
-2.201253473758697510e-01 -4.743881896138191223e-02
-3.891126513481140137e-01 4.322181046009063721e-01
2.929869294166564941e-01 -2.567777931690216064e-01
1.070335626602172852e+00 -9.726408720016479492e-01
2.161938231438398361e-03 -3.295392543077468872e-02
3.533455133438110352e-01 -4.216118454933166504e-01
-1.051680803298950195e+00 8.855715990066528320e-01
-3.549480438232421875e-01 3.122203946113586426e-01
-4.456281960010528564e-01 4.222151339054107666e-01
5.587953925132751465e-01 -4.663260877132415771e-01
-5.438094139099121094e-01 5.879909396171569824e-01
3.216612040996551514e-01 -9.973903745412826538e-02
2.228395454585552216e-02 1.273414641618728638e-01
-4.116663932800292969e-01 4.078013002872467041e-01
1.089055389165878296e-01 -1.199429184198379517e-01
-7.240986824035644531e-01 5.358375906944274902e-01
-4.624224007129669189e-01 4.288199841976165771e-01
2.185909748077392578e-01 -7.513853907585144043e-02
4.156596958637237549e-01 -3.371434211730957031e-01
5.529372692108154297e-01 -5.502064824104309082e-01
6.090911850333213806e-02 -1.628996878862380981e-01
-1.109481751918792725e-01 9.930766373872756958e-02
-5.080465078353881836e-01 2.223980426788330078e-01
-2.320582270622253418e-01 2.020348608493804932e-01
-9.376620501279830933e-02 8.111198991537094116e-02
-1.596514508128166199e-02 -1.564141511917114258e-01
-2.006241530179977417e-01 2.965482175350189209e-01
-4.363123178482055664e-01 5.611647963523864746e-01
5.970810651779174805e-01 -5.951649546623229980e-01
3.510171473026275635e-01 -4.062685370445251465e-01
-2.088032215833663940e-01 1.486134380102157593e-01
2.277968376874923706e-01 5.573692265897989273e-03
2.223743200302124023e-01 -3.909505605697631836e-01
7.250261902809143066e-01 -7.422944903373718262e-01
2.729559540748596191e-01 -3.734270930290222168e-01
-1.132169291377067566e-01 1.614780873060226440e-01
3.084726631641387939e-01 -3.076599538326263428e-01
-2.585582137107849121e-01 1.908969134092330933e-01
1.109420787543058395e-02 5.269100517034530640e-02
2.118655443191528320e-01 -3.168260455131530762e-01
4.433795809745788574e-01 -2.853982448577880859e-01
-6.510809907922521234e-05 -1.961926184594631195e-02
-4.925929009914398193e-02 2.842874825000762939e-02
4.104027524590492249e-02 -8.877736330032348633e-02
-2.568935155868530273e-01 2.667291760444641113e-01
-2.704423069953918457e-01 9.048734605312347412e-02
3.970699608325958252e-01 -6.832593679428100586e-01
6.420983672142028809e-01 -4.461479783058166504e-01
-1.728309541940689087e-01 3.896193951368331909e-02
2.992105782032012939e-01 -1.324048340320587158e-01
-7.170808035880327225e-03 -5.305658653378486633e-02
1.668414026498794556e-01 -2.326091229915618896e-01
-1.244246587157249451e-01 7.224400341510772705e-02
1.299515645951032639e-02 1.072568744421005249e-01
2.268971651792526245e-01 -4.254955649375915527e-01
1.638673841953277588e-01 -7.812923192977905273e-02
-1.638653129339218140e-01 7.981654256582260132e-02
-1.522316187620162964e-01 2.798765599727630615e-01
-3.898687064647674561e-01 1.672082990407943726e-01
1.411088109016418457e-01 -2.388775646686553955e-01
5.010216236114501953e-01 -5.224134325981140137e-01
1.512001901865005493e-01 -3.156362473964691162e-01
-7.383960485458374023e-01 6.893946528434753418e-01
5.066841468214988708e-02 2.265436351299285889e-01
-1.249796897172927856e-02 -1.190136671066284180e-01
3.077260404825210571e-02 3.131872788071632385e-02
5.446976423263549805e-01 -4.394390583038330078e-01
5.267615988850593567e-02 -7.718983292579650879e-02
-3.045846521854400635e-01 3.240513503551483154e-01
-2.492389678955078125e-01 2.257478833198547363e-01
-7.839808464050292969e-01 7.638427615165710449e-01
4.889069497585296631e-01 -3.392931818962097168e-01
-7.345096766948699951e-02 3.347278535366058350e-01
2.387355118989944458e-01 -1.769176125526428223e-01
8.397766202688217163e-02 -1.007268056273460388e-01
1.772880256175994873e-01 -3.121120929718017578e-01
8.442348241806030273e-02 -1.561896353960037231e-01
-4.211232811212539673e-02 9.895648807287216187e-02
2.303775399923324585e-01 -4.769286513328552246e-01
1.108434796333312988e-01 -8.203810080885887146e-03
-2.218701876699924469e-02 1.447561234235763550e-01
-3.386968970298767090e-01 1.821653991937637329e-01
4.039289355278015137e-01 -6.308131814002990723e-01
3.899120986461639404e-01 -3.590682744979858398e-01
-1.565089821815490723e-01 3.866751492023468018e-01
-3.142900392413139343e-02 3.015507757663726807e-01
-9.075151383876800537e-02 1.074400320649147034e-01
-1.413952112197875977e-01 -5.391042679548263550e-02
