-6.394494324922561646e-02 2.130525708198547363e-01
-1.679370924830436707e-02 -8.033831417560577393e-02
-1.699880808591842651e-01 1.272131502628326416e-01
1.194136738777160645e-01 -6.599738448858261108e-02
-1.464649289846420288e-01 2.488961070775985718e-01
-1.624467521905899048e-01 -3.614731505513191223e-02
-2.173718959093093872e-01 1.144503951072692871e-01
-1.931824348866939545e-02 9.465716779232025146e-02
-6.745551526546478271e-02 1.199883520603179932e-01
-1.085178107023239136e-01 1.895171403884887695e-01
1.256469935178756714e-01 -8.754453063011169434e-02
-2.907236218452453613e-01 2.728200256824493408e-01
3.039115369319915771e-01 -1.969828754663467407e-01
1.525533348321914673e-01 -2.950358688831329346e-01
3.709710836410522461e-01 -2.507085204124450684e-01
-2.247436195611953735e-01 -3.582240641117095947e-02
-1.501888185739517212e-01 1.006016731262207031e-01
1.161896958947181702e-01 -2.052953001111745834e-03
-1.488765794783830643e-02 1.335506886243820190e-01
4.540999978780746460e-02 -1.145715564489364624e-01
-1.630579382181167603e-01 1.789857000112533569e-01
-1.646267175674438477e-01 6.103731691837310791e-02
1.143315285444259644e-01 -2.946201860904693604e-01
2.016683965921401978e-01 -7.846688851714134216e-03
3.554750233888626099e-02 -3.691895306110382080e-02
1.510152816772460938e-01 -1.405892819166183472e-01
-6.355791818350553513e-03 -4.263445362448692322e-02
-2.992710331454873085e-03 -6.997976452112197876e-02
-6.614495813846588135e-02 2.312237322330474854e-01
1.195851862430572510e-01 -1.365457624197006226e-01
-1.385091990232467651e-01 -2.402607910335063934e-02
6.638820469379425049e-02 1.768794953823089600e-01
-5.369410663843154907e-02 4.228233173489570618e-02
1.447603292763233185e-02 -4.295703396201133728e-02
2.092865258455276489e-01 -1.445620507001876831e-01
1.898727118968963623e-01 -4.008026048541069031e-02
-3.942063078284263611e-02 -6.470733880996704102e-02
4.982566460967063904e-02 1.746510714292526245e-01
-7.873323559761047363e-02 1.477345675230026245e-01
6.019047275185585022e-02 -1.759732961654663086e-01
5.693357670679688454e-04 -7.398965954780578613e-02
4.254125803709030151e-02 -1.447860896587371826e-01
6.946746259927749634e-02 3.632695972919464111e-02
-8.406966924667358398e-02 -6.664075702428817749e-02
-9.132350236177444458e-02 -5.519207194447517395e-02
-3.474813327193260193e-02 -1.134906709194183350e-02
1.763562709093093872e-01 -2.337203919887542725e-01
-1.657906025648117065e-01 -1.083412766456604004e-01
1.870098151266574860e-02 -3.063083589076995850e-01
6.307189911603927612e-02 -3.489621728658676147e-02
-1.033644974231719971e-01 1.695145368576049805e-01
-8.803369849920272827e-02 -1.464644074440002441e-01
1.135320365428924561e-01 -6.060906499624252319e-02
7.612702995538711548e-02 1.383002288639545441e-02
1.451716423034667969e-01 -2.341720163822174072e-01
1.090028882026672363e-01 -1.467076539993286133e-01
-2.908672019839286804e-02 3.903277590870857239e-02
-9.066434204578399658e-02 1.928168684244155884e-01
-1.770815849304199219e-01 -2.322733402252197266e-02
8.313762396574020386e-02 -1.165161505341529846e-01
-7.974792271852493286e-02 -8.080420643091201782e-02
3.536361455917358398e-01 -2.627674937248229980e-01
-1.366883218288421631e-01 1.796143054962158203e-01
2.661814987659454346e-01 -3.385027647018432617e-01
1.433545202016830444e-01 -2.321035414934158325e-01
-4.850580170750617981e-02 8.570979535579681396e-02
3.383326232433319092e-01 -1.787727177143096924e-01
-2.593738399446010590e-02 4.965809360146522522e-02
-1.375590711832046509e-01 1.783764809370040894e-01
-2.086278051137924194e-01 3.320055007934570312e-01
-2.608385384082794189e-01 2.520920336246490479e-01
2.146229520440101624e-02 -1.022517401725053787e-02
1.209182366728782654e-01 -1.259087622165679932e-01
1.153273042291402817e-02 -2.748371064662933350e-01
-7.213482260704040527e-02 -1.580793112516403198e-01
6.591811776161193848e-02 6.370281428098678589e-02
1.399704217910766602e-01 -1.170014590024948120e-01
3.891150653362274170e-02 -8.799634128808975220e-02
2.016424983739852905e-01 -1.799454092979431152e-01
-6.642314791679382324e-02 -6.339050829410552979e-03
-2.179518193006515503e-01 1.484707891941070557e-01
-6.713183969259262085e-02 1.491460651159286499e-01
9.394720941781997681e-02 -6.667749583721160889e-02
4.889520630240440369e-02 2.433826625347137451e-01
8.375388383865356445e-02 1.116001084446907043e-01
-2.217182666063308716e-01 2.295839190483093262e-01
5.065067857503890991e-02 -1.766214519739151001e-01
7.612003013491630554e-03 -1.042412742972373962e-01
-1.332465745508670807e-02 8.274006843566894531e-02
1.388996988534927368e-01 -1.274629533290863037e-01
-3.879608586430549622e-02 1.738845705986022949e-01
1.703742295503616333e-01 -2.301669716835021973e-01
-4.665039945393800735e-03 1.249350085854530334e-01
1.321756541728973389e-01 -9.435328841209411621e-02
-7.281020283699035645e-02 2.227895706892013550e-01
7.910200953483581543e-02 1.532384604215621948e-01
-3.012459874153137207e-01 5.569146201014518738e-02
-2.130504846572875977e-01 4.241269081830978394e-02
2.603982388973236084e-01 -1.209552660584449768e-01
2.383719384670257568e-01 2.644000761210918427e-02
-1.541698276996612549e-01 -5.083089321851730347e-02
1.001520603895187378e-01 1.057858462445437908e-03
-5.914333835244178772e-02 2.379563301801681519e-01
-1.801182627677917480e-01 -5.761209130287170410e-02
1.066763177514076233e-01 -8.886159211397171021e-02
1.502609103918075562e-01 -1.713012307882308960e-01
-1.064956039190292358e-01 1.168179586529731750e-01
-1.325310319662094116e-01 1.291998010128736496e-02
-5.274786055088043213e-02 1.249740421772003174e-01
-1.988064646720886230e-01 1.427326500415802002e-01
2.417812496423721313e-01 -2.533287405967712402e-01
1.639901101589202881e-01 -1.401707530021667480e-01
1.830245703458786011e-01 -2.746190726757049561e-01
-8.307085186243057251e-02 2.241330444812774658e-01
-1.107430458068847656e-01 6.539165228605270386e-02
-8.232586085796356201e-02 1.147224605083465576e-01
-3.423819690942764282e-02 -3.127550706267356873e-02
2.773205004632472992e-02 4.030308499932289124e-02
1.568446904420852661e-01 -7.774534821510314941e-02
6.944704800844192505e-02 -3.491046652197837830e-02
-2.998123168945312500e-01 6.479427963495254517e-02
2.345443516969680786e-02 1.798619627952575684e-01
-3.165574073791503906e-01 1.003690958023071289e-01
3.144554793834686279e-01 -1.357215195894241333e-01
2.421459853649139404e-01 -4.262510687112808228e-02
1.110362559556961060e-01 -2.005984485149383545e-01
9.062935411930084229e-02 2.244123630225658417e-02
-1.503888815641403198e-01 3.409710153937339783e-02
-3.516716882586479187e-02 1.403732746839523315e-01
-8.814809471368789673e-02 -8.686781674623489380e-02
1.637981384992599487e-01 -2.495482712984085083e-01
2.959596812725067139e-01 -1.701906323432922363e-01
7.072889804840087891e-02 -3.905107080936431885e-02
1.559124141931533813e-02 4.837331548333168030e-02
-1.513061970472335815e-01 2.391573786735534668e-01
1.654499322175979614e-01 -1.955308467149734497e-01
-4.845469444990158081e-02 1.117065176367759705e-01
-9.984459728002548218e-02 5.739131197333335876e-02
2.064134925603866577e-01 -1.413557082414627075e-01
-2.211865931749343872e-01 8.999618887901306152e-02
2.060255408287048340e-01 -1.445724964141845703e-01
-1.123901084065437317e-01 1.436440199613571167e-01
-1.793846189975738525e-01 -1.433559060096740723e-01
8.833546191453933716e-02 2.144934795796871185e-02
-3.521922826766967773e-01 1.076755598187446594e-01
2.263601683080196381e-02 -1.010320484638214111e-01
1.861448585987091064e-02 -3.037340380251407623e-02
4.598385840654373169e-02 -7.358994334936141968e-02
-1.387824714183807373e-01 8.899554610252380371e-02
-1.986125260591506958e-01 1.349004954099655151e-01
2.359516322612762451e-01 9.188133478164672852e-02
-3.720042854547500610e-02 2.071378007531166077e-02
-1.996561512351036072e-02 -8.443815261125564575e-02
-4.834052175283432007e-03 5.465360358357429504e-02
1.983869969844818115e-01 -2.066156566143035889e-01
1.435580253601074219e-01 1.083389483392238617e-02
4.677238315343856812e-02 -7.781884074211120605e-02
1.363247483968734741e-01 -1.941834092140197754e-01
1.757967323064804077e-01 -1.101140528917312622e-01
1.093146950006484985e-01 -9.598255902528762817e-02
2.875215001404285431e-02 -2.836691588163375854e-02
-4.229930415749549866e-02 1.831079088151454926e-02
-7.248976081609725952e-02 2.664559893310070038e-02
-3.957250341773033142e-02 8.828607201576232910e-02
-3.958071395754814148e-02 1.220584362745285034e-01
6.675313413143157959e-02 1.128115281462669373e-01
2.135545760393142700e-01 -1.648930013179779053e-01
1.026167571544647217e-01 -1.792751550674438477e-01
-9.627787396311759949e-03 -3.066078573465347290e-02
-3.867064416408538818e-02 3.277783095836639404e-02
-7.517609745264053345e-02 3.147093951702117920e-01
-2.064101845026016235e-01 4.357434436678886414e-02
6.572693120688199997e-03 1.971897929906845093e-01
1.965435594320297241e-02 1.364346742630004883e-01
9.148012846708297729e-02 -1.556062102317810059e-01
1.222419664263725281e-01 -3.623557090759277344e-02
-2.601401507854461670e-01 8.797489106655120850e-02
-5.121573060750961304e-02 2.178331911563873291e-01
-5.324985831975936890e-02 1.500635743141174316e-01
-2.507859840989112854e-02 -1.266727875918149948e-02
9.897668659687042236e-02 -1.790358275175094604e-01
1.095793675631284714e-02 -3.604725748300552368e-02
-4.813094064593315125e-02 -3.061078302562236786e-02
-1.405391097068786621e-01 1.387706547975540161e-01
5.728492513298988342e-02 4.710536077618598938e-02
7.346598058938980103e-02 -1.819250881671905518e-01
2.903436124324798584e-01 -1.270171403884887695e-01
5.068013072013854980e-02 -1.301979273557662964e-01
-5.077095702290534973e-03 -7.846916466951370239e-02
1.202078312635421753e-01 -1.823013871908187866e-01
4.910241812467575073e-02 -1.691128760576248169e-01
2.041310369968414307e-01 -1.362743228673934937e-01
-2.418340891599655151e-01 1.410448998212814331e-01
-5.491470173001289368e-02 8.367288112640380859e-02
9.263430535793304443e-02 -2.046747952699661255e-01
9.363403171300888062e-02 -1.130057051777839661e-01
1.428421586751937866e-01 -8.041461557149887085e-02
-1.096971407532691956e-01 1.709736585617065430e-01
-1.009382009506225586e-01 1.319882422685623169e-01
2.642475962638854980e-01 -1.083043962717056274e-01
9.360941126942634583e-03 -4.985759034752845764e-02
-1.056272983551025391e-01 2.625508308410644531e-01
3.667115420103073120e-02 -5.671071633696556091e-02
-1.329963505268096924e-01 4.440985620021820068e-02
1.717297881841659546e-01 -2.288146913051605225e-01
4.554721340537071228e-02 7.737880200147628784e-02
-5.617607384920120239e-02 1.167214810848236084e-01
-2.245190888643264771e-01 7.175288349390029907e-02
-2.893293276429176331e-02 4.381178691983222961e-02
1.625695973634719849e-01 -1.699358522891998291e-01
6.376452744007110596e-02 -6.810735166072845459e-02
3.368828212842345238e-03 -1.832912862300872803e-01
-1.718703657388687134e-01 7.518538832664489746e-02
-1.591499596834182739e-01 2.047777026891708374e-01
1.590713709592819214e-01 -1.830220967531204224e-01
7.970454171299934387e-03 4.598929360508918762e-02
1.838856190443038940e-01 -1.233247220516204834e-01
-5.302969366312026978e-03 1.020122691988945007e-01
-1.458285003900527954e-01 1.325995922088623047e-01
-1.805261671543121338e-01 9.265793114900588989e-02
-4.128817468881607056e-02 -3.927234187722206116e-02
1.862632483243942261e-02 -2.028675526380538940e-01
1.818742901086807251e-01 5.885756760835647583e-02
2.494483739137649536e-01 -3.597746416926383972e-02
-1.032970547676086426e-01 3.188641741871833801e-02
-1.991849988698959351e-01 -1.231704354286193848e-01
-1.378666013479232788e-01 1.209279820322990417e-01
5.664935708045959473e-02 5.721426010131835938e-02
8.228759467601776123e-02 2.790053375065326691e-02
-1.306530833244323730e-01 1.305059622973203659e-02
-1.747356951236724854e-01 4.055359587073326111e-02
1.681445389986038208e-01 -5.042058601975440979e-02
1.414895653724670410e-01 -5.284284427762031555e-02
-6.139320135116577148e-02 -1.960141956806182861e-02
-2.986728958785533905e-02 1.373723894357681274e-01
-3.097517043352127075e-02 2.416504733264446259e-02
-1.610945444554090500e-03 -9.984116256237030029e-02
2.789601311087608337e-02 -1.283397898077964783e-02
-8.895039558410644531e-02 -1.319215744733810425e-01
-3.097081929445266724e-02 4.637007042765617371e-02
-1.115544885396957397e-01 3.188627213239669800e-02
-2.274885326623916626e-01 1.446564048528671265e-01
-6.027966737747192383e-02 1.740879565477371216e-01
-3.651358932256698608e-02 2.783367037773132324e-01
5.229444708675146103e-03 -1.507713049650192261e-01
7.267091423273086548e-02 8.766748756170272827e-02
8.136486634612083435e-03 1.296220440417528152e-02
-2.295425534248352051e-01 2.146598137915134430e-02
8.271278440952301025e-02 -1.247458346188068390e-02
-1.195059418678283691e-01 -4.636324197053909302e-02
-2.410547584295272827e-01 1.434043794870376587e-01
3.032388091087341309e-01 -1.276226639747619629e-01
-2.623428702354431152e-01 1.949905008077621460e-01
3.183379173278808594e-01 -2.429671138525009155e-01
-8.076920360326766968e-02 1.180384531617164612e-01
1.086679697036743164e-01 1.720346510410308838e-01
