7.217190414667129517e-02 9.389054030179977417e-02
-2.994996011257171631e-01 3.214674592018127441e-01
-2.336742430925369263e-01 8.654948323965072632e-02
1.530294269323348999e-01 1.324429959058761597e-01
1.545696705579757690e-01 -3.199640810489654541e-01
5.326020345091819763e-02 9.945840388536453247e-02
-2.388801574707031250e-01 -4.297968000173568726e-03
-8.008842915296554565e-02 2.691222727298736572e-01
2.268552333116531372e-01 -1.835614889860153198e-01
2.347376346588134766e-01 -3.247129619121551514e-01
-1.323729846626520157e-02 8.593954145908355713e-02
-6.274582445621490479e-02 2.316914051771163940e-01
2.112025022506713867e-01 -1.578596234321594238e-01
-2.524908483028411865e-01 2.513902634382247925e-02
-1.660865396261215210e-01 1.224241852760314941e-01
7.455842196941375732e-02 -1.538916826248168945e-01
-8.335017412900924683e-02 1.079967617988586426e-01
-2.546069324016571045e-01 8.858860284090042114e-02
2.023318037390708923e-02 -1.534619033336639404e-01
-3.651852160692214966e-02 -3.689394518733024597e-02
3.955719172954559326e-01 -4.515894651412963867e-01
6.870388984680175781e-02 -1.883608102798461914e-01
2.735904417932033539e-03 6.204819306731224060e-02
-3.313261317089200020e-03 -2.023459672927856445e-01
-2.949595451354980469e-01 1.310348361730575562e-01
9.109193831682205200e-02 -1.486426591873168945e-01
1.729349344968795776e-01 -1.515752524137496948e-01
-1.072601899504661560e-01 1.909090429544448853e-01
3.142669796943664551e-01 -2.101175785064697266e-01
-4.258473217487335205e-02 -7.435405254364013672e-02
2.419019937515258789e-01 -4.374692961573600769e-02
8.987398445606231689e-02 -1.196173056960105896e-01
-2.145139425992965698e-01 -6.562443077564239502e-02
-2.153639197349548340e-01 2.758689820766448975e-01
5.825876444578170776e-02 -2.683585286140441895e-01
1.067307442426681519e-01 -2.530381083488464355e-01
-1.098092794418334961e-01 -5.980176106095314026e-02
1.967032067477703094e-02 1.383145600557327271e-01
-9.095828980207443237e-02 -1.168174073100090027e-01
-7.479890435934066772e-02 1.285519003868103027e-01
1.132070124149322510e-01 -1.958977580070495605e-01
-2.121687978506088257e-01 1.299718767404556274e-01
-2.583594024181365967e-01 1.938924044370651245e-01
-2.401288598775863647e-02 1.749787777662277222e-01
1.335689127445220947e-01 -8.540977537631988525e-02
4.501604661345481873e-02 1.056871488690376282e-01
2.101111412048339844e-02 7.343704998493194580e-02
-3.948242068290710449e-01 4.273684024810791016e-01
2.055544406175613403e-01 -1.608145833015441895e-01
-3.849040865898132324e-01 4.435465037822723389e-01
-7.008422911167144775e-02 9.302798658609390259e-02
-3.650726377964019775e-01 1.326380372047424316e-01
-2.048552781343460083e-01 1.125859916210174561e-01
-2.865932583808898926e-01 1.901519484817981720e-02
-9.863197803497314453e-02 -8.412907272577285767e-02
6.353896111249923706e-02 -5.044496431946754456e-02
6.524772197008132935e-02 -1.822819374501705170e-02
-2.824591994285583496e-01 7.372730970382690430e-02
-2.086410522460937500e-01 2.630282938480377197e-01
-3.455085679888725281e-02 2.016926649957895279e-03
2.664006948471069336e-01 5.604411289095878601e-02
1.953091770410537720e-01 -3.737443089485168457e-01
1.171074691228568554e-03 -1.806822866201400757e-01
-2.283045351505279541e-01 2.715902328491210938e-01
3.724347651004791260e-01 -3.258423805236816406e-01
-5.046097636222839355e-01 4.129965007305145264e-01
-1.400202810764312744e-01 2.197486162185668945e-01
-3.492314219474792480e-01 2.129314988851547241e-01
2.458773553371429443e-01 -1.949904561042785645e-01
-4.897474870085716248e-02 2.269859164953231812e-01
4.257794097065925598e-02 5.360976234078407288e-02
-6.630732119083404541e-02 -1.209338009357452393e-02
4.716300219297409058e-02 2.310260757803916931e-02
4.181572496891021729e-01 -1.458908915519714355e-01
-2.250969558954238892e-01 2.304366677999496460e-01
1.904460787773132324e-01 -4.028101861476898193e-01
8.834306895732879639e-02 -9.005197882652282715e-02
-2.175818756222724915e-02 1.699304580688476562e-01
-2.259902060031890869e-01 3.494381606578826904e-01
2.266177833080291748e-01 -4.733164906501770020e-01
-1.420442312955856323e-01 6.632810086011886597e-02
-3.408854603767395020e-01 1.140015721321105957e-01
1.281049102544784546e-01 -3.244573473930358887e-01
1.146546006202697754e-01 -2.771451324224472046e-02
-2.040304094552993774e-01 2.682470977306365967e-01
6.603538244962692261e-02 -2.474452108144760132e-01
6.974867731332778931e-02 -2.254585735499858856e-02
3.153874576091766357e-01 -3.705662488937377930e-01
6.722284108400344849e-02 -9.834337979555130005e-02
-1.299472302198410034e-01 3.375368416309356689e-01
-1.570610702037811279e-01 -2.789850905537605286e-02
1.512461006641387939e-01 7.511121779680252075e-02
8.699224889278411865e-02 6.172361318022012711e-03
-1.313759684562683105e-01 -2.659178525209426880e-02
-1.084541976451873779e-01 7.686382532119750977e-02
2.097944356501102448e-02 -2.303111180663108826e-02
3.916253447532653809e-01 -4.536904990673065186e-01
-4.751823097467422485e-02 1.016777753829956055e-01
5.850950479507446289e-01 -4.945861697196960449e-01
-3.763342499732971191e-01 2.633437216281890869e-01
-2.257874757051467896e-01 4.732912778854370117e-01
3.552118539810180664e-01 -2.979188859462738037e-01
2.752051651477813721e-01 -2.243499457836151123e-01
-1.245085075497627258e-01 1.648939847946166992e-01
-9.974452853202819824e-02 1.940445899963378906e-01
1.741393804550170898e-01 -1.056231260299682617e-01
-4.442459046840667725e-01 3.702233135700225830e-01
3.050954043865203857e-01 -1.890959590673446655e-01
1.638839095830917358e-01 -1.994605064392089844e-01
7.932289689779281616e-02 -1.424415856599807739e-01
-1.142284199595451355e-01 2.840162217617034912e-01
-4.882299900054931641e-01 3.915022611618041992e-01
1.013012900948524475e-01 -2.446049898862838745e-01
-3.326837122440338135e-01 2.634092271327972412e-01
-3.688679039478302002e-01 3.734503984451293945e-01
4.576299190521240234e-01 -2.770502269268035889e-01
-2.915114760398864746e-01 4.394536316394805908e-01
2.100404202938079834e-01 -7.873202115297317505e-02
2.145715653896331787e-01 -3.048477470874786377e-01
-1.024383082985877991e-01 2.909567207098007202e-02
2.072403877973556519e-01 -1.831426620483398438e-01
3.427013754844665527e-01 -2.283914089202880859e-01
1.081702187657356262e-01 -1.830092072486877441e-01
-3.682227432727813721e-02 -6.292305886745452881e-02
-1.272012740373611450e-01 1.370212584733963013e-01
-2.934208810329437256e-01 2.668559551239013672e-01
-2.450076341629028320e-01 1.690896004438400269e-01
-3.422428667545318604e-01 2.758592069149017334e-01
2.213871777057647705e-01 -3.036319911479949951e-01
1.656865775585174561e-01 -1.240354180335998535e-01
-2.381701469421386719e-01 2.856788039207458496e-01
2.680788934230804443e-01 -3.426387608051300049e-01
1.183793023228645325e-01 -1.950622051954269409e-01
3.110057441517710686e-03 8.577680587768554688e-02
3.786973953247070312e-01 -3.555488586425781250e-01
3.352364301681518555e-01 -4.431587457656860352e-01
-1.264476329088211060e-01 1.433585882186889648e-01
4.810614883899688721e-02 -1.620025932788848877e-01
2.527426183223724365e-01 -2.713398039340972900e-01
4.974309727549552917e-02 -1.723365932703018188e-01
1.330892145633697510e-01 -3.635753095149993896e-01
-1.551320999860763550e-01 9.864272922277450562e-02
7.328593730926513672e-02 -1.706148982048034668e-01
2.219558656215667725e-01 -3.222990036010742188e-01
2.478671967983245850e-01 -6.246172636747360229e-02
4.344348330050706863e-03 1.032769866287708282e-02
-6.875478476285934448e-02 2.646827101707458496e-01
-3.055945336818695068e-01 2.339303195476531982e-01
7.168813794851303101e-02 -1.700583472847938538e-02
-3.214808404445648193e-01 1.676282435655593872e-01
3.167591989040374756e-02 -1.387252807617187500e-01
-1.628393083810806274e-01 -3.094702027738094330e-02
-2.872500419616699219e-01 1.732654869556427002e-01
1.438942849636077881e-01 2.099489048123359680e-02
2.503773272037506104e-01 -2.058941423892974854e-01
-2.842802107334136963e-01 3.723655939102172852e-01
8.866449445486068726e-02 -1.406964063644409180e-01
4.074859619140625000e-01 -4.083839952945709229e-01
-2.891555428504943848e-01 2.220756709575653076e-01
7.702419906854629517e-02 -8.963862061500549316e-02
1.265445053577423096e-01 -1.484798491001129150e-01
-4.267501085996627808e-02 4.721889644861221313e-02
-3.002561330795288086e-01 4.143786728382110596e-01
1.627311259508132935e-01 -2.600428760051727295e-01
-7.157317548990249634e-02 2.954749949276447296e-02
-1.105491667985916138e-01 1.809904128313064575e-01
-2.813827060163021088e-02 -1.113755330443382263e-01
1.944492012262344360e-01 -2.067314088344573975e-01
-1.185157299041748047e-01 2.016437053680419922e-02
5.324706807732582092e-02 2.792518958449363708e-02
2.447487413883209229e-02 1.764242351055145264e-01
1.746188551187515259e-01 -7.307150214910507202e-02
-3.524368628859519958e-02 1.109712794423103333e-01
2.108068913221359253e-01 -1.774701178073883057e-01
7.673605531454086304e-02 -1.884505152702331543e-01
-1.833266019821166992e-01 1.467897184193134308e-02
-1.310995519161224365e-01 9.717337042093276978e-02
-4.037026762962341309e-01 4.437819123268127441e-01
2.016729116439819336e-01 -2.572823464870452881e-01
6.349679827690124512e-02 -2.762241661548614502e-02
-1.001742482185363770e-01 -6.429651379585266113e-02
1.756701618432998657e-01 -2.032445222139358521e-01
-2.754606679081916809e-02 -2.961810305714607239e-02
2.948565781116485596e-01 -3.859413564205169678e-01
-2.435610443353652954e-01 1.230849623680114746e-01
2.106858193874359131e-01 -2.127763926982879639e-01
2.600945830345153809e-01 -2.975913286209106445e-01
2.966804206371307373e-01 -2.696179151535034180e-01
-9.342502802610397339e-02 1.271376907825469971e-01
-3.645883500576019287e-01 4.500185549259185791e-01
1.821401119232177734e-01 -2.760120630264282227e-01
-3.223692774772644043e-01 1.028188504278659821e-02
-1.560839414596557617e-01 8.885090053081512451e-02
-1.282767802476882935e-01 4.459756612777709961e-02
6.975241750478744507e-02 8.925502002239227295e-02
1.228970289230346680e-01 -4.059722274541854858e-02
7.152494974434375763e-03 1.645433455705642700e-01
1.278168261051177979e-01 7.545474916696548462e-02
2.028021365404129028e-01 -2.888071537017822266e-01
1.937158405780792236e-01 -5.950998887419700623e-02
1.354696154594421387e-01 -1.034773364663124084e-01
1.829027682542800903e-01 -1.503418572247028351e-02
-3.985069394111633301e-01 4.189489483833312988e-01
-9.935129433870315552e-02 -1.046705059707164764e-02
6.498257163912057877e-03 -1.860559880733489990e-01
-1.967592909932136536e-02 1.710451096296310425e-01
7.201564311981201172e-02 1.052133962512016296e-01
1.160711571574211121e-01 -1.656477004289627075e-01
1.923501342535018921e-01 -1.874994337558746338e-01
-8.604075014591217041e-02 4.991325363516807556e-02
-3.564759492874145508e-01 3.000166416168212891e-01
1.236378401517868042e-01 -1.021888926625251770e-01
1.085319593548774719e-01 -2.505448162555694580e-01
9.769038856029510498e-02 -1.463124155998229980e-01
-1.386198103427886963e-01 1.556867808103561401e-01
1.136410385370254517e-01 -1.137079373002052307e-01
-4.868730902671813965e-02 -3.578281402587890625e-02
7.474622130393981934e-02 -1.175798773765563965e-01
1.185497790575027466e-01 -7.335948944091796875e-02
1.241138502955436707e-01 4.384525492787361145e-02
4.464166611433029175e-02 -1.532993316650390625e-01
1.580493301153182983e-01 3.478331491351127625e-02
1.256317496299743652e-01 -2.058584690093994141e-01
-7.315704226493835449e-02 -1.195622235536575317e-01
-1.090805381536483765e-01 -2.887224592268466949e-02
-1.095604747533798218e-01 -6.690388172864913940e-02
7.096057385206222534e-02 -1.381252706050872803e-01
-1.042273715138435364e-01 2.792915403842926025e-01
7.765576243400573730e-03 -2.536321990191936493e-02
2.972894310951232910e-01 -1.913255006074905396e-01
3.850368261337280273e-01 -1.660809218883514404e-01
1.307877749204635620e-01 -1.101538091897964478e-01
8.210684359073638916e-02 -4.282258823513984680e-02
4.375446215271949768e-02 -1.383932381868362427e-01
-1.843722537159919739e-02 2.821918111294507980e-03
3.004767000675201416e-01 -1.593535989522933960e-01
7.795977592468261719e-02 -2.983404099941253662e-01
1.221071556210517883e-01 -1.929044723510742188e-02
3.384363055229187012e-01 -1.228314042091369629e-01
-3.586490750312805176e-01 9.067890048027038574e-02
-4.164142534136772156e-03 9.608550369739532471e-02
2.964577451348304749e-02 -1.508587300777435303e-01
4.507512226700782776e-02 4.194586537778377533e-03
1.775150895118713379e-01 -3.552081882953643799e-01
1.680139303207397461e-01 9.958776831626892090e-02
-2.416878044605255127e-01 1.693316102027893066e-01
3.378360569477081299e-01 -4.204692319035530090e-02
8.122464269399642944e-02 -9.356171637773513794e-02
-2.449793182313442230e-02 3.586751595139503479e-02
9.632457979023456573e-03 -1.346214562654495239e-01
8.998501300811767578e-02 -1.556409746408462524e-01
4.668635129928588867e-02 -3.702011331915855408e-02
1.373070478439331055e-01 4.339961800724267960e-03
-1.239920854568481445e-01 1.284321248531341553e-01
3.945077583193778992e-02 -1.264918595552444458e-01
-3.898094892501831055e-01 3.595489263534545898e-01
