2.798530161380767822e-01 -3.426983356475830078e-01
-7.595392316579818726e-02 1.768383681774139404e-01
3.359733149409294128e-02 6.950710713863372803e-02
-6.109131872653961182e-02 3.806004822254180908e-01
4.161105751991271973e-01 -5.955764055252075195e-01
-1.765041798353195190e-02 1.894249171018600464e-01
1.759715229272842407e-01 -1.699552088975906372e-01
3.104437291622161865e-01 -3.289191424846649170e-01
-3.333084583282470703e-01 3.143146038055419922e-01
-3.304969146847724915e-02 1.442960798740386963e-01
4.500154033303260803e-02 -6.700711697340011597e-02
-3.261415362358093262e-01 1.472020000219345093e-01
2.506895661354064941e-01 -2.258724570274353027e-01
5.409022048115730286e-02 7.108600437641143799e-02
-3.359349677339196205e-03 1.363822221755981445e-01
2.604024708271026611e-01 -3.105879761278629303e-02
7.538224011659622192e-02 4.651435464620590210e-02
1.753722876310348511e-01 -1.969982832670211792e-01
2.700284868478775024e-02 -1.604103446006774902e-01
1.697099655866622925e-01 -7.762990891933441162e-02
1.920105218887329102e-01 -1.120258644223213196e-01
-4.806892275810241699e-01 4.949437379837036133e-01
-2.237528562545776367e-01 1.225908696651458740e-01
2.544965222477912903e-02 -1.998920738697052002e-02
-5.712188035249710083e-02 -5.727598816156387329e-02
3.115741610527038574e-01 -2.114484757184982300e-01
4.965982213616371155e-02 -1.381576955318450928e-01
2.334875464439392090e-01 -9.854505956172943115e-02
-1.928692683577537537e-02 -1.748214066028594971e-01
3.196465969085693359e-02 -1.984193921089172363e-01
-4.635674506425857544e-02 -7.841762155294418335e-02
-6.679309904575347900e-02 1.082188040018081665e-01
-2.130888402462005615e-02 2.796504646539688110e-02
1.728506982326507568e-01 -1.192135438323020935e-01
-2.453152984380722046e-01 3.636338189244270325e-02
-1.095265001058578491e-01 8.219633251428604126e-03
-2.690222561359405518e-01 1.136669442057609558e-01
-1.273696273565292358e-01 6.906867027282714844e-02
4.471900686621665955e-02 -5.926229804754257202e-02
-1.065416485071182251e-01 9.140671230852603912e-03
1.302265077829360962e-01 1.260588020086288452e-01
4.396824538707733154e-01 -4.445193707942962646e-01
-5.468180775642395020e-01 5.252925157546997070e-01
9.994783997535705566e-02 -1.772029995918273926e-01
1.092116460204124451e-01 1.412864308804273605e-02
-1.568310111761093140e-01 1.915375143289566040e-01
-8.608771488070487976e-03 -2.616228163242340088e-01
-7.237622141838073730e-02 4.661039263010025024e-02
-5.780588462948799133e-02 -1.907358318567276001e-01
-8.223176933825016022e-03 -8.886867016553878784e-02
-2.038392722606658936e-01 2.464068681001663208e-01
-2.239392697811126709e-01 4.276093840599060059e-01
1.359123587608337402e-01 -1.073087677359580994e-01
9.549786150455474854e-02 -1.789530962705612183e-01
-5.458722822368144989e-03 4.062675312161445618e-02
-1.737816780805587769e-01 2.307751923799514771e-01
-1.953328251838684082e-01 7.587754726409912109e-02
-3.211383223533630371e-01 3.885532319545745850e-01
-9.552422165870666504e-02 1.386615335941314697e-01
1.200759708881378174e-01 -1.378474682569503784e-01
5.497852563858032227e-01 -4.653544723987579346e-01
6.911730766296386719e-02 2.479067444801330566e-02
-3.010351443663239479e-03 -1.813320070505142212e-01
-1.062484923750162125e-02 2.559675835072994232e-02
2.581084892153739929e-02 5.506395176053047180e-02
2.092929631471633911e-01 -1.257076710462570190e-01
-1.938872784376144409e-01 1.445137262344360352e-01
-2.268923670053482056e-01 1.902345567941665649e-01
5.859466195106506348e-01 -8.230805397033691406e-01
2.222652286291122437e-01 -1.233509704470634460e-01
1.228181496262550354e-01 -1.916138678789138794e-01
1.178398877382278442e-01 -4.712874069809913635e-02
-4.802563190460205078e-01 5.483725070953369141e-01
1.761487573385238647e-01 -8.179100602865219116e-02
4.839760065078735352e-01 -2.951885163784027100e-01
1.403018534183502197e-01 -2.228591740131378174e-01
2.667438685894012451e-01 -3.809134364128112793e-01
-3.787361085414886475e-01 3.438161015510559082e-01
7.025305181741714478e-02 -2.974328100681304932e-01
2.868704497814178467e-01 -1.786575764417648315e-01
7.882554829120635986e-02 -1.484655737876892090e-01
3.915659785270690918e-01 -5.059096813201904297e-01
-1.119592711329460144e-01 1.395019739866256714e-01
5.688223838806152344e-01 -5.048723816871643066e-01
-1.042399182915687561e-01 1.567783057689666748e-01
-4.155606031417846680e-01 3.100270032882690430e-01
-6.342205405235290527e-01 5.738089680671691895e-01
2.998463213443756104e-01 -2.714619040489196777e-01
3.394742608070373535e-01 -2.919160127639770508e-01
2.962442338466644287e-01 -3.709437847137451172e-01
4.400386288762092590e-02 1.493195444345474243e-02
-6.152895092964172363e-01 5.575578212738037109e-01
-2.168761752545833588e-02 1.718575693666934967e-02
-2.067504376173019409e-01 1.125882491469383240e-01
-6.412706375122070312e-01 5.933161377906799316e-01
9.851690530776977539e-01 -7.688151001930236816e-01
4.601133763790130615e-01 -5.522011518478393555e-01
-2.597597837448120117e-01 3.051329255104064941e-01
-3.134253993630409241e-02 8.906036615371704102e-02
-1.787198334932327271e-01 1.073315367102622986e-01
7.282736301422119141e-01 -7.417197823524475098e-01
-3.658396899700164795e-01 4.427862167358398438e-01
5.287353992462158203e-01 -5.748084187507629395e-01
2.406644970178604126e-01 -2.915653586387634277e-01
5.449385643005371094e-01 -2.714754045009613037e-01
2.800977230072021484e-01 -4.357688128948211670e-01
-3.487188816070556641e-01 3.614338040351867676e-01
4.508479535579681396e-01 -5.116465687751770020e-01
5.034710764884948730e-01 -2.726117670536041260e-01
-2.608099877834320068e-01 2.443356961011886597e-01
-1.070405468344688416e-01 2.437169197946786880e-03
-3.234870433807373047e-01 2.295863032341003418e-01
4.344997107982635498e-01 -3.249017596244812012e-01
1.129840090870857239e-01 -2.040372975170612335e-02
-1.294312626123428345e-01 -1.708531193435192108e-02
-7.736243009567260742e-01 6.733447909355163574e-01
2.924870699644088745e-02 -1.159739866852760315e-01
-7.537570595741271973e-02 2.567877769470214844e-01
3.740762770175933838e-01 -2.554048895835876465e-01
-3.088640272617340088e-01 4.899268746376037598e-01
-5.134003758430480957e-01 5.121351480484008789e-01
-5.425359010696411133e-01 6.537687182426452637e-01
4.299862086772918701e-01 -3.584969043731689453e-01
2.734841108322143555e-01 -3.178402483463287354e-01
-1.900014281272888184e-02 -1.861388050019741058e-02
1.035843372344970703e+00 -9.165611267089843750e-01
-3.992463052272796631e-01 3.808273971080780029e-01
-1.032295897603034973e-01 2.276260554790496826e-01
4.463521242141723633e-01 -3.386599123477935791e-01
1.499847620725631714e-01 -1.649723798036575317e-01
-1.623762249946594238e-01 1.190233826637268066e-01
-6.616111397743225098e-01 5.574308633804321289e-01
-6.002413108944892883e-02 -6.131072342395782471e-02
2.230296730995178223e-01 -7.010324299335479736e-02
2.937709093093872070e-01 -1.895887404680252075e-01
7.383372187614440918e-01 -6.907548904418945312e-01
-6.469478607177734375e-01 7.709872126579284668e-01
-9.827049076557159424e-02 8.591891080141067505e-02
-2.447928339242935181e-01 2.934648692607879639e-01
-6.737740635871887207e-01 6.591235399246215820e-01
6.403557658195495605e-01 -5.590924620628356934e-01
-2.742349505424499512e-01 4.746214151382446289e-01
-6.938865780830383301e-02 -7.646596524864435196e-03
-2.566046714782714844e-01 2.706186473369598389e-01
-2.000881433486938477e-01 1.667009145021438599e-01
8.830750733613967896e-02 -2.587772905826568604e-02
-6.386002302169799805e-01 6.898330450057983398e-01
8.333324790000915527e-01 -8.284900188446044922e-01
6.336734294891357422e-01 -4.721375703811645508e-01
-7.101969122886657715e-01 7.432331442832946777e-01
-1.699187755584716797e-01 3.539505004882812500e-01
4.398992061614990234e-01 -5.474054217338562012e-01
-6.425570249557495117e-01 6.253026723861694336e-01
7.058187127113342285e-01 -6.515570282936096191e-01
9.858410358428955078e-01 -8.993796110153198242e-01
1.240361854434013367e-01 -2.641944289207458496e-01
-8.054192066192626953e-01 8.425358533859252930e-01
7.986379861831665039e-01 -9.138405919075012207e-01
1.260940194129943848e+00 -1.251161098480224609e+00
-1.625368557870388031e-02 -4.128962755203247070e-03
-1.053359270095825195e+00 1.003417968750000000e+00
3.901328146457672119e-01 -4.276418983936309814e-01
-4.708494246006011963e-02 1.482923030853271484e-01
3.786993026733398438e-01 -4.091154038906097412e-01
8.487518876791000366e-02 -8.942773938179016113e-02
7.578771114349365234e-01 -8.243495225906372070e-01
2.772653102874755859e-01 -3.747725784778594971e-01
4.246121346950531006e-01 -4.603868126869201660e-01
-2.434883564710617065e-01 3.866462409496307373e-01
8.971275091171264648e-01 -5.882189273834228516e-01
-4.084509909152984619e-01 4.106035530567169189e-01
-5.152785778045654297e-01 4.030337631702423096e-01
-9.201862812042236328e-01 1.180297255516052246e+00
-4.832049608230590820e-01 5.263956785202026367e-01
1.936641708016395569e-02 1.837555766105651855e-01
7.201833724975585938e-01 -9.598655104637145996e-01
1.093701086938381195e-02 -1.719084233045578003e-01
-2.176657468080520630e-01 1.835407167673110962e-01
-2.398342937231063843e-01 1.811694502830505371e-01
-8.161317706108093262e-01 5.843597650527954102e-01
8.028186112642288208e-02 -2.162043703719973564e-03
7.223690152168273926e-01 -6.394261717796325684e-01
-2.830469012260437012e-01 2.684917449951171875e-01
-3.457504138350486755e-02 -1.410559415817260742e-01
-9.602767974138259888e-02 -4.472527652978897095e-02
3.334572911262512207e-02 -1.598909050226211548e-01
5.111469626426696777e-01 -7.062950134277343750e-01
8.274122476577758789e-01 -6.274298429489135742e-01
-1.429275795817375183e-02 4.043580219149589539e-02
-6.202111840248107910e-01 3.398161828517913818e-01
-4.005831182003021240e-01 5.001170039176940918e-01
1.316850036382675171e-01 -2.698829583823680878e-02
7.135979831218719482e-02 -9.191393107175827026e-02
-1.638373918831348419e-02 5.830021575093269348e-03
-3.427830636501312256e-01 1.702260822057723999e-01
-3.043699860572814941e-01 3.887384831905364990e-01
-1.792551577091217041e-01 1.776491552591323853e-01
1.741018742322921753e-01 -1.992462202906608582e-02
4.125516116619110107e-01 -3.859101831912994385e-01
-2.273736894130706787e-01 7.372110337018966675e-02
-3.043688535690307617e-01 1.432612538337707520e-01
-6.490889191627502441e-02 1.240448877215385437e-01
-6.244546175003051758e-02 4.005055502057075500e-02
-3.303077518939971924e-01 3.189410865306854248e-01
3.886372745037078857e-01 -4.398861229419708252e-01
-4.355591237545013428e-01 3.135513961315155029e-01
2.724233865737915039e-01 -1.996298432350158691e-01
-4.347151815891265869e-01 1.902611106634140015e-01
-1.992351859807968140e-01 1.802956908941268921e-01
1.920913904905319214e-01 -2.594820857048034668e-01
-5.093036592006683350e-02 1.988396346569061279e-01
2.559896707534790039e-01 -1.010662242770195007e-01
-1.986688673496246338e-01 -3.177769482135772705e-02
-7.135402560234069824e-01 7.317311763763427734e-01
-2.664945423603057861e-01 2.298905402421951294e-01
-1.338723897933959961e-01 1.219737976789474487e-01
2.104280740022659302e-01 -1.899098455905914307e-01
6.894340515136718750e-01 -6.671994924545288086e-01
-3.183022886514663696e-02 9.601702913641929626e-03
1.126202568411827087e-02 1.601046510040760040e-02
1.325190514326095581e-01 4.365842044353485107e-02
3.265227973461151123e-01 -2.023706883192062378e-01
2.438701093196868896e-01 2.027795836329460144e-02
2.841635942459106445e-01 -7.017230242490768433e-02
-2.505277693271636963e-01 3.639277815818786621e-01
9.746175259351730347e-02 -2.794456109404563904e-02
-5.108023434877395630e-02 1.097774952650070190e-01
1.149762272834777832e-01 -7.291693985462188721e-02
-3.724238649010658264e-02 6.497809290885925293e-02
-1.533074676990509033e-01 2.166234254837036133e-01
1.423165202140808105e-01 -3.583907335996627808e-02
1.170396953821182251e-01 -3.209541738033294678e-01
-7.512858510017395020e-02 -6.300841271877288818e-02
2.181143760681152344e-01 -2.166454195976257324e-01
-1.373599022626876831e-01 9.271572530269622803e-02
2.828066945075988770e-01 -1.092641875147819519e-01
-8.845437318086624146e-02 2.439896613359451294e-01
9.153436869382858276e-02 1.886464655399322510e-01
2.586477994918823242e-01 -1.422601640224456787e-01
3.539273738861083984e-01 -3.242571651935577393e-01
6.643997132778167725e-02 -8.257745951414108276e-02
2.239587604999542236e-01 -1.945721358060836792e-01
-4.783976357430219650e-03 -1.470710486173629761e-01
-7.258904725313186646e-02 2.968458831310272217e-01
-2.268742918968200684e-01 2.679998874664306641e-01
1.839498579502105713e-01 -2.261586189270019531e-01
-8.334297686815261841e-03 2.197145670652389526e-02
-1.626308262348175049e-01 3.336423635482788086e-01
-8.775975555181503296e-03 1.002960279583930969e-01
-1.732711046934127808e-01 -1.053801458328962326e-02
6.702297180891036987e-02 -1.431785672903060913e-01
4.009649455547332764e-01 -6.947309374809265137e-01
8.129034936428070068e-02 -1.457819193601608276e-01
2.214292436838150024e-01 -2.239185571670532227e-01
-1.427605301141738892e-01 4.328261017799377441e-01
2.820590138435363770e-01 -2.028320282697677612e-01
