9.590017795562744141e-02 -6.158376485109329224e-02
-2.286130785942077637e-01 1.065027788281440735e-01
2.173751145601272583e-01 -7.246887683868408203e-02
-5.028067529201507568e-02 3.148736804723739624e-02
-1.439242959022521973e-01 8.161175251007080078e-02
-1.731009185314178467e-01 1.511317342519760132e-01
-1.282636076211929321e-01 1.835502535104751587e-01
9.320807456970214844e-02 -2.193789780139923096e-01
9.332395344972610474e-02 -1.514590252190828323e-02
1.746678799390792847e-01 -1.097665429115295410e-01
-1.023980602622032166e-01 1.716088317334651947e-02
6.880412995815277100e-02 -2.211323529481887817e-01
3.665719628334045410e-01 -4.087799191474914551e-01
7.998055219650268555e-02 -9.427112340927124023e-02
2.428764253854751587e-01 -3.245000541210174561e-01
-2.585515379905700684e-01 6.582568585872650146e-02
-2.627215385437011719e-01 2.613502740859985352e-01
6.275099515914916992e-02 -1.919473558664321899e-01
-1.669387519359588623e-01 1.591642647981643677e-01
-1.049088165163993835e-01 2.829344272613525391e-01
3.342802524566650391e-01 -2.360497266054153442e-01
1.866635233163833618e-01 -2.768035531044006348e-01
2.099649161100387573e-01 -2.303577810525894165e-01
-2.600217163562774658e-01 -2.975299954414367676e-02
-1.754960864782333374e-01 4.718101769685745239e-02
-5.230578780174255371e-02 2.651078701019287109e-01
8.830117434263229370e-02 -5.180123075842857361e-02
-2.787790894508361816e-01 1.240046322345733643e-01
3.729605972766876221e-01 -2.786094248294830322e-01
-2.850516438484191895e-01 3.023185431957244873e-01
1.994189471006393433e-01 -9.397645294666290283e-02
-2.867687642574310303e-01 1.747341006994247437e-01
-1.875605247914791107e-02 1.859439164400100708e-02
-1.708406060934066772e-01 1.302114278078079224e-01
9.479043632745742798e-02 -4.029813781380653381e-02
7.838285714387893677e-02 -1.605502963066101074e-01
5.147897079586982727e-02 4.956784844398498535e-02
2.188078910112380981e-01 -2.171960175037384033e-01
-7.711986452341079712e-02 5.834909155964851379e-03
1.334183365106582642e-01 -1.044552624225616455e-01
3.430985510349273682e-01 -7.055586576461791992e-02
1.927489489316940308e-01 -1.060280576348304749e-01
-9.982708096504211426e-02 -6.835363060235977173e-02
3.592766821384429932e-01 -1.738970875740051270e-01
-5.706792473793029785e-01 3.420926630496978760e-01
-8.235931396484375000e-02 -4.399888962507247925e-02
-2.086377739906311035e-01 1.472809612751007080e-01
3.579135611653327942e-02 -1.175812706351280212e-01
5.016807839274406433e-02 2.154153026640415192e-02
2.692449986934661865e-01 -2.152481675148010254e-01
7.051021605730056763e-02 -2.014715969562530518e-01
-9.287431836128234863e-02 1.105234622955322266e-01
2.967161536216735840e-01 -8.613967895507812500e-02
-3.474377393722534180e-01 2.189321517944335938e-01
-1.853819489479064941e-01 9.436651319265365601e-02
-1.356349792331457138e-02 -5.826934427022933960e-02
2.683123350143432617e-01 -3.564555346965789795e-01
-8.128625899553298950e-02 9.644509106874465942e-02
-1.586646139621734619e-01 -3.488785773515701294e-02
9.310708194971084595e-02 -2.401545196771621704e-01
2.651792466640472412e-01 -1.547894775867462158e-01
1.514533907175064087e-01 -1.912558525800704956e-01
9.200441092252731323e-02 -2.536232210695743561e-02
3.662455454468727112e-02 -1.220189109444618225e-01
2.322358489036560059e-01 -2.012941986322402954e-01
-2.747743129730224609e-01 4.085583686828613281e-01
-5.397445335984230042e-02 -1.489218622446060181e-01
-1.623065769672393799e-01 -5.464495718479156494e-02
-1.949139982461929321e-01 1.688487678766250610e-01
-8.993335068225860596e-02 2.624828517436981201e-01
-3.412788733839988708e-02 -1.168109625577926636e-01
1.796015352010726929e-01 -1.566308438777923584e-01
3.788624703884124756e-01 -5.067871212959289551e-01
1.562518626451492310e-01 -2.674227952957153320e-01
1.965165287256240845e-01 -1.006490290164947510e-01
-8.433635532855987549e-02 2.328364551067352295e-01
-1.340309041552245617e-03 4.572328552603721619e-02
6.839151959866285324e-03 -2.287703454494476318e-01
4.493251070380210876e-02 3.371876478195190430e-02
-3.963459730148315430e-01 4.133632183074951172e-01
1.392217874526977539e-01 -7.381581235677003860e-04
6.044436097145080566e-01 -5.854945778846740723e-01
-1.043236553668975830e-01 2.236030548810958862e-01
-4.473256468772888184e-01 1.922209411859512329e-01
1.358814984560012817e-01 -1.546719670295715332e-01
2.184624671936035156e-01 -2.234456986188888550e-01
3.436098098754882812e-01 -3.026518523693084717e-01
3.873084783554077148e-01 -2.564717829227447510e-01
1.267399359494447708e-02 4.463338479399681091e-02
-1.699228584766387939e-01 1.422914769500494003e-02
-2.946938276290893555e-01 5.455088615417480469e-01
-2.410139888525009155e-01 4.076507091522216797e-01
1.776451617479324341e-01 -1.949763745069503784e-01
-1.217619329690933228e-01 7.450085133314132690e-02
-4.594508707523345947e-01 6.025915741920471191e-01
-4.024601280689239502e-01 3.074297904968261719e-01
3.540149033069610596e-01 -4.361829161643981934e-01
-4.570191502571105957e-01 3.054359555244445801e-01
1.453971210867166519e-02 1.401698589324951172e-01
3.149475753307342529e-01 -4.592864215373992920e-01
-1.395787447690963745e-01 -8.657176047563552856e-02
6.625965703278779984e-03 -6.852200627326965332e-02
4.594742655754089355e-01 -2.575859725475311279e-01
5.507349967956542969e-01 -3.584959506988525391e-01
1.819977462291717529e-01 -7.183017581701278687e-02
4.814254045486450195e-01 -3.841105401515960693e-01
6.052394956350326538e-02 -5.541832000017166138e-02
4.112082123756408691e-01 -4.052740335464477539e-01
-8.088164925575256348e-01 6.796470284461975098e-01
-1.789627224206924438e-01 3.134035766124725342e-01
3.373323082923889160e-01 -2.567113935947418213e-01
-2.270102649927139282e-01 2.683900594711303711e-01
3.636798635125160217e-02 5.561796575784683228e-02
8.411077260971069336e-01 -7.618755698204040527e-01
-7.611036300659179688e-02 1.328302025794982910e-01
1.098018437623977661e-01 -1.840741746127605438e-02
4.901198446750640869e-01 -2.838456332683563232e-01
3.328111255541443825e-03 1.585623323917388916e-01
-9.872312098741531372e-02 1.298642009496688843e-01
-5.582116916775703430e-02 2.234624326229095459e-01
3.454998135566711426e-01 -5.156327784061431885e-02
-6.183274555951356888e-03 1.460025608539581299e-01
1.552822291851043701e-01 -4.463277384638786316e-02
1.170077621936798096e-01 -1.849659830331802368e-01
5.637137889862060547e-01 -5.773366093635559082e-01
-2.117898613214492798e-01 1.400222927331924438e-01
1.883391141891479492e-01 -2.158121466636657715e-01
-2.089605629444122314e-01 2.586864829063415527e-01
4.234761297702789307e-01 -4.873934686183929443e-01
9.661906957626342773e-02 -2.294600456953048706e-01
-4.896831884980201721e-02 -6.366606056690216064e-02
3.329682946205139160e-01 -3.276408612728118896e-01
1.652309596538543701e-01 -1.571471393108367920e-01
3.699602186679840088e-02 -2.650615572929382324e-02
-6.202388405799865723e-01 5.945095419883728027e-01
1.112414970993995667e-01 -3.002527058124542236e-01
2.020079642534255981e-01 -1.573125869035720825e-01
-3.716810941696166992e-01 3.068239688873291016e-01
-8.267151564359664917e-02 6.292489171028137207e-02
-1.622358858585357666e-01 1.858969032764434814e-01
-2.336090803146362305e-01 3.418999537825584412e-02
6.025584936141967773e-01 -4.409492015838623047e-01
-4.282335340976715088e-01 3.990558385848999023e-01
1.531492173671722412e-01 8.459897711873054504e-03
2.837397754192352295e-01 -1.934119910001754761e-01
6.829683780670166016e-01 -6.041204929351806641e-01
-2.786690592765808105e-01 4.100276231765747070e-01
-6.538955569267272949e-01 5.623955726623535156e-01
5.067563056945800781e-02 -8.316494524478912354e-02
7.513251900672912598e-01 -5.554336905479431152e-01
2.199204117059707642e-01 -7.110171020030975342e-02
4.946873337030410767e-02 -7.659149914979934692e-02
-2.359564602375030518e-01 1.587940454483032227e-01
1.266142278909683228e-01 -1.785133481025695801e-01
-4.965960085391998291e-01 4.597271084785461426e-01
7.048155367374420166e-02 -1.921058148145675659e-01
-2.961571216583251953e-01 4.865456521511077881e-01
-2.473393827676773071e-01 2.097525447607040405e-01
7.882414013147354126e-02 1.356709152460098267e-01
-1.680128574371337891e-01 6.496547907590866089e-02
5.653719976544380188e-02 -1.199012696743011475e-01
3.192342817783355713e-01 -9.716834127902984619e-02
-6.789944320917129517e-02 6.554762274026870728e-02
6.556972116231918335e-02 -1.764401793479919434e-01
6.187582612037658691e-01 -4.738158881664276123e-01
-7.068413496017456055e-01 7.847346663475036621e-01
7.270756959915161133e-01 -7.808516025543212891e-01
4.169703125953674316e-01 -3.156364858150482178e-01
-2.011288851499557495e-01 1.648127287626266479e-01
-1.792928427457809448e-01 2.863945066928863525e-01
-2.695102393627166748e-01 3.259142637252807617e-01
2.882642149925231934e-01 -3.249154686927795410e-01
-9.054504334926605225e-02 1.042604148387908936e-01
1.057269331067800522e-02 3.949132561683654785e-02
3.119632899761199951e-01 3.030209615826606750e-02
-1.580914855003356934e-01 1.510174423456192017e-01
4.713832437992095947e-01 -3.147782683372497559e-01
-5.541677474975585938e-01 4.600558876991271973e-01
4.287893772125244141e-01 -5.235158205032348633e-01
3.905426561832427979e-01 -3.973504304885864258e-01
3.856671154499053955e-01 -3.348452448844909668e-01
2.415280938148498535e-01 -8.016844093799591064e-02
-7.868040353059768677e-02 -8.478851616382598877e-02
1.287004351615905762e-01 -2.444296628236770630e-01
-5.393924117088317871e-01 4.991724491119384766e-01
-2.670006752014160156e-01 1.374280005693435669e-01
2.886340618133544922e-01 -4.350047707557678223e-01
6.298041343688964844e-01 -3.985602259635925293e-01
-1.544497907161712646e-01 4.289918839931488037e-01
2.008502334356307983e-01 -3.167700171470642090e-01
2.170770466327667236e-01 -2.641127705574035645e-01
-9.899908304214477539e-02 3.157104849815368652e-01
3.228958845138549805e-01 -2.033988833427429199e-01
8.507264405488967896e-02 -2.128978818655014038e-02
2.259849943220615387e-02 -5.401246622204780579e-02
4.528717100620269775e-01 -2.994078993797302246e-01
-7.476754486560821533e-02 6.223678588867187500e-02
-1.409401297569274902e-01 2.513879835605621338e-01
8.282759785652160645e-02 1.116856411099433899e-01
1.783032864332199097e-01 -3.152420818805694580e-01
9.080668538808822632e-02 1.057982593774795532e-01
-6.781455012969672680e-04 -2.178459167480468750e-01
4.556887149810791016e-01 -5.703861713409423828e-01
-1.099165007472038269e-01 -1.369363721460103989e-02
3.370405137538909912e-01 -2.811156511306762695e-01
1.322705298662185669e-01 -5.301738902926445007e-02
3.048560116440057755e-03 -1.168109383434057236e-02
-3.294823318719863892e-02 -7.799993269145488739e-03
-1.112428307533264160e-01 -2.358435885980725288e-03
6.644176244735717773e-01 -7.826873660087585449e-01
-8.039123564958572388e-02 8.988459408283233643e-02
-4.038875102996826172e-01 5.117441415786743164e-01
3.213679790496826172e-01 -3.191851973533630371e-01
2.755358517169952393e-01 -1.208960488438606262e-01
-1.316541284322738647e-01 1.221453845500946045e-01
1.111301258206367493e-01 -1.470046639442443848e-01
-7.666181772947311401e-02 -8.416698873043060303e-02
5.386433750391006470e-02 9.503190964460372925e-02
-4.237645864486694336e-02 1.859469115734100342e-01
-6.121951341629028320e-01 4.512224793434143066e-01
-8.953525125980377197e-02 7.684641331434249878e-02
-2.079503238201141357e-01 8.721934258937835693e-02
-6.455747038125991821e-02 -1.011375859379768372e-01
1.447288244962692261e-01 -1.669748276472091675e-01
-1.184164062142372131e-01 8.353634923696517944e-02
5.429965676739811897e-04 -1.513518840074539185e-01
-5.259646847844123840e-02 1.328779458999633789e-01
-1.908869445323944092e-01 7.763910293579101562e-02
4.503843784332275391e-01 -3.606826066970825195e-01
-5.514493584632873535e-01 3.920074105262756348e-01
4.298029839992523193e-01 -4.304789900779724121e-01
7.304912060499191284e-02 -1.731717586517333984e-01
-2.240458577871322632e-01 2.256525456905364990e-01
6.918694078922271729e-02 1.739557683467864990e-01
1.465332694351673126e-02 -1.602761894464492798e-01
1.239448934793472290e-01 -3.085576891899108887e-01
-1.788979470729827881e-01 2.258090078830718994e-01
6.291577965021133423e-02 -6.733111292123794556e-02
1.189270764589309692e-01 -2.196854650974273682e-01
8.866449818015098572e-03 2.466819435358047485e-01
-2.875526435673236847e-02 1.423544436693191528e-01
-9.705674648284912109e-02 2.135569155216217041e-01
7.969211786985397339e-03 -1.942576169967651367e-01
1.014363989233970642e-01 1.971862018108367920e-01
5.816144943237304688e-01 -5.334261059761047363e-01
2.291295081377029419e-01 -3.684719800949096680e-01
-5.647978559136390686e-02 2.858449816703796387e-01
1.136464551091194153e-01 -1.115179359912872314e-01
-7.356519252061843872e-02 -3.223235160112380981e-02
6.474977731704711914e-02 -3.658964112401008606e-02
7.600592821836471558e-02 2.339977771043777466e-01
4.463215172290802002e-01 -2.541971206665039062e-01
-1.068986281752586365e-01 -1.367707177996635437e-02
-3.433247283101081848e-02 7.650981098413467407e-02
4.144697785377502441e-01 -5.592560768127441406e-01
-1.132522895932197571e-01 2.346484214067459106e-01
