8.365708589553833008e-02 -1.234454810619354248e-01
2.810267508029937744e-01 -7.168472558259963989e-02
-1.337100863456726074e-01 2.418846935033798218e-01
-2.698037922382354736e-01 1.601358801126480103e-01
-1.559036821126937866e-01 2.053857147693634033e-01
-8.067213743925094604e-02 2.985736122354865074e-03
-3.682443797588348389e-01 1.630145311355590820e-01
2.853219397366046906e-02 -1.220862716436386108e-01
4.877761304378509521e-01 -5.254326462745666504e-01
6.598714739084243774e-02 -1.909470260143280029e-01
-2.004904299974441528e-01 -1.067796424031257629e-01
7.868403196334838867e-02 -1.612036675214767456e-01
1.952388584613800049e-01 -1.778280586004257202e-01
-3.676051795482635498e-01 1.500128507614135742e-01
8.732403814792633057e-02 -9.820531308650970459e-02
2.714873254299163818e-01 -1.571922749280929565e-01
2.065738588571548462e-01 -1.735242009162902832e-01
4.674538969993591309e-02 -1.860232502222061157e-01
2.501162588596343994e-01 -1.159200966358184814e-01
-2.781948149204254150e-01 3.097910284996032715e-01
6.488655507564544678e-02 -5.980677437037229538e-03
-1.366540640592575073e-01 1.625906974077224731e-01
-3.507264852523803711e-01 4.411713778972625732e-01
-1.103989705443382263e-01 3.513126075267791748e-02
-1.197460070252418518e-01 1.754792630672454834e-01
-3.171146810054779053e-01 2.698920369148254395e-01
4.581483826041221619e-02 -5.737281963229179382e-02
3.447998464107513428e-01 -1.361608058214187622e-01
-1.624062061309814453e-01 1.294442266225814819e-01
-8.856096863746643066e-02 1.154636740684509277e-01
-1.109113097190856934e-01 7.972270250320434570e-02
3.265602514147758484e-03 1.282079070806503296e-01
-4.860457181930541992e-01 3.646625876426696777e-01
-1.254826188087463379e-01 7.772362232208251953e-02
1.179514750838279724e-01 -3.157288432121276855e-01
3.693343400955200195e-01 -1.621555536985397339e-01
-1.930691599845886230e-01 3.807772696018218994e-01
-1.080213263630867004e-01 8.345171809196472168e-03
1.865088008344173431e-02 -1.757403612136840820e-01
-4.522215425968170166e-01 3.525775671005249023e-01
-5.108702555298805237e-02 7.960463315248489380e-02
7.457960397005081177e-02 1.762650012969970703e-01
4.775647521018981934e-01 -2.381110787391662598e-01
-2.300601899623870850e-01 6.444695591926574707e-02
3.272987604141235352e-01 -2.470191866159439087e-01
4.819044470787048340e-02 -5.976817104965448380e-03
-1.675032377243041992e-01 -1.169038712978363037e-01
5.074239801615476608e-03 -1.436270177364349365e-01
-4.240481555461883545e-02 1.794561296701431274e-01
1.189432889223098755e-01 4.853890836238861084e-02
-4.887203276157379150e-01 4.716612696647644043e-01
-3.159075975418090820e-01 2.032085657119750977e-01
-2.652308046817779541e-01 2.705946750938892365e-02
3.854618072509765625e-01 -3.261716663837432861e-01
-3.378372788429260254e-01 2.534587979316711426e-01
-1.240528225898742676e-01 2.958818674087524414e-01
-3.546197712421417236e-01 3.581247329711914062e-01
-2.417415231466293335e-01 1.875437945127487183e-01
9.134693071246147156e-03 -1.811643987894058228e-01
-1.370737235993146896e-02 1.626858860254287720e-02
-1.150008589029312134e-01 -2.024946212768554688e-01
-4.927230626344680786e-02 -1.883670091629028320e-01
4.741048440337181091e-02 5.337676964700222015e-03
1.769873946905136108e-01 -2.342595010995864868e-01
1.915307343006134033e-01 -8.730760216712951660e-02
3.826543688774108887e-01 -5.330100059509277344e-01
-4.331511557102203369e-01 3.574738204479217529e-01
-1.689045876264572144e-01 3.605531156063079834e-01
8.291528373956680298e-02 -6.413179636001586914e-02
-1.543131172657012939e-01 9.758610278367996216e-02
-4.563069045543670654e-01 3.212161660194396973e-01
-5.348876118659973145e-01 3.994433581829071045e-01
-3.795355185866355896e-02 -8.407966047525405884e-02
-1.350139826536178589e-01 4.522035270929336548e-02
2.221671640872955322e-01 -7.907976210117340088e-02
4.412023350596427917e-02 -1.793847978115081787e-01
5.114083886146545410e-01 -3.727478682994842529e-01
3.076864182949066162e-01 -3.182852268218994141e-02
-1.229996085166931152e-01 9.294564276933670044e-02
-7.384793758392333984e-01 5.940284729003906250e-01
6.814207881689071655e-02 -2.145979925990104675e-02
-1.680148066952824593e-03 -4.355992749333381653e-02
-1.995029896497726440e-01 1.407678425312042236e-01
-4.961606562137603760e-01 4.389697015285491943e-01
-1.927666217088699341e-01 2.378229051828384399e-01
-4.380283355712890625e-01 3.079549372196197510e-01
-2.608974575996398926e-01 4.182586371898651123e-01
1.046122834086418152e-01 -2.925503551959991455e-01
-4.452585801482200623e-02 1.988324820995330811e-01
-3.093098104000091553e-01 2.927027940750122070e-01
2.411868572235107422e-01 -3.420927524566650391e-01
2.785769999027252197e-01 -3.344370722770690918e-01
4.152555763721466064e-01 -3.496891260147094727e-01
-1.110260114073753357e-01 3.084184043109416962e-02
1.545609831809997559e-01 -6.920447200536727905e-02
2.721882760524749756e-01 -4.552609026432037354e-01
-3.923332393169403076e-01 6.758293509483337402e-01
-3.372957706451416016e-01 4.651228785514831543e-01
8.598347753286361694e-02 -4.053664803504943848e-01
1.582515835762023926e-01 1.124824136495590210e-01
-2.678807675838470459e-01 1.981816440820693970e-01
-3.304933309555053711e-01 2.933941185474395752e-01
2.487793564796447754e-01 -1.931820064783096313e-01
3.037577867507934570e-01 -6.811928004026412964e-02
-2.292961627244949341e-01 6.598597764968872070e-02
5.998667478561401367e-01 -5.828102827072143555e-01
9.903010725975036621e-02 -3.484500199556350708e-02
-6.922975927591323853e-02 1.317344903945922852e-01
2.486401945352554321e-01 -5.217239260673522949e-01
3.363724052906036377e-01 -3.849500417709350586e-01
-3.406751155853271484e-01 3.280766308307647705e-01
2.639461457729339600e-01 -1.664547175168991089e-01
-2.843415439128875732e-01 5.461142063140869141e-01
2.495609968900680542e-01 -3.013443052768707275e-01
-3.180396258831024170e-01 3.640230894088745117e-01
-3.366696536540985107e-01 2.568534314632415771e-01
-4.507527351379394531e-01 3.714083731174468994e-01
5.089103579521179199e-01 -5.798794627189636230e-01
-3.867225050926208496e-01 5.881428122520446777e-01
-2.645237743854522705e-01 2.082301676273345947e-01
1.684229820966720581e-01 -4.573224112391471863e-02
2.448017895221710205e-01 3.184037655591964722e-02
-3.281947970390319824e-01 1.801968812942504883e-01
3.050201535224914551e-01 -9.790489822626113892e-02
-1.683280318975448608e-01 2.423888593912124634e-01
-2.740470170974731445e-01 2.920792400836944580e-01
-5.555048584938049316e-01 3.502900302410125732e-01
3.461588025093078613e-01 -4.554797410964965820e-01
-2.242275774478912354e-01 3.677791953086853027e-01
2.741484940052032471e-01 -4.542816281318664551e-01
-4.761850535869598389e-01 3.860860168933868408e-01
9.155143052339553833e-02 -1.828554272651672363e-01
1.469967961311340332e-01 -1.676368415355682373e-01
-4.798702523112297058e-02 1.299094110727310181e-01
-2.900995612144470215e-01 1.615553051233291626e-01
-1.311053056269884109e-02 -6.724286079406738281e-02
2.066096216440200806e-01 -8.796955645084381104e-02
3.557211160659790039e-02 -1.920014470815658569e-01
5.417116358876228333e-02 -4.466021060943603516e-02
1.357389837503433228e-01 -9.082477539777755737e-02
-7.147780805826187134e-02 -5.624010786414146423e-02
-3.627157807350158691e-01 2.922461628913879395e-01
3.366288244724273682e-01 -4.344694316387176514e-01
-1.644252091646194458e-01 8.863862603902816772e-02
3.166382312774658203e-01 -2.457397878170013428e-01
-1.552448272705078125e-01 4.062611758708953857e-01
-6.361287087202072144e-02 4.656983911991119385e-02
4.116211831569671631e-02 2.121648490428924561e-01
-2.322349399328231812e-01 1.267545670270919800e-01
-1.976583451032638550e-01 7.119692116975784302e-02
-2.129212766885757446e-01 4.117674827575683594e-01
6.930927187204360962e-02 -1.312648802995681763e-01
-1.836064457893371582e-01 1.472131162881851196e-01
2.021895945072174072e-01 -2.327741831541061401e-01
-1.586331427097320557e-01 -2.998807094991207123e-02
3.889792785048484802e-02 1.357964128255844116e-01
-1.689498126506805420e-01 4.017462432384490967e-01
1.884616464376449585e-01 -2.412985265254974365e-01
4.100285470485687256e-01 -2.497805207967758179e-01
-2.110226154327392578e-01 3.258056938648223877e-01
2.228036336600780487e-02 8.393815159797668457e-02
-3.492177426815032959e-01 3.217997848987579346e-01
1.042394861578941345e-01 -1.904074661433696747e-02
7.889170944690704346e-02 1.137819364666938782e-01
1.337450812570750713e-03 -4.386732727289199829e-02
-2.831315398216247559e-01 2.912717461585998535e-01
-1.681282818317413330e-01 2.244005352258682251e-01
-1.010118611156940460e-02 3.092961758375167847e-02
-1.732362955808639526e-01 2.103543877601623535e-01
5.786966159939765930e-02 -1.871801167726516724e-01
-4.464902579784393311e-01 1.522025018930435181e-01
1.053060172125697136e-03 1.885435879230499268e-01
3.170180022716522217e-01 -7.904103398323059082e-02
1.270886361598968506e-01 4.459975659847259521e-02
-4.294238388538360596e-01 3.734593093395233154e-01
6.073120236396789551e-02 -7.936843484640121460e-02
-1.306570321321487427e-01 3.618050515651702881e-01
4.045443609356880188e-02 1.204157918691635132e-01
-3.071047365665435791e-01 2.768685519695281982e-01
-3.521043658256530762e-01 3.007884621620178223e-01
2.862215228378772736e-02 -9.941912442445755005e-02
2.580243945121765137e-01 -1.618650406599044800e-01
-1.251700222492218018e-01 1.551839113235473633e-01
-2.578467875719070435e-02 -7.648064196109771729e-02
2.913620173931121826e-01 -2.517817914485931396e-01
3.749634325504302979e-02 -1.339054703712463379e-01
1.520499289035797119e-01 -1.728407740592956543e-01
2.659468650817871094e-01 -2.840193510055541992e-01
1.382578760385513306e-01 -1.776161044836044312e-01
-5.010754987597465515e-02 -1.289389748126268387e-02
-3.524492681026458740e-01 4.420538544654846191e-01
-9.090880304574966431e-02 3.556823730468750000e-02
2.888487875461578369e-01 -1.868232488632202148e-01
3.120429515838623047e-01 -1.974759548902511597e-01
-2.936169691383838654e-02 1.059691756963729858e-01
1.667912304401397705e-02 1.824530027806758881e-02
-1.603742688894271851e-01 -6.247732415795326233e-02
-3.051948845386505127e-01 2.178807258605957031e-01
9.194703400135040283e-02 -1.232571958098560572e-04
-1.682163774967193604e-01 2.306270301342010498e-01
1.120116859674453735e-01 -2.184809744358062744e-01
-5.827548727393150330e-02 -1.681551635265350342e-01
-2.224886566400527954e-01 2.640953958034515381e-01
2.090950012207031250e-01 -1.489313095808029175e-01
1.467406749725341797e-01 -1.643912941217422485e-01
-1.203568466007709503e-02 -2.174749504774808884e-03
-8.313739672303199768e-03 -7.577901333570480347e-02
-2.547278404235839844e-01 2.091503590345382690e-01
-4.898137599229812622e-02 -3.741537407040596008e-02
8.872404694557189941e-02 1.036561094224452972e-02
4.228534549474716187e-02 7.181996107101440430e-02
8.507455140352249146e-02 -1.360367983579635620e-01
-1.232181265950202942e-01 4.648875445127487183e-02
2.260356955230236053e-02 -3.905344009399414062e-02
-1.158240810036659241e-02 -8.171494305133819580e-02
-4.363003000617027283e-02 -2.658415026962757111e-02
-3.519831895828247070e-01 3.668861985206604004e-01
8.827858418226242065e-02 -7.998605258762836456e-03
8.854722231626510620e-02 -1.278715878725051880e-01
1.933141946792602539e-01 -1.450053602457046509e-01
5.995517224073410034e-02 -6.404308229684829712e-02
2.384803146123886108e-01 -9.664507210254669189e-02
-6.960695236921310425e-02 -1.390679832547903061e-02
-4.201565384864807129e-01 2.287039160728454590e-01
-6.017155945301055908e-02 1.628743559122085571e-01
-2.707528769969940186e-01 2.789503931999206543e-01
1.778297126293182373e-01 -3.916524946689605713e-01
-2.617970407009124756e-01 6.085828319191932678e-02
-2.006770372390747070e-01 1.283604800701141357e-01
-4.817985892295837402e-01 2.057955563068389893e-01
3.500596582889556885e-01 -2.586239576339721680e-01
-1.059182062745094299e-01 2.081401497125625610e-01
-2.329898923635482788e-01 4.102130532264709473e-01
2.022214233875274658e-01 -9.101326763629913330e-02
5.857667326927185059e-02 -1.121360957622528076e-01
3.540179431438446045e-01 -1.115424707531929016e-01
3.065664134919643402e-02 -1.061313450336456299e-01
1.026828065514564514e-01 1.595266396179795265e-03
1.483685821294784546e-01 -8.419422805309295654e-02
-2.717712223529815674e-01 2.147428393363952637e-01
-2.138399332761764526e-01 4.268658906221389771e-02
-1.407318413257598877e-01 3.107705712318420410e-01
-7.399147003889083862e-02 2.757408916950225830e-01
-1.004483923316001892e-01 9.308996796607971191e-02
6.072268821299076080e-03 -1.871639862656593323e-02
4.009200632572174072e-01 -2.407826930284500122e-01
-2.725237011909484863e-01 2.164613157510757446e-01
-6.016640365123748779e-02 1.173107326030731201e-01
-1.759493798017501831e-01 2.086348086595535278e-01
5.760437343269586563e-03 6.068154796957969666e-02
8.852617442607879639e-02 2.281791530549526215e-02
-4.142193496227264404e-01 9.922240674495697021e-02
1.814757734537124634e-01 1.508022379130125046e-02
-7.491587102413177490e-02 8.868267387151718140e-02
8.310998976230621338e-02 3.817082196474075317e-02
-2.490684762597084045e-02 6.933221220970153809e-02
