9.087912738323211670e-02 -3.809506539255380630e-03
-5.074862241744995117e-01 6.178940534591674805e-01
-4.318342208862304688e-01 4.950218200683593750e-01
5.834385156631469727e-01 -3.646318614482879639e-01
-4.549038708209991455e-01 3.616943061351776123e-01
-9.421601891517639160e-02 3.250283002853393555e-01
2.528253793716430664e-01 -3.477023839950561523e-01
3.610464036464691162e-01 -2.122134268283843994e-01
-1.357731781899929047e-02 -4.272076115012168884e-02
-2.470744699239730835e-01 1.644345223903656006e-01
-8.684034645557403564e-02 3.432596847414970398e-02
2.936582863330841064e-01 -3.791188895702362061e-01
4.160916805267333984e-01 -4.305747449398040771e-01
5.623855069279670715e-02 -7.292142510414123535e-02
2.083695530891418457e-01 -2.226334996521472931e-02
-1.708156317472457886e-01 1.841908544301986694e-01
-2.652997076511383057e-01 1.452251970767974854e-01
7.837630808353424072e-02 -9.723306633532047272e-03
-1.349335610866546631e-01 8.487946540117263794e-02
2.661682069301605225e-01 3.478194400668144226e-02
-1.726886332035064697e-01 2.552398145198822021e-01
2.520838677883148193e-01 -7.412076741456985474e-02
1.481470018625259399e-01 -1.221065595746040344e-01
1.364224255084991455e-01 -2.564729452133178711e-01
1.354793459177017212e-01 -5.086949467658996582e-02
-7.404149323701858521e-02 7.226864248514175415e-02
3.828869462013244629e-01 -3.030207753181457520e-01
-3.089500404894351959e-02 3.123713731765747070e-01
-2.213393896818161011e-01 2.972757518291473389e-01
-1.364153027534484863e-01 1.634736955165863037e-01
2.998157143592834473e-01 -5.292740464210510254e-01
9.434113651514053345e-02 -1.872920244932174683e-01
1.335395127534866333e-01 -1.603322625160217285e-01
-3.566192388534545898e-01 2.688742876052856445e-01
-2.047902494668960571e-01 1.770879775285720825e-01
3.283980488777160645e-02 -1.471874564886093140e-01
1.267910152673721313e-01 6.332641094923019409e-02
-6.670415401458740234e-02 2.541719377040863037e-01
-5.017167329788208008e-02 9.493670612573623657e-02
3.046589493751525879e-01 -2.866549193859100342e-01
-1.234484091401100159e-02 1.770200878381729126e-01
-1.501090526580810547e-01 3.407522737979888916e-01
1.733470521867275238e-02 -5.405712127685546875e-02
7.814072817564010620e-02 -1.516631804406642914e-02
-4.157460629940032959e-01 2.969996333122253418e-01
4.764353334903717041e-01 -5.036527514457702637e-01
-3.572123944759368896e-01 4.055843651294708252e-01
7.852042466402053833e-02 2.966356649994850159e-02
2.260999986901879311e-03 2.950756438076496124e-02
-4.620966613292694092e-01 3.011437356472015381e-01
-5.103427916765213013e-02 1.285389214754104614e-01
-1.513930261135101318e-01 2.690659761428833008e-01
1.810828000307083130e-01 -4.684888944029808044e-02
2.472167909145355225e-01 -1.552148461341857910e-01
1.147731691598892212e-01 -1.577768027782440186e-01
1.628182977437973022e-01 -1.800135821104049683e-01
-3.188895881175994873e-01 2.898860871791839600e-01
-1.728972941637039185e-01 1.153715252876281738e-01
3.391791284084320068e-01 -1.675016283988952637e-01
4.848916456103324890e-02 -3.388751670718193054e-02
-2.223348617553710938e-01 5.532737970352172852e-01
2.346819490194320679e-01 -3.428156077861785889e-01
5.892011523246765137e-01 -4.107090234756469727e-01
5.047026872634887695e-01 -3.129438161849975586e-01
-1.118622720241546631e-01 9.542880952358245850e-02
-1.303376555442810059e+00 1.419286608695983887e+00
-8.104203343391418457e-01 8.054748177528381348e-01
5.310562849044799805e-01 -6.035300493240356445e-01
-5.948930978775024414e-01 6.964434981346130371e-01
-1.500861048698425293e-01 1.084165181964635849e-03
-5.927520394325256348e-01 5.685771703720092773e-01
6.823129057884216309e-01 -6.357647776603698730e-01
1.573824286460876465e-01 -4.355886578559875488e-02
2.649184465408325195e-01 -1.247698739171028137e-01
-2.998769469559192657e-02 -4.316086415201425552e-03
-9.357797354459762573e-02 1.269719153642654419e-01
-6.431809067726135254e-02 -1.592621952295303345e-02
-1.225219070911407471e-01 1.679696440696716309e-01
2.660665810108184814e-01 -1.074340287595987320e-02
8.137079328298568726e-02 1.383875608444213867e-01
-4.880391657352447510e-01 2.944090664386749268e-01
-5.421186685562133789e-01 4.514476954936981201e-01
-4.046008288860321045e-01 5.148723125457763672e-01
2.344404757022857666e-01 -1.761018633842468262e-01
9.469017386436462402e-02 -7.961113005876541138e-02
4.978914558887481689e-01 -5.620788335800170898e-01
9.476340413093566895e-01 -6.056387424468994141e-01
1.055055975914001465e+00 -8.646126985549926758e-01
-1.987539827823638916e-01 1.918683946132659912e-01
1.467706114053726196e-01 -2.252371460199356079e-01
1.361921310424804688e+00 -1.335346341133117676e+00
2.002702057361602783e-01 -1.879321932792663574e-01
-1.893991529941558838e-01 6.000496447086334229e-03
-3.528436124324798584e-01 3.744512498378753662e-01
7.232217192649841309e-01 -7.888194322586059570e-01
-3.795052692294120789e-02 -1.457121521234512329e-01
-6.823957562446594238e-01 7.293191552162170410e-01
7.112964242696762085e-02 1.187049150466918945e-01
-1.761857718229293823e-01 2.257078588008880615e-01
8.911132812500000000e-02 -1.994546055793762207e-01
2.109597623348236084e-01 -2.965278327465057373e-01
4.152306914329528809e-01 -2.302266806364059448e-01
-6.695926189422607422e-02 1.105973962694406509e-02
5.137937664985656738e-01 -5.861559510231018066e-01
-9.031418710947036743e-03 4.843517206609249115e-03
-9.546037912368774414e-01 9.508321285247802734e-01
-4.716464281082153320e-01 4.916736483573913574e-01
1.162477536126971245e-03 4.520600289106369019e-02
-9.827430546283721924e-02 1.419211477041244507e-01
6.487158536911010742e-01 -4.393506646156311035e-01
-1.250971078872680664e+00 1.131433844566345215e+00
2.487316913902759552e-02 -1.057291179895401001e-01
3.972309231758117676e-01 -4.043172001838684082e-01
5.027685165405273438e-01 -2.454795688390731812e-01
2.741817943751811981e-02 -8.518878370523452759e-02
3.626278638839721680e-01 -1.467240452766418457e-01
6.841135025024414062e-01 -7.589663267135620117e-01
1.369878500699996948e-01 1.765960827469825745e-03
6.779989004135131836e-01 -7.929762601852416992e-01
4.628797769546508789e-01 -3.214955329895019531e-01
9.775333106517791748e-02 -1.615405827760696411e-01
-3.061195611953735352e-01 4.769280552864074707e-01
3.508560061454772949e-01 -3.990053832530975342e-01
2.617571353912353516e-01 -4.469471573829650879e-01
-4.204168915748596191e-01 4.673137366771697998e-01
-8.333765715360641479e-02 2.624503672122955322e-01
-3.556250035762786865e-01 5.045952200889587402e-01
5.628734230995178223e-01 -8.287441134452819824e-01
-4.982140064239501953e-01 5.344366431236267090e-01
-2.526827454566955566e-01 2.316859960556030273e-01
-8.509302139282226562e-02 3.361942246556282043e-03
-3.560033142566680908e-01 3.190261125564575195e-01
4.500796496868133545e-01 -3.952358961105346680e-01
1.042914032936096191e+00 -9.852629303932189941e-01
4.655324518680572510e-01 -4.636915326118469238e-01
1.125510707497596741e-01 -5.332042346708476543e-04
-7.536107301712036133e-01 5.618990063667297363e-01
8.377115428447723389e-02 -9.314581751823425293e-02
-6.345805525779724121e-01 5.800207853317260742e-01
-3.005868755280971527e-02 -2.684061229228973389e-02
-1.252710103988647461e+00 1.149652242660522461e+00
-6.257710456848144531e-01 6.516335010528564453e-01
-7.876876592636108398e-01 7.323507666587829590e-01
9.871954321861267090e-01 -8.253668546676635742e-01
6.198716163635253906e-01 -5.453664064407348633e-01
-1.007357120513916016e+00 1.072509169578552246e+00
-1.271295994520187378e-01 9.789908677339553833e-02
1.682541131973266602e+00 -1.768523693084716797e+00
-6.513488292694091797e-01 5.327253341674804688e-01
1.306975245475769043e+00 -1.075196027755737305e+00
3.314065039157867432e-01 -2.305924445390701294e-01
3.288427833467721939e-03 1.576892882585525513e-01
-3.656336069107055664e-01 2.935457229614257812e-01
-1.432535890489816666e-02 3.522765263915061951e-02
-1.630232930183410645e-01 3.312194347381591797e-01
1.010713815689086914e+00 -8.228893280029296875e-01
-1.017894268035888672e+00 9.556567668914794922e-01
4.656746685504913330e-01 -5.975747704505920410e-01
5.999416708946228027e-01 -8.034523725509643555e-01
4.056858122348785400e-01 -5.232160091400146484e-01
-2.077375799417495728e-01 -3.526372835040092468e-02
3.826606869697570801e-01 -3.810160160064697266e-01
4.672274887561798096e-01 -3.717558681964874268e-01
5.339741706848144531e-01 -5.412672758102416992e-01
-4.404402971267700195e-01 5.508113503456115723e-01
5.963867530226707458e-02 -1.722160726785659790e-01
-1.164098680019378662e-01 1.644844859838485718e-01
5.674785003066062927e-02 -1.670521795749664307e-01
2.160425484180450439e-01 -8.483424782752990723e-02
-2.444151937961578369e-01 2.382205873727798462e-01
-1.948681026697158813e-01 2.207948714494705200e-01
1.010935474187135696e-02 8.421339839696884155e-02
2.893639802932739258e-01 -2.263873964548110962e-01
9.861043654382228851e-03 -3.191834986209869385e-01
-2.243886291980743408e-01 9.061238169670104980e-02
-4.457389414310455322e-01 3.678413927555084229e-01
9.762433171272277832e-01 -1.173155665397644043e+00
5.370075702667236328e-01 -5.715467929840087891e-01
-2.925829589366912842e-01 3.383098542690277100e-01
6.271322965621948242e-01 -6.769701242446899414e-01
-9.790744185447692871e-01 8.135885000228881836e-01
6.640291810035705566e-01 -6.392062306404113770e-01
4.838103055953979492e-01 -4.805337488651275635e-01
-4.280261397361755371e-01 5.068885684013366699e-01
8.552725613117218018e-02 9.468310326337814331e-02
-3.295750916004180908e-01 5.373895168304443359e-01
8.260709643363952637e-01 -1.029073596000671387e+00
1.727711595594882965e-02 -2.243437170982360840e-01
-5.092552900314331055e-01 4.337303042411804199e-01
-1.216162741184234619e-01 -2.284047566354274750e-02
-6.299772858619689941e-01 5.529177784919738770e-01
4.838867783546447754e-01 -6.444300413131713867e-01
-3.103089332580566406e-01 3.112291693687438965e-01
-3.299812674522399902e-01 3.790164589881896973e-01
1.443453133106231689e-01 -1.477018743753433228e-01
2.808497548103332520e-01 -5.760955810546875000e-01
2.450406402349472046e-01 -2.308767139911651611e-01
2.470277100801467896e-01 -1.171991974115371704e-01
-6.682027876377105713e-02 2.610539831221103668e-02
-9.771195054054260254e-02 1.746882349252700806e-01
-5.333265289664268494e-02 -1.028262078762054443e-02
7.841147482395172119e-02 1.427133083343505859e-01
-3.976589739322662354e-01 2.286791801452636719e-01
6.874700635671615601e-02 -1.247908994555473328e-01
-6.902788877487182617e-01 7.375785112380981445e-01
-3.020431697368621826e-01 3.311785757541656494e-01
1.302455663681030273e-01 -1.193454042077064514e-01
1.614628434181213379e-01 -1.034468114376068115e-01
2.379024624824523926e-01 -3.586692810058593750e-01
-5.208712816238403320e-01 5.319057106971740723e-01
-1.663263514637947083e-02 1.433811783790588379e-01
6.562868356704711914e-01 -5.912258625030517578e-01
-2.808486819267272949e-01 3.050140440464019775e-01
1.053331047296524048e-01 -1.407488286495208740e-01
2.379014194011688232e-01 -2.966890037059783936e-01
1.170386299490928650e-01 -1.578151285648345947e-01
1.699977964162826538e-01 -9.383882582187652588e-02
-2.322777211666107178e-01 2.196214348077774048e-01
-3.556550741195678711e-01 6.686773151159286499e-02
4.966102838516235352e-01 -2.340738624334335327e-01
1.587050706148147583e-01 -3.110314905643463135e-01
1.398625075817108154e-01 -2.149693220853805542e-01
2.486156858503818512e-02 -6.706602871417999268e-02
1.736819297075271606e-01 -4.689906239509582520e-01
3.630899488925933838e-01 -2.706460654735565186e-01
1.639455258846282959e-01 5.646358709782361984e-03
5.778377875685691833e-02 -1.361219584941864014e-01
1.866607218980789185e-01 -2.664581686258316040e-02
3.917357325553894043e-02 -1.678538173437118530e-01
1.125091835856437683e-01 -1.326915174722671509e-01
-2.887024581432342529e-01 1.215369924902915955e-01
1.695146560668945312e-01 -4.930615052580833435e-02
-1.564230471849441528e-01 2.186588048934936523e-01
-1.681387275457382202e-01 1.070509329438209534e-01
4.785017371177673340e-01 -4.247115850448608398e-01
-9.667765349149703979e-02 1.888214647769927979e-01
2.719968259334564209e-01 -1.809671223163604736e-01
-1.859165728092193604e-01 9.584812819957733154e-02
-3.924064040184020996e-01 4.154484570026397705e-01
-4.392825663089752197e-01 4.670702219009399414e-01
-4.098607972264289856e-02 -1.190274953842163086e-01
5.042359232902526855e-01 -4.070126116275787354e-01
-4.535844922065734863e-01 4.673443734645843506e-01
-1.672594696283340454e-01 1.668370515108108521e-01
-3.869959712028503418e-01 3.236098587512969971e-01
3.863147199153900146e-01 -3.644318282604217529e-01
1.020135134458541870e-01 -1.953811049461364746e-01
-1.796317845582962036e-02 -9.219962358474731445e-02
3.144614100456237793e-01 -3.217115104198455811e-01
1.701990365982055664e-01 -2.422581166028976440e-01
3.005168437957763672e-01 2.424679882824420929e-02
3.276738524436950684e-02 -1.932812929153442383e-01
-1.155192106962203979e-01 -3.845893964171409607e-02
-2.873055934906005859e-01 3.358657062053680420e-01
-1.465876102447509766e-01 1.177377551794052124e-01
5.433606505393981934e-01 -6.208707690238952637e-01
