1.110673546791076660e-01 -5.084015801548957825e-02
1.269306391477584839e-01 2.153712697327136993e-02
3.006241023540496826e-01 2.571823820471763611e-02
-3.596940264105796814e-02 3.032190352678298950e-02
1.008074954152107239e-01 -6.841777940280735493e-05
1.625545024871826172e-01 -1.509252656251192093e-02
-3.612216096371412277e-03 1.165887154638767242e-02
1.894864626228809357e-02 -1.196729093790054321e-01
1.545456051826477051e-01 7.470979541540145874e-02
-1.396669447422027588e-01 9.289789199829101562e-02
6.840088963508605957e-02 3.889866545796394348e-02
1.550994515419006348e-01 -8.683772385120391846e-02
-1.218440830707550049e-01 -2.933872677385807037e-02
-6.966290622949600220e-02 -8.379046618938446045e-02
7.897294312715530396e-02 1.982088685035705566e-01
-2.342913113534450531e-02 -1.710637360811233521e-01
-5.092511698603630066e-02 -2.442842349410057068e-02
1.437262725085020065e-02 3.800027072429656982e-02
-3.431462123990058899e-02 -1.231044158339500427e-01
8.847034722566604614e-02 3.848702181130647659e-03
-1.888067424297332764e-01 4.271298274397850037e-02
8.139111101627349854e-02 -4.479567334055900574e-02
-1.030714530497789383e-02 1.741207204759120941e-02
-3.994186222553253174e-02 3.885742276906967163e-02
-8.190565556287765503e-02 1.652993820607662201e-02
1.057279109954833984e-01 1.745872050523757935e-01
2.403888851404190063e-01 -5.803329870104789734e-02
1.396307498216629028e-01 -1.501568257808685303e-01
-1.757099628448486328e-01 1.287814080715179443e-01
-6.681995838880538940e-02 -1.595049798488616943e-01
1.372020840644836426e-01 6.949958205223083496e-02
-1.703465431928634644e-01 2.465997785329818726e-01
-9.704614430665969849e-02 -4.243090748786926270e-02
-2.520781755447387695e-01 3.187243640422821045e-02
3.052212763577699661e-03 -1.903349906206130981e-02
6.160769145935773849e-03 1.020324230194091797e-01
-8.802504092454910278e-02 8.500213176012039185e-02
-3.552473187446594238e-01 5.124243497848510742e-01
1.723096519708633423e-01 -5.854665115475654602e-02
-4.932966455817222595e-02 8.829920738935470581e-02
6.471379101276397705e-02 -1.171652972698211670e-01
1.516301482915878296e-01 -1.572512984275817871e-01
-2.132555656135082245e-02 2.867151238024234772e-02
-2.523428201675415039e-01 2.739421129226684570e-01
6.261864304542541504e-02 -4.102722927927970886e-02
7.654785364866256714e-02 7.094706594944000244e-02
2.637993916869163513e-02 -6.209733709692955017e-02
-1.693927943706512451e-01 3.471353352069854736e-01
2.279016748070716858e-02 -7.068724930286407471e-02
6.025280058383941650e-02 -6.769014149904251099e-02
-3.074500337243080139e-02 -1.109050288796424866e-01
2.633912116289138794e-02 1.791184097528457642e-01
1.541894674301147461e-01 -1.611301302909851074e-01
4.560283571481704712e-02 7.370879501104354858e-02
-2.004699259996414185e-01 7.510720193386077881e-02
-2.395846545696258545e-01 3.201296925544738770e-01
1.324810087680816650e-01 -1.746939122676849365e-01
-4.107907786965370178e-02 6.435316056013107300e-02
-2.055035717785358429e-02 3.508361056447029114e-02
9.536845237016677856e-02 -4.080716520547866821e-02
1.693541556596755981e-01 -6.664157658815383911e-02
-2.482509315013885498e-01 1.032056063413619995e-01
-1.709047518670558929e-02 4.380580503493547440e-03
-1.848722100257873535e-01 1.327263563871383667e-01
1.231945529580116272e-01 1.582099869847297668e-02
4.127366840839385986e-02 -1.062973439693450928e-01
1.875891983509063721e-01 -2.097756266593933105e-01
2.985948324203491211e-01 -3.084816336631774902e-01
4.182636737823486328e-02 -2.650525569915771484e-01
2.579120397567749023e-01 -2.101155668497085571e-01
-3.127408027648925781e-01 2.511456906795501709e-01
3.136664628982543945e-01 -1.037594974040985107e-01
8.268252946436405182e-03 1.789581626653671265e-01
5.621568113565444946e-02 4.446005076169967651e-02
-6.951737403869628906e-02 -8.718293160200119019e-02
3.792717754840850830e-01 -2.981576323509216309e-01
-4.437382519245147705e-01 3.607414960861206055e-01
2.285228669643402100e-01 -2.711288332939147949e-01
-3.226184546947479248e-01 5.206819772720336914e-01
2.048457562923431396e-01 -1.994988620281219482e-01
-1.506349593400955200e-01 -1.800010167062282562e-02
-3.427030742168426514e-01 4.336372613906860352e-01
3.967252969741821289e-01 -4.518139958381652832e-01
1.919958293437957764e-01 -7.739363610744476318e-02
-1.766469180583953857e-01 1.260746270418167114e-01
-6.896703690290451050e-02 -3.325375914573669434e-02
-1.479859203100204468e-01 -1.550466269254684448e-01
-2.386836260557174683e-01 -5.718449130654335022e-02
2.117525339126586914e-01 2.132870815694332123e-02
-1.294418126344680786e-01 1.597354561090469360e-01
3.798856213688850403e-02 -1.485740989446640015e-01
-1.121912896633148193e-01 -3.288506716489791870e-02
-1.957408636808395386e-01 2.438768595457077026e-01
-1.361733227968215942e-01 1.472605913877487183e-01
-4.505273103713989258e-01 4.595171213150024414e-01
2.001172155141830444e-01 -5.882837250828742981e-02
2.424907870590686798e-02 -3.344021439552307129e-01
-8.900543302297592163e-02 2.822165489196777344e-01
-6.290468573570251465e-02 1.234557479619979858e-01
-2.217062562704086304e-01 3.695469796657562256e-01
-1.274974048137664795e-01 1.956932060420513153e-02
-6.175358295440673828e-01 6.647188067436218262e-01
-1.054587140679359436e-01 -1.427406817674636841e-01
-2.643236815929412842e-01 1.440060138702392578e-01
2.237618565559387207e-01 -1.053368747234344482e-01
-6.313865538686513901e-03 -9.793610870838165283e-02
1.234060712158679962e-02 2.987164855003356934e-01
1.254847198724746704e-01 -1.101046428084373474e-01
2.742397487163543701e-01 -2.671306729316711426e-01
-1.263679563999176025e-01 1.512246876955032349e-01
1.116792559623718262e-01 8.886154741048812866e-02
-5.986579060554504395e-01 5.986966490745544434e-01
1.937447637319564819e-01 -4.350542426109313965e-01
-1.324262022972106934e-01 3.603392466902732849e-02
8.839882910251617432e-02 -6.874151527881622314e-02
-6.236500106751918793e-03 2.720681130886077881e-01
3.173215687274932861e-01 -2.904488444328308105e-01
-1.293718069791793823e-01 1.659117043018341064e-01
-1.400347203016281128e-01 2.248805463314056396e-01
-1.708530932664871216e-01 3.866997361183166504e-01
1.437811702489852905e-01 -3.398788571357727051e-01
-3.233312964439392090e-01 1.526911854743957520e-01
1.085140556097030640e-01 -5.270067602396011353e-03
3.245342969894409180e-01 -2.059097141027450562e-01
1.793181151151657104e-01 -1.975576877593994141e-01
7.386760413646697998e-02 -8.734380453824996948e-02
1.149207502603530884e-01 1.438265666365623474e-03
2.904278971254825592e-02 5.871901661157608032e-02
1.033635139465332031e-01 -4.877481609582901001e-02
-3.899362087249755859e-01 1.046778708696365356e-01
4.193244278430938721e-01 -7.276657223701477051e-02
1.265500485897064209e-01 -1.653048954904079437e-02
3.255334496498107910e-01 -2.279794514179229736e-01
1.925238251686096191e+00 -1.899250745773315430e+00
-1.045379042625427246e+00 1.109280467033386230e+00
8.857896924018859863e-02 7.227409631013870239e-02
-5.694937705993652344e-01 8.208495378494262695e-01
2.898743152618408203e-01 -3.639118373394012451e-01
3.847585991024971008e-02 3.054989129304885864e-02
2.445618212223052979e-01 -2.896033525466918945e-01
-7.813606858253479004e-01 7.862808704376220703e-01
6.379051208496093750e-01 -4.203065037727355957e-01
-1.056679606437683105e+00 8.249508142471313477e-01
7.602045685052871704e-02 -1.546626836061477661e-01
-1.549539685249328613e+00 1.505178332328796387e+00
-8.021196126937866211e-01 8.413064479827880859e-01
2.674547135829925537e-01 -3.155776560306549072e-01
1.028934240341186523e+00 -8.430090546607971191e-01
-1.034639328718185425e-01 -1.443618629127740860e-02
1.455889791250228882e-01 4.717249423265457153e-02
6.515324115753173828e-01 -6.813872456550598145e-01
4.060680568218231201e-01 -3.943709135055541992e-01
2.628958411514759064e-02 4.659722745418548584e-02
1.524876236915588379e+00 -1.399352669715881348e+00
6.142023801803588867e-01 -5.811866521835327148e-01
-9.429200738668441772e-02 9.720338135957717896e-02
-5.868620872497558594e-01 6.829407811164855957e-01
-3.380346298217773438e-01 4.233533143997192383e-01
8.771833181381225586e-01 -1.069420576095581055e+00
-1.192380189895629883e+00 1.036298751831054688e+00
1.302021622657775879e+00 -1.121005296707153320e+00
1.165131106972694397e-02 -2.386732101440429688e-01
-1.101523041725158691e+00 1.219433784484863281e+00
3.278068900108337402e-01 -2.382186055183410645e-01
-1.584707498550415039e-01 3.276530504226684570e-01
-6.397731900215148926e-01 3.602133691310882568e-01
-1.378021538257598877e-01 1.641752868890762329e-01
-4.667210280895233154e-01 3.810447156429290771e-01
6.412268877029418945e-01 -7.511440515518188477e-01
-5.708134770393371582e-01 6.306495070457458496e-01
-9.878707528114318848e-01 9.743512868881225586e-01
2.858305275440216064e-01 -3.906276822090148926e-01
4.857620596885681152e-01 -5.579312443733215332e-01
-1.375677824020385742e+00 1.251672983169555664e+00
-5.563473701477050781e-01 4.895671308040618896e-01
-5.861355662345886230e-01 6.461033821105957031e-01
6.014249920845031738e-01 -5.670186877250671387e-01
8.280338644981384277e-01 -8.545839786529541016e-01
-1.032263506203889847e-02 1.354782134294509888e-01
1.796130239963531494e-01 8.484352380037307739e-03
9.194971919059753418e-01 -9.396954178810119629e-01
1.235739663243293762e-01 1.555014401674270630e-02
-3.935922980308532715e-01 4.312683641910552979e-01
-1.222448348999023438e+00 1.085276126861572266e+00
5.265590548515319824e-01 -4.095481038093566895e-01
-3.155453205108642578e-01 3.298687636852264404e-01
1.488288044929504395e+00 -1.711433768272399902e+00
1.070598840713500977e+00 -1.112321019172668457e+00
-1.239164359867572784e-02 -1.889025233685970306e-02
-3.136270344257354736e-01 1.395500004291534424e-01
9.159692525863647461e-01 -8.281266689300537109e-01
3.693444728851318359e-01 -3.803296685218811035e-01
1.418178081512451172e-01 2.631795406341552734e-02
3.640791475772857666e-01 -2.423587143421173096e-01
-2.019542604684829712e-01 2.437705546617507935e-01
-1.681640893220901489e-01 6.722560524940490723e-02
2.721702679991722107e-02 -2.272854298353195190e-01
8.962301015853881836e-01 -7.901738286018371582e-01
-4.124453067779541016e-01 4.189353287220001221e-01
-2.711894214153289795e-01 2.310393750667572021e-01
-2.672936320304870605e-01 4.324497282505035400e-01
-1.070822328329086304e-01 1.196490973234176636e-01
1.305466890335083008e-01 -1.558936387300491333e-01
1.659671813249588013e-01 -1.723845452070236206e-01
-3.981708586215972900e-01 3.858748078346252441e-01
8.104993402957916260e-02 -2.813440263271331787e-01
-3.378217220306396484e-01 2.210070788860321045e-01
-3.532323241233825684e-02 6.204869598150253296e-02
-4.861836731433868408e-01 4.153880774974822998e-01
-1.495519876480102539e-01 3.292865678668022156e-02
-1.473929286003112793e-01 1.072726994752883911e-01
4.925603270530700684e-01 -5.501266121864318848e-01
-6.845814734697341919e-02 -4.853763431310653687e-02
7.644347101449966431e-02 1.141798347234725952e-01
2.201759219169616699e-01 -4.103239476680755615e-01
2.898739874362945557e-01 -3.815177083015441895e-01
-3.206602036952972412e-01 2.960847318172454834e-01
6.523474454879760742e-01 -8.488110303878784180e-01
-3.011037595570087433e-02 7.100927829742431641e-02
2.844289876520633698e-02 -1.261444091796875000e-01
-1.657191962003707886e-01 2.096951752901077271e-01
-3.682664930820465088e-01 4.934178590774536133e-01
6.449796557426452637e-01 -4.556806981563568115e-01
-5.994974970817565918e-01 6.014106869697570801e-01
1.446177065372467041e-01 1.620878092944622040e-02
4.925398901104927063e-02 -1.473537832498550415e-01
-8.225703984498977661e-02 7.801842689514160156e-02
-4.034981429576873779e-01 1.810242533683776855e-01
-4.133010506629943848e-01 4.171178936958312988e-01
-2.431181818246841431e-02 -1.708347164094448090e-02
-1.193132367916405201e-03 -3.068116307258605957e-01
1.391330808401107788e-01 -5.952102690935134888e-02
2.148133814334869385e-01 -2.608098685741424561e-01
-2.061153650283813477e-01 2.301300913095474243e-01
-4.316990375518798828e-01 4.865955412387847900e-01
1.053633913397789001e-01 -1.660788804292678833e-01
-4.223603382706642151e-02 1.085084453225135803e-01
-7.761458158493041992e-01 7.249563336372375488e-01
-3.628562986850738525e-01 3.546690046787261963e-01
-1.908027678728103638e-01 2.296954542398452759e-01
1.544964462518692017e-01 -3.432957828044891357e-01
4.995396733283996582e-01 -2.909139990806579590e-01
-2.026278898119926453e-02 1.675640642642974854e-01
5.028914809226989746e-01 -3.766057491302490234e-01
1.869764029979705811e-01 -1.341390311717987061e-01
-1.747750937938690186e-01 1.099906042218208313e-01
-4.603365957736968994e-01 5.334447026252746582e-01
-7.354627847671508789e-01 8.323484659194946289e-01
3.455370664596557617e-01 -2.438083142042160034e-01
-1.750099360942840576e-01 1.475084871053695679e-01
2.633968293666839600e-01 -5.055144429206848145e-01
3.384707272052764893e-01 -1.578704863786697388e-01
4.812801256775856018e-02 -1.237244009971618652e-01
-2.955154180526733398e-01 3.362760245800018311e-01
4.355342984199523926e-01 -5.701683163642883301e-01
3.078570067882537842e-01 -3.591742515563964844e-01
