2.789141833782196045e-01 -2.899907231330871582e-01
1.116193085908889771e-01 -6.905361264944076538e-02
-7.243873085826635361e-03 -5.500777065753936768e-02
2.713918685913085938e-01 -3.147763013839721680e-01
-1.866212934255599976e-01 1.483157128095626831e-01
-1.030773594975471497e-01 2.472961992025375366e-01
-1.684419959783554077e-01 1.622685194015502930e-01
2.017025053501129150e-01 -1.208945065736770630e-01
-2.572539076209068298e-02 3.486682847142219543e-02
8.914649486541748047e-02 5.411582812666893005e-02
1.374776214361190796e-01 -5.367276817560195923e-02
5.334682390093803406e-02 -5.328078754246234894e-03
-1.130647659301757812e-01 1.217812970280647278e-01
-3.233226388692855835e-02 1.461099833250045776e-02
6.522856652736663818e-02 8.710423111915588379e-02
5.224934965372085571e-02 -1.014056429266929626e-01
-5.622941628098487854e-02 -1.904404610395431519e-01
1.224909573793411255e-01 -3.327456414699554443e-01
-1.123026683926582336e-01 -1.359297484159469604e-01
-4.143121466040611267e-02 -7.507595419883728027e-02
8.206183463335037231e-02 -8.670719712972640991e-02
-1.745311617851257324e-01 1.149517297744750977e-01
1.961685866117477417e-01 -3.504024446010589600e-01
1.474062353372573853e-01 -1.292797327041625977e-01
1.073138602077960968e-02 -3.902171924710273743e-02
-1.867358535528182983e-01 7.727771997451782227e-02
-2.710984051227569580e-01 1.803273409605026245e-01
1.921692341566085815e-01 -4.136173129081726074e-01
-1.576461493968963623e-01 1.270741671323776245e-01
6.354478001594543457e-02 8.930281549692153931e-02
-1.161436140537261963e-01 7.024510204792022705e-02
2.649997770786285400e-01 1.778765395283699036e-02
-2.196676731109619141e-01 3.731465041637420654e-01
7.418604195117950439e-02 7.214345037937164307e-02
-1.125385146588087082e-02 -4.567352309823036194e-02
-1.259733140468597412e-01 8.309274166822433472e-02
-8.094193786382675171e-02 3.210600838065147400e-02
-1.487290412187576294e-01 -1.299304980784654617e-02
2.285972796380519867e-02 -5.813748016953468323e-02
-6.130567193031311035e-02 3.014243207871913910e-02
-1.955696940422058105e-01 2.156441509723663330e-01
2.437675297260284424e-01 -3.811207711696624756e-01
-1.374937295913696289e-01 7.241287734359502792e-03
1.219960451126098633e-01 -1.911445707082748413e-02
-2.120005637407302856e-01 1.527522653341293335e-01
3.987278789281845093e-02 -2.654742263257503510e-02
2.188296169042587280e-01 -1.706383973360061646e-01
3.006631135940551758e-02 -2.918296726420521736e-03
-1.794269829988479614e-01 2.451802045106887817e-01
1.054966896772384644e-01 -3.201539069414138794e-02
1.381886750459671021e-01 -1.068405359983444214e-01
-1.279828995466232300e-01 1.258052885532379150e-01
-5.109586566686630249e-02 1.844785362482070923e-02
3.773493766784667969e-01 -2.424447983503341675e-01
7.236041873693466187e-02 5.698880180716514587e-02
9.409137815237045288e-02 -2.928439155220985413e-02
1.022927686572074890e-01 -1.107309609651565552e-01
-9.718157351016998291e-02 1.469550374895334244e-02
-1.612913757562637329e-01 2.426915913820266724e-01
-2.766409218311309814e-01 1.996225267648696899e-01
1.109746620059013367e-01 -2.385446242988109589e-02
-2.322746962308883667e-01 7.439757883548736572e-02
-4.916527494788169861e-02 -5.634699016809463501e-02
-2.469431459903717041e-01 1.516264081001281738e-01
5.877295136451721191e-01 -6.845189332962036133e-01
3.565890491008758545e-01 -3.548354655504226685e-02
-9.741023182868957520e-03 -9.587287157773971558e-02
4.869117438793182373e-01 -4.469150304794311523e-01
-3.296249732375144958e-02 3.851417079567909241e-02
-1.908053010702133179e-01 2.388506084680557251e-01
-1.875326633453369141e-01 2.464549392461776733e-01
1.044691950082778931e-01 -9.941077977418899536e-02
1.929455548524856567e-01 -1.234927996993064880e-01
3.866281807422637939e-01 -2.383314073085784912e-01
-4.338761568069458008e-01 2.383497208356857300e-01
-1.883099079132080078e-01 1.582655906677246094e-01
-1.641932278871536255e-01 5.430044233798980713e-02
-3.471207916736602783e-01 2.539556324481964111e-01
-2.184618264436721802e-01 1.025359630584716797e-01
-4.513562321662902832e-01 2.025846987962722778e-01
8.294288814067840576e-02 -4.295673221349716187e-02
2.169022560119628906e-01 -4.443032741546630859e-01
-9.478332847356796265e-02 1.543097347021102905e-01
6.418748199939727783e-02 -7.398864626884460449e-02
-1.552560627460479736e-01 2.124513499438762665e-02
-2.524157762527465820e-01 7.984586060047149658e-02
5.097616314888000488e-01 -5.509056448936462402e-01
1.259329915046691895e-01 -1.642202436923980713e-01
-1.339831203222274780e-01 1.726438552141189575e-01
1.936432719230651855e-01 -5.826970189809799194e-02
-9.305746853351593018e-02 -3.512709215283393860e-02
-1.066158264875411987e-01 1.510997265577316284e-01
-3.215543329715728760e-01 1.766578257083892822e-01
3.121371567249298096e-01 -1.951082795858383179e-01
-5.743547677993774414e-01 3.935456275939941406e-01
1.573335975408554077e-01 -2.154062241315841675e-01
-1.544578820466995239e-01 5.972684174776077271e-02
2.253878116607666016e-01 -4.087151885032653809e-01
1.826867312192916870e-01 -6.903716921806335449e-02
1.926745623350143433e-01 -3.000101149082183838e-01
3.640030324459075928e-02 -6.496498733758926392e-02
-3.119229376316070557e-01 3.166821897029876709e-01
1.926202774047851562e-01 -4.140159860253334045e-02
-4.132286906242370605e-01 4.538426697254180908e-01
1.924227327108383179e-01 -2.175856381654739380e-02
4.874922633171081543e-01 -4.646884202957153320e-01
1.656756401062011719e-01 -1.200080588459968567e-01
-2.882764339447021484e-01 6.078749895095825195e-01
-4.398274719715118408e-01 4.115000665187835693e-01
4.341546893119812012e-01 -3.664613664150238037e-01
3.300018310546875000e-01 -1.235701292753219604e-01
1.320466995239257812e-01 -1.797895729541778564e-01
-1.787550933659076691e-02 1.579327136278152466e-02
-2.195551544427871704e-01 2.328501343727111816e-01
2.456759065389633179e-01 -1.529227495193481445e-01
1.694094762206077576e-02 -1.801068186759948730e-01
-9.890040010213851929e-02 1.717610210180282593e-01
4.135240614414215088e-01 -2.458094209432601929e-01
-3.647186160087585449e-01 2.112455368041992188e-01
-7.246673852205276489e-02 2.250383794307708740e-01
4.701058566570281982e-01 -3.157261908054351807e-01
-3.405276238918304443e-01 2.734686732292175293e-01
-1.955519616603851318e-01 1.841602288186550140e-02
5.571990832686424255e-02 1.093073785305023193e-01
4.890465438365936279e-01 -2.488590329885482788e-01
-3.924586176872253418e-01 4.331541657447814941e-01
5.898869782686233521e-02 6.508478894829750061e-03
-7.353559136390686035e-01 5.989778041839599609e-01
-5.972380191087722778e-02 -7.036352157592773438e-02
-3.404742479324340820e-01 1.620378643274307251e-01
7.017725706100463867e-01 -9.087472558021545410e-01
5.593146756291389465e-02 -7.462619245052337646e-02
-1.049849614500999451e-01 1.822266578674316406e-01
-3.651455938816070557e-01 3.434292674064636230e-01
1.899244040250778198e-01 -1.058397218585014343e-01
-1.906620115041732788e-01 1.557271480560302734e-01
-1.241997331380844116e-01 7.672511786222457886e-02
-3.675874769687652588e-01 4.146672487258911133e-01
-1.431787014007568359e-01 1.570851802825927734e-01
3.046784102916717529e-01 -1.707043498754501343e-01
1.546778380870819092e-01 -1.718466132879257202e-01
-1.134961470961570740e-01 2.042997255921363831e-02
-1.957967691123485565e-02 -2.792899012565612793e-01
4.990314245223999023e-01 -2.933970391750335693e-01
3.802012884989380836e-03 -1.894251108169555664e-01
-1.202028095722198486e-01 -2.273708581924438477e-02
-7.553596496582031250e-01 6.317843198776245117e-01
3.889671266078948975e-01 -3.453781604766845703e-01
-2.739787101745605469e-01 3.171682059764862061e-01
-2.915326952934265137e-01 5.247683450579643250e-02
2.964855134487152100e-01 -2.064793854951858521e-01
-7.958517223596572876e-02 -1.794808916747570038e-02
-1.343640834093093872e-01 2.443941868841648102e-02
6.496387124061584473e-01 -5.334969162940979004e-01
-2.723013162612915039e-01 2.649739384651184082e-01
2.790331840515136719e-01 -3.834046423435211182e-01
3.483363389968872070e-01 -2.946173846721649170e-01
9.549935162067413330e-02 4.903826490044593811e-02
-3.270769119262695312e-01 1.999975591897964478e-01
8.124344944953918457e-01 -6.035885810852050781e-01
-6.969661712646484375e-01 4.964333772659301758e-01
2.902839779853820801e-01 -3.249809145927429199e-01
1.327569186687469482e-01 5.809125304222106934e-02
2.398374825716018677e-01 -2.263861149549484253e-01
3.589191287755966187e-02 -1.163989603519439697e-01
-9.536773711442947388e-02 -1.862835488282144070e-03
-1.112335920333862305e-01 -8.489999920129776001e-02
-9.756298363208770752e-02 2.478346675634384155e-01
3.363624811172485352e-01 -4.342996180057525635e-01
1.759013086557388306e-01 -3.779009580612182617e-01
4.973162412643432617e-01 -4.894223213195800781e-01
2.589216530323028564e-01 -2.749494910240173340e-01
-2.320130467414855957e-01 2.305094599723815918e-01
-8.056953549385070801e-02 2.253993898630142212e-01
3.225842714309692383e-01 -3.715092539787292480e-01
-5.346255898475646973e-01 3.117386102676391602e-01
1.042506694793701172e-01 1.301147639751434326e-01
2.586447894573211670e-01 -1.371486186981201172e-01
-3.670301437377929688e-01 2.808543741703033447e-01
-1.258287462405860424e-03 -2.519876137375831604e-02
-5.091314762830734253e-02 1.904528401792049408e-02
1.630122028291225433e-02 -9.174098819494247437e-02
6.918426752090454102e-01 -5.125807523727416992e-01
-3.437131941318511963e-01 2.700537443161010742e-01
3.365876972675323486e-01 -4.007010161876678467e-01
-7.089322805404663086e-02 -3.439964726567268372e-02
-4.469076544046401978e-02 -9.925018996000289917e-03
1.492454707622528076e-01 -7.870739698410034180e-02
-2.232992798089981079e-01 1.955764144659042358e-01
4.006878659129142761e-02 -6.074437871575355530e-02
4.217055737972259521e-01 -3.701663911342620850e-01
-3.769445121288299561e-01 3.018709421157836914e-01
2.713011503219604492e-01 -1.356310546398162842e-01
-2.291627973318099976e-01 8.881408721208572388e-02
2.731722891330718994e-01 -3.386613726615905762e-01
3.046747744083404541e-01 -3.395525813102722168e-01
-2.827201485633850098e-01 2.155799716711044312e-01
-4.323661699891090393e-02 1.199935451149940491e-01
1.863933950662612915e-01 -8.651616424322128296e-02
-1.112135127186775208e-01 6.811273749917745590e-03
1.021423414349555969e-01 -1.103773042559623718e-01
-1.639380306005477905e-01 1.643810719251632690e-01
-7.148365676403045654e-02 5.056979134678840637e-02
3.149494230747222900e-01 -3.481263518333435059e-01
-2.101666629314422607e-01 2.489068955183029175e-01
1.022361218929290771e-01 -1.456158459186553955e-01
-4.522947221994400024e-02 1.558419018983840942e-01
2.059525996446609497e-01 -2.108037285506725311e-02
-5.246844142675399780e-02 3.904097676277160645e-01
-1.775470823049545288e-01 1.490935236215591431e-01
-3.634547591209411621e-01 1.882803440093994141e-01
6.866930425167083740e-02 -1.617711931467056274e-01
-1.021302118897438049e-01 -2.508056350052356720e-02
-2.888490557670593262e-01 1.832651197910308838e-01
1.360239982604980469e-01 6.391762197017669678e-02
3.244532272219657898e-02 -2.428363263607025146e-01
5.456155911087989807e-02 3.611619025468826294e-02
2.303937375545501709e-01 -3.759148418903350830e-01
-1.749952584505081177e-01 -4.408442974090576172e-02
-2.061306387186050415e-01 3.258329033851623535e-01
1.207341328263282776e-01 -3.786827921867370605e-01
1.407580375671386719e-01 -1.334374547004699707e-01
6.771968305110931396e-02 -1.693418622016906738e-01
3.108962774276733398e-01 -4.268145561218261719e-01
-4.450067505240440369e-02 2.009575068950653076e-01
-1.012208834290504456e-01 -1.135838851332664490e-01
-1.432320382446050644e-02 1.474967151880264282e-01
2.281273305416107178e-01 -2.977429926395416260e-01
-2.615262009203433990e-02 -1.381315640173852444e-03
6.220138445496559143e-02 -1.000816896557807922e-01
2.316881567239761353e-01 -8.127238601446151733e-02
-1.988326162099838257e-01 1.774141341447830200e-01
3.265757560729980469e-01 -1.237670257687568665e-01
4.710925370454788208e-02 7.253201305866241455e-02
1.139868721365928650e-01 -3.258916735649108887e-01
1.979750543832778931e-01 -2.566260695457458496e-01
-1.700488291680812836e-02 9.302298724651336670e-02
-6.867158412933349609e-02 2.138646245002746582e-01
9.139363467693328857e-02 -3.049713075160980225e-01
-3.741265088319778442e-02 1.619386374950408936e-01
-1.512873023748397827e-01 1.039159595966339111e-01
1.473599672317504883e-01 -1.923208534717559814e-01
7.376977801322937012e-02 -4.766906611621379852e-03
-1.710505336523056030e-01 2.084332853555679321e-01
9.982351213693618774e-03 1.234726905822753906e-01
-8.010116219520568848e-02 -4.560980200767517090e-02
4.329650476574897766e-02 -1.176488324999809265e-01
-1.295802891254425049e-01 1.532575935125350952e-01
1.695933789014816284e-01 -7.252066582441329956e-02
1.828260123729705811e-01 -1.332753151655197144e-02
-1.341886669397354126e-01 1.957700997591018677e-01
-2.918492853641510010e-01 1.350594162940979004e-01
1.233165860176086426e-01 -4.274692013859748840e-02
9.238842874765396118e-02 -4.740171134471893311e-02
7.156340777873992920e-02 -1.705140024423599243e-01
-2.284702360630035400e-01 1.431307196617126465e-01
