6.965801119804382324e-01 -4.774046540260314941e-01
2.954343259334564209e-01 -1.131303757429122925e-01
-5.159872770309448242e-01 6.114687323570251465e-01
3.647059500217437744e-01 -2.306258380413055420e-01
-4.698502719402313232e-01 2.513552308082580566e-01
-3.139608502388000488e-01 1.954439580440521240e-01
1.033042371273040771e-01 -7.582136243581771851e-02
-1.845778673887252808e-01 1.074443310499191284e-01
1.942997681908309460e-03 -6.637965887784957886e-02
-8.695450425148010254e-02 -1.419676691293716431e-01
-2.118352800607681274e-01 2.255985140800476074e-01
-4.630221426486968994e-01 2.360501736402511597e-01
1.582914730533957481e-03 9.669384360313415527e-02
2.287398278713226318e-01 -4.143908917903900146e-01
-2.855272889137268066e-01 4.173167347908020020e-01
-3.016043007373809814e-01 2.475181519985198975e-01
2.264367938041687012e-01 -3.032827079296112061e-01
-2.315018475055694580e-01 4.145891666412353516e-01
-2.678363323211669922e-01 2.787013053894042969e-01
-2.257598191499710083e-01 2.164761573076248169e-01
5.999512076377868652e-01 -4.652799069881439209e-01
-2.344422228634357452e-02 4.595547169446945190e-02
8.521902561187744141e-01 -7.784041762351989746e-01
4.678237140178680420e-01 -4.893417060375213623e-01
-4.430567026138305664e-01 2.647383213043212891e-01
-9.477221965789794922e-02 1.856089234352111816e-01
1.531494408845901489e-01 -2.569769322872161865e-01
3.816832304000854492e-01 -4.063239395618438721e-01
-1.067832782864570618e-01 9.431783109903335571e-02
-1.888046562671661377e-01 2.031569033861160278e-01
1.355802267789840698e-01 4.570631310343742371e-02
1.695373952388763428e-01 -5.663252249360084534e-02
1.806703507900238037e-01 7.083219289779663086e-02
5.658388137817382812e-03 -2.336959391832351685e-01
-4.410177469253540039e-01 2.462753802537918091e-01
1.532467156648635864e-01 -1.254571974277496338e-01
-2.810738384723663330e-01 3.353691101074218750e-02
-1.298394352197647095e-01 2.066407799720764160e-01
-1.575145423412322998e-01 6.871900707483291626e-02
4.502410590648651123e-01 -3.044127523899078369e-01
2.335256151854991913e-02 -5.601898580789566040e-02
-3.041830956935882568e-01 1.405851840972900391e-01
2.791718840599060059e-01 -4.292445182800292969e-01
-5.915597453713417053e-02 5.171878635883331299e-02
3.687705397605895996e-01 -4.376738667488098145e-01
-2.011094540357589722e-01 1.338955163955688477e-01
-2.800127565860748291e-01 3.151601850986480713e-01
1.110075190663337708e-01 -1.921403259038925171e-01
4.703051745891571045e-01 -5.921763777732849121e-01
-4.196158051490783691e-01 8.302859216928482056e-02
5.779747366905212402e-01 -5.767040848731994629e-01
-7.600048091262578964e-03 -1.112081408500671387e-01
1.010269373655319214e-01 -1.080926507711410522e-01
-4.971179366111755371e-01 4.415585398674011230e-01
-2.495198883116245270e-02 1.981353908777236938e-01
-5.325865745544433594e-01 3.865561485290527344e-01
-5.473858118057250977e-02 2.351196408271789551e-01
-1.261486560106277466e-01 2.574896514415740967e-01
2.196816504001617432e-01 -4.164516031742095947e-01
-9.320375323295593262e-02 -4.114207625389099121e-02
6.410638689994812012e-01 -6.855112314224243164e-01
-1.159436106681823730e-01 1.414441317319869995e-01
-3.800806403160095215e-01 1.891111582517623901e-01
1.033989861607551575e-01 -4.278530552983283997e-02
5.566378831863403320e-01 -6.137289404869079590e-01
3.812610507011413574e-01 -4.731622338294982910e-01
-4.764150083065032959e-01 4.026575684547424316e-01
-1.583653837442398071e-01 1.846167296171188354e-01
-5.342611670494079590e-01 5.796757340431213379e-01
-4.040573835372924805e-01 2.517304718494415283e-01
-4.311553835868835449e-01 2.267804443836212158e-01
-5.307807326316833496e-01 5.265589356422424316e-01
3.691485226154327393e-01 -3.276855349540710449e-01
3.088622987270355225e-01 -1.168208867311477661e-01
8.298279643058776855e-01 -7.872359156608581543e-01
-4.359314963221549988e-02 -1.008103638887405396e-01
2.436367124319076538e-01 -1.414625495672225952e-01
-1.818703114986419678e-01 1.012805700302124023e-01
1.286606937646865845e-01 -2.422084212303161621e-01
-5.775988101959228516e-01 4.228321313858032227e-01
2.430349290370941162e-01 -4.459851980209350586e-01
-3.703564703464508057e-01 3.882056176662445068e-01
-3.604942560195922852e-01 1.919352412223815918e-01
-3.520499765872955322e-01 3.854262828826904297e-01
1.329687833786010742e-01 -3.120765388011932373e-01
2.539584040641784668e-01 -2.151552140712738037e-01
7.033564448356628418e-01 -5.976715087890625000e-01
-4.735186994075775146e-01 5.460184812545776367e-01
-1.356882788240909576e-02 -1.398719102144241333e-01
-2.621458768844604492e-01 5.328725576400756836e-01
3.444719314575195312e-01 -2.631818950176239014e-01
1.250243335962295532e-01 -2.167731523513793945e-01
9.139616787433624268e-02 -8.505315333604812622e-02
9.113937616348266602e-03 -1.685075610876083374e-01
-3.507059514522552490e-01 2.901626527309417725e-01
4.424748122692108154e-01 -5.126035809516906738e-01
1.485928297042846680e-01 -2.027411460876464844e-01
3.290632963180541992e-01 -4.170869290828704834e-01
-3.424886465072631836e-01 3.445958793163299561e-01
-2.015559673309326172e-01 1.116467490792274475e-01
-4.077608883380889893e-01 3.388651013374328613e-01
1.327793598175048828e-01 -1.140794605016708374e-01
-3.800114095211029053e-01 3.981830775737762451e-01
-5.963012576103210449e-02 1.279960870742797852e-01
9.499418735504150391e-02 3.773557022213935852e-02
4.188893139362335205e-01 -4.583122432231903076e-01
-1.241867467761039734e-01 1.427607536315917969e-01
-4.499182701110839844e-01 4.158150851726531982e-01
9.604148566722869873e-02 -1.374903321266174316e-01
4.141578972339630127e-01 -3.177542686462402344e-01
-2.972677648067474365e-01 2.929140329360961914e-01
-2.164577096700668335e-01 2.133165746927261353e-01
7.435815334320068359e-01 -4.187772274017333984e-01
-5.869569778442382812e-01 6.523509621620178223e-01
-3.231991529464721680e-01 2.885976135730743408e-01
-6.934862136840820312e-01 8.084842562675476074e-01
-8.483118414878845215e-01 7.242227196693420410e-01
-4.693507850170135498e-01 4.640468657016754150e-01
1.709945499897003174e-01 -6.291619688272476196e-02
-5.529401302337646484e-01 6.196538805961608887e-01
-4.558119177818298340e-02 -9.835696546360850334e-04
3.030340075492858887e-01 -3.253721594810485840e-01
5.651589035987854004e-01 -4.256036281585693359e-01
-8.393774181604385376e-02 -2.757946215569972992e-02
4.157293438911437988e-01 -5.206943750381469727e-01
-9.689965099096298218e-02 1.076784357428550720e-01
-3.977165222167968750e-01 3.227057754993438721e-01
1.081594452261924744e-01 -2.352564036846160889e-02
2.935321629047393799e-01 -2.172059565782546997e-01
5.587017536163330078e-01 -5.578920841217041016e-01
-3.506677746772766113e-01 4.202473461627960205e-01
2.095203250646591187e-01 -2.575331628322601318e-01
7.114496827125549316e-02 -1.653614938259124756e-01
-3.085562288761138916e-01 1.981567740440368652e-01
8.059996366500854492e-02 -3.890325501561164856e-02
1.812798976898193359e-01 -3.840101957321166992e-01
2.710417509078979492e-01 -2.612517774105072021e-01
1.432069838047027588e-01 -1.334570497274398804e-01
-2.575019896030426025e-01 2.468303740024566650e-01
-2.684858441352844238e-01 2.014586031436920166e-01
-2.087284475564956665e-01 1.442409604787826538e-01
3.900336921215057373e-01 -1.228380054235458374e-01
6.944355368614196777e-02 1.156898662447929382e-01
-2.565695047378540039e-01 1.032516807317733765e-01
-8.092960715293884277e-02 7.601682096719741821e-02
-3.854419589042663574e-01 3.407582342624664307e-01
-3.722990751266479492e-01 3.457045555114746094e-01
-3.895424306392669678e-01 2.353882044553756714e-01
2.289550602436065674e-01 6.224683485925197601e-03
3.107609450817108154e-01 -3.738756179809570312e-01
-4.885752126574516296e-02 1.189269199967384338e-01
-2.647537738084793091e-02 5.924219265580177307e-02
2.784028351306915283e-01 -2.083303779363632202e-01
1.651601195335388184e-01 -6.677447259426116943e-02
2.456091344356536865e-01 -2.395770251750946045e-01
1.068666130304336548e-01 3.252178430557250977e-03
-2.400238811969757080e-01 2.151144295930862427e-01
-1.214641630649566650e-01 -2.801904827356338501e-02
3.998930454254150391e-01 -1.873104870319366455e-01
-3.909049630165100098e-01 4.000202715396881104e-01
-3.570139110088348389e-01 4.391180872917175293e-01
2.892726659774780273e-01 -3.480600714683532715e-01
2.410490661859512329e-01 -1.819722354412078857e-01
-3.593568801879882812e-01 1.275082379579544067e-01
-1.068718805909156799e-01 1.526421159505844116e-01
-7.917217165231704712e-02 1.439992804080247879e-03
-3.030182421207427979e-01 3.066661357879638672e-01
-6.372848153114318848e-02 1.181606650352478027e-01
-2.451568394899368286e-01 2.502074539661407471e-01
-4.678330123424530029e-01 2.852331697940826416e-01
-6.494174152612686157e-02 1.317404657602310181e-01
-7.049558311700820923e-02 1.558479815721511841e-01
-1.037379354238510132e-01 -4.208211321383714676e-04
3.307478725910186768e-01 -1.536240428686141968e-01
-1.699171811342239380e-01 2.538683712482452393e-01
-1.108309850096702576e-01 -3.889201208949089050e-02
-2.637209594249725342e-01 3.284614682197570801e-01
2.720741927623748779e-01 -4.469389319419860840e-01
-3.918766975402832031e-01 3.361598849296569824e-01
4.569228366017341614e-02 -4.178062546998262405e-03
-9.361085295677185059e-02 1.781043410301208496e-01
1.601980775594711304e-01 9.430174529552459717e-02
1.739617288112640381e-01 3.193963691592216492e-02
-1.092176288366317749e-01 1.561606824398040771e-01
3.873121738433837891e-02 1.476210057735443115e-01
-1.546924859285354614e-01 3.243922591209411621e-01
-2.355120927095413208e-01 1.800729930400848389e-01
3.267415165901184082e-01 -1.693378686904907227e-01
1.356129646301269531e-01 -1.971653699874877930e-01
-2.107546627521514893e-01 3.082145452499389648e-01
-2.852055132389068604e-01 2.817859351634979248e-01
8.365023136138916016e-02 -1.948877722024917603e-01
3.792118132114410400e-01 -4.698536396026611328e-01
2.710394859313964844e-01 -1.716487705707550049e-01
1.672715395689010620e-01 -1.363543123006820679e-01
6.953182816505432129e-02 -5.387382209300994873e-02
1.371334344148635864e-01 -1.616688370704650879e-01
-3.591270148754119873e-01 3.376460969448089600e-01
3.321025073528289795e-01 -2.907693684101104736e-01
1.858168095350265503e-01 2.983600459992885590e-02
2.716359682381153107e-02 7.315880153328180313e-03
2.261566072702407837e-01 -1.735019981861114502e-01
-3.251675050705671310e-03 -1.555189788341522217e-01
-5.773097872734069824e-01 4.522213637828826904e-01
6.249344721436500549e-02 1.055321395397186279e-01
-1.809537224471569061e-02 4.467732086777687073e-02
-7.217443734407424927e-02 5.261742323637008667e-02
-8.280073106288909912e-02 3.505581058561801910e-03
2.268187701702117920e-01 -2.557516694068908691e-01
-5.087329745292663574e-01 2.768490016460418701e-01
-2.746416330337524414e-01 3.152976036071777344e-01
1.970485895872116089e-01 -1.165095344185829163e-01
3.013678826391696930e-02 -2.436009347438812256e-01
3.414407968521118164e-01 -3.733198344707489014e-01
5.015032887458801270e-01 -5.647972226142883301e-01
-6.872978806495666504e-02 -6.686347723007202148e-02
2.719653248786926270e-01 -2.646620273590087891e-01
-2.249385118484497070e-01 1.540433168411254883e-01
3.081020712852478027e-01 -3.679046630859375000e-01
-8.722805231809616089e-02 1.494048349559307098e-02
1.383351534605026245e-01 -1.633554324507713318e-02
-9.491957724094390869e-02 9.209932386875152588e-02
3.980654478073120117e-01 -4.248589873313903809e-01
-2.922390103340148926e-01 1.598807126283645630e-01
-1.508297175168991089e-01 2.550477683544158936e-01
-3.126689791679382324e-01 2.447946071624755859e-01
-3.145729601383209229e-01 4.773620069026947021e-01
4.148288369178771973e-01 -4.117427170276641846e-01
4.710910320281982422e-01 -4.230670928955078125e-01
5.233018472790718079e-02 -3.680533170700073242e-02
-1.591024845838546753e-01 1.987515687942504883e-01
-2.228604108095169067e-01 1.959357708692550659e-01
-3.672762811183929443e-01 1.784520596265792847e-01
9.675972163677215576e-02 -1.362230479717254639e-01
-5.321152210235595703e-01 6.258637309074401855e-01
-2.459440529346466064e-01 2.422251403331756592e-01
1.996762678027153015e-02 -1.467618048191070557e-01
2.041672617197036743e-01 -1.493842899799346924e-01
-3.463489562273025513e-02 5.896438285708427429e-02
-1.203986704349517822e-01 2.973091006278991699e-01
3.761535286903381348e-01 -3.501871526241302490e-01
-3.713359534740447998e-01 4.808878898620605469e-01
-1.499847471714019775e-01 1.036354154348373413e-01
-1.387947797775268555e-01 9.189022332429885864e-02
2.331699430942535400e-01 -1.578511446714401245e-01
-3.910962939262390137e-01 2.523258328437805176e-01
3.458833098411560059e-01 -3.064437508583068848e-01
-4.795460402965545654e-02 1.514216363430023193e-01
2.415625602006912231e-01 -2.073994129896163940e-01
-4.665042459964752197e-01 2.124123275279998779e-01
-4.238238930702209473e-02 -4.960037395358085632e-02
1.422126144170761108e-01 6.125620752573013306e-02
7.020368427038192749e-02 -9.640398621559143066e-02
-3.724209666252136230e-01 1.520503014326095581e-01
-1.803364753723144531e-01 4.370076954364776611e-02
4.834550619125366211e-01 -4.125545322895050049e-01
