-1.244755163788795471e-01 2.188233882188796997e-01
1.997742652893066406e-01 1.122491806745529175e-02
-2.499679177999496460e-01 1.264674663543701172e-01
-1.351840198040008545e-01 6.849364191293716431e-02
2.464587241411209106e-02 2.227200940251350403e-02
3.213753700256347656e-01 -1.022625714540481567e-01
1.288802176713943481e-01 -1.291783004999160767e-01
-2.220825105905532837e-01 2.133225351572036743e-01
8.003670722246170044e-02 -8.894143253564834595e-02
2.889833152294158936e-01 -2.720803618431091309e-01
8.568104356527328491e-02 -5.134423077106475830e-02
-1.737977378070354462e-03 -7.129222154617309570e-02
4.247748106718063354e-02 -4.264756664633750916e-02
1.941877231001853943e-02 7.022163271903991699e-02
-1.733332872390747070e-01 1.602570563554763794e-01
2.878586947917938232e-01 -6.070385873317718506e-02
-3.201547563076019287e-01 1.072481498122215271e-01
6.523413211107254028e-02 5.940461903810501099e-02
-1.580689800903201103e-03 -1.262522637844085693e-01
6.397564720828086138e-05 4.214858636260032654e-02
-1.149280965328216553e-01 2.771637439727783203e-01
1.410428583621978760e-01 1.095378696918487549e-01
2.636211812496185303e-01 -1.772317141294479370e-01
1.737327277660369873e-01 -3.293727636337280273e-01
-1.659583002328872681e-01 1.451666653156280518e-01
-1.241370067000389099e-01 1.596762984991073608e-01
-9.882616810500621796e-03 -1.645504534244537354e-01
-2.648286223411560059e-01 8.024295419454574585e-02
7.736383378505706787e-02 1.749134249985218048e-02
-7.133483886718750000e-02 -1.992114186286926270e-01
-5.890952423214912415e-02 1.315063983201980591e-01
1.756122102960944176e-03 2.020363956689834595e-01
-6.450512260198593140e-02 1.024960074573755264e-02
2.514849007129669189e-01 -3.387061953544616699e-01
-1.853630989789962769e-01 1.745107322931289673e-01
4.743750765919685364e-02 -9.687937796115875244e-02
8.306217193603515625e-02 -1.165135856717824936e-02
1.389418244361877441e-01 3.819206904154270887e-04
-1.152526810765266418e-01 4.648122936487197876e-02
8.438533544540405273e-02 1.897709257900714874e-02
-2.270961552858352661e-02 9.292453527450561523e-02
3.041455447673797607e-01 -1.518538147211074829e-01
-2.466101646423339844e-01 9.850196540355682373e-02
2.156877368688583374e-01 -1.168107762932777405e-01
-4.888977110385894775e-02 -1.199801266193389893e-01
1.427779495716094971e-01 7.002260535955429077e-02
-6.704247742891311646e-02 -4.656431078910827637e-02
1.200409904122352600e-01 -4.890725389122962952e-02
-1.898501254618167877e-02 -1.119450926780700684e-01
5.235694814473390579e-03 -3.398578241467475891e-02
-1.198943257331848145e-01 1.689271926879882812e-01
5.766579508781433105e-02 1.115784123539924622e-01
-1.255226135253906250e-01 -3.562517836689949036e-02
1.298341453075408936e-01 -8.859936892986297607e-02
1.537987887859344482e-01 -2.521559298038482666e-01
-1.122421547770500183e-01 2.453527152538299561e-01
-3.052460253238677979e-01 8.513849228620529175e-02
-1.666387617588043213e-01 -1.227629836648702621e-02
-8.618277311325073242e-02 -1.236645355820655823e-01
1.442231982946395874e-01 -1.222538501024246216e-01
-1.447297185659408569e-01 1.233305707573890686e-01
-3.393593430519104004e-02 -3.366067633032798767e-02
1.604629307985305786e-01 1.814226508140563965e-01
-3.457245603203773499e-02 1.092572063207626343e-01
-1.580405235290527344e-02 -5.570798646658658981e-03
2.621854282915592194e-02 -1.612832099199295044e-01
1.449758112430572510e-01 -1.408882290124893188e-01
1.467464864253997803e-01 -7.385338842868804932e-02
6.892644613981246948e-02 -1.511314362287521362e-01
2.817185036838054657e-02 4.924911540001630783e-03
-4.259447753429412842e-02 1.242687776684761047e-01
-2.556180953979492188e-01 -2.690595947206020355e-02
5.135411769151687622e-02 1.812128126621246338e-01
7.929703593254089355e-02 -1.104915514588356018e-01
-4.759378358721733093e-02 1.210665795952081680e-02
-1.581930369138717651e-01 -7.872075587511062622e-02
-2.506471574306488037e-01 8.831786923110485077e-03
1.310467869043350220e-01 -8.526343852281570435e-03
-7.158205658197402954e-02 -5.166021734476089478e-02
1.016884893178939819e-01 -1.216852292418479919e-01
-2.595083713531494141e-01 1.716076582670211792e-01
6.855191290378570557e-02 -2.400535494089126587e-01
1.463991999626159668e-01 -9.042587131261825562e-02
3.339253365993499756e-02 1.779321581125259399e-01
2.216536551713943481e-01 -2.409234195947647095e-01
-1.656324565410614014e-01 2.345605790615081787e-01
-1.262159645557403564e-01 -1.168193370103836060e-01
1.288079321384429932e-01 -1.006902679800987244e-01
1.934244111180305481e-02 -1.463887840509414673e-01
4.476857185363769531e-02 -1.465092450380325317e-01
9.890920668840408325e-02 -9.098159521818161011e-02
2.409100830554962158e-01 -1.406018584966659546e-01
-1.959173195064067841e-02 1.754049509763717651e-01
3.805420920252799988e-02 -1.087493151426315308e-01
-2.068605870008468628e-01 -1.098495647311210632e-01
-1.336901783943176270e-01 2.081793397665023804e-01
1.856487840414047241e-01 1.359378546476364136e-01
2.851509749889373779e-01 -1.514228135347366333e-01
-1.772859394550323486e-01 1.213390603661537170e-01
3.267123177647590637e-02 -1.009361222386360168e-01
-1.494099944829940796e-02 -1.341306716203689575e-01
3.569317758083343506e-01 -2.490155398845672607e-01
1.425890717655420303e-02 2.212386578321456909e-01
2.352208644151687622e-02 -2.258086204528808594e-02
3.536310791969299316e-02 -6.677591055631637573e-02
8.529028273187577724e-04 9.015618264675140381e-02
-5.501743289642035961e-04 2.683849632740020752e-01
-8.596399426460266113e-02 7.432420551776885986e-02
-7.821257412433624268e-02 -1.377792097628116608e-02
-8.613394945859909058e-02 8.420963585376739502e-02
1.248120442032814026e-01 3.127469867467880249e-02
-3.537337854504585266e-02 1.429555565118789673e-01
4.073774814605712891e-02 -5.763026699423789978e-02
2.314823716878890991e-01 -1.760155409574508667e-01
-4.715398699045181274e-02 -6.654445547610521317e-03
2.576633393764495850e-01 -9.697304666042327881e-02
-8.644802123308181763e-02 4.325491562485694885e-02
-1.078033521771430969e-01 1.332475394010543823e-01
1.850799620151519775e-01 3.924656193703413010e-03
2.160848230123519897e-01 -1.903730183839797974e-01
-1.361831426620483398e-01 4.923630505800247192e-02
6.919559091329574585e-02 -5.706665292382240295e-02
-1.085747331380844116e-01 1.097747832536697388e-01
1.784653961658477783e-01 -1.009970381855964661e-01
8.144965767860412598e-02 -7.303909957408905029e-02
2.205937206745147705e-01 -7.598731666803359985e-02
-3.449053317308425903e-02 2.493691630661487579e-02
-1.147734001278877258e-01 8.099797368049621582e-02
3.029518574476242065e-02 -1.570275723934173584e-01
1.822730153799057007e-01 -2.133791595697402954e-01
1.478332877159118652e-01 -1.400389522314071655e-01
-5.564999207854270935e-02 -1.780236512422561646e-01
2.958200275897979736e-01 -1.204321682453155518e-01
1.732369326055049896e-02 -7.685709744691848755e-02
-7.466370612382888794e-02 7.041832804679870605e-02
-5.502361059188842773e-02 3.870018571615219116e-02
1.435439139604568481e-01 -1.925521045923233032e-01
1.173802837729454041e-01 -2.114378511905670166e-01
1.926513165235519409e-01 -2.048076838254928589e-01
1.617568284273147583e-01 -4.811712726950645447e-02
-1.350887268781661987e-01 7.649669051170349121e-02
1.134935691952705383e-01 -5.778197199106216431e-02
-4.124626982957124710e-03 5.889990925788879395e-02
1.914127357304096222e-02 1.784712225198745728e-01
-1.904789954423904419e-01 3.443436026573181152e-01
1.447891592979431152e-01 -8.774813264608383179e-02
1.108658686280250549e-01 -7.432602345943450928e-02
1.669459939002990723e-01 -1.878278851509094238e-01
8.568096160888671875e-02 2.076243609189987183e-02
-2.261131703853607178e-01 -9.975535795092582703e-03
1.124170571565628052e-01 -2.096635401248931885e-01
1.112543866038322449e-01 -1.010353714227676392e-01
-2.221902161836624146e-01 2.063476890325546265e-01
7.792995870113372803e-02 -5.563866719603538513e-02
7.524330168962478638e-02 -3.222897946834564209e-01
-6.024394650012254715e-03 2.460906803607940674e-01
1.213151291012763977e-01 8.119992166757583618e-02
1.660843342542648315e-01 -2.508407533168792725e-01
-3.079524077475070953e-02 1.597934961318969727e-01
2.377484925091266632e-02 -1.229335321113467216e-03
7.521895319223403931e-02 -2.694689854979515076e-02
2.118630707263946533e-01 -9.119871258735656738e-02
-3.130108490586280823e-02 -1.859277337789535522e-01
-1.146369148045778275e-02 -4.972872138023376465e-02
-1.447685658931732178e-01 1.441995054483413696e-01
1.459202021360397339e-01 -1.426552888005971909e-02
-1.187443658709526062e-01 -9.111005067825317383e-02
1.013658195734024048e-01 -1.618519723415374756e-01
-8.059693500399589539e-03 -1.361738741397857666e-01
-4.516773670911788940e-02 1.790443360805511475e-01
-1.239896118640899658e-01 1.025533974170684814e-01
-7.953200489282608032e-02 -5.175628513097763062e-02
-4.407327622175216675e-02 3.899578750133514404e-02
6.883423775434494019e-02 8.247253485023975372e-03
-4.542769491672515869e-02 -1.374143064022064209e-01
-1.642087548971176147e-01 1.890300363302230835e-01
1.315157115459442139e-01 -9.176386147737503052e-02
9.091665595769882202e-02 -1.297964602708816528e-01
1.167031079530715942e-01 3.334252536296844482e-02
2.453261986374855042e-02 2.740132436156272888e-02
4.300956055521965027e-02 -5.670324340462684631e-02
-7.668469101190567017e-02 -6.023592501878738403e-02
-5.479405168443918228e-03 -2.523653022944927216e-02
-1.280474513769149780e-01 -1.509010884910821915e-02
-2.221192717552185059e-01 1.574507653713226318e-01
1.525116339325904846e-02 -5.996167287230491638e-02
-2.899915277957916260e-01 1.638808250427246094e-01
5.055807903409004211e-02 -2.081838846206665039e-01
-2.416361570358276367e-01 2.095953933894634247e-02
-3.553471341729164124e-02 6.880380958318710327e-02
-1.020834594964981079e-01 1.522057205438613892e-01
1.137008294463157654e-01 -4.304231330752372742e-02
1.262437831610441208e-02 5.382841452956199646e-03
7.713969051837921143e-02 3.297612536698579788e-03
-2.438488751649856567e-01 2.440333813428878784e-01
1.210923958569765091e-02 1.153920069336891174e-01
8.494016528129577637e-02 -6.125054135918617249e-02
2.343680113554000854e-01 -8.742316812276840210e-02
-6.254651397466659546e-02 4.613985121250152588e-02
-2.195373624563217163e-01 5.047469586133956909e-02
1.266248375177383423e-01 -5.318876728415489197e-02
1.679460108280181885e-01 -1.302869915962219238e-01
1.320223212242126465e-01 5.351329967379570007e-02
1.543045938014984131e-01 -6.198833882808685303e-02
1.244201958179473877e-01 5.742106959223747253e-02
7.415177673101425171e-02 -5.684142932295799255e-02
-8.014717698097229004e-02 -8.810131251811981201e-02
6.245692074298858643e-02 -1.757742613554000854e-01
-3.502268344163894653e-02 3.108720779418945312e-01
-1.142291799187660217e-01 3.261770680546760559e-02
1.042812243103981018e-01 -2.379868328571319580e-01
4.783346317708492279e-03 -6.973816454410552979e-02
-2.177724242210388184e-01 1.011088788509368896e-01
3.209242597222328186e-02 6.858823448419570923e-02
8.322791010141372681e-02 -2.243848145008087158e-01
1.178424060344696045e-01 -3.634701073169708252e-01
-2.597793340682983398e-01 2.792139053344726562e-01
1.965276710689067841e-02 -6.355474889278411865e-02
1.343702822923660278e-01 -1.043981909751892090e-01
1.604630500078201294e-01 -1.047739982604980469e-01
-8.128266781568527222e-02 -1.288051456212997437e-01
5.676664784550666809e-02 -2.369759678840637207e-01
-1.635580658912658691e-01 1.938137561082839966e-01
-1.500259991735219955e-02 3.564137220382690430e-02
-8.270669728517532349e-02 1.929471790790557861e-01
6.226234883069992065e-02 -2.407627552747726440e-01
-3.847902268171310425e-02 -1.651148349046707153e-01
1.721707880496978760e-01 -5.556432902812957764e-02
-1.878479570150375366e-01 1.536508649587631226e-01
4.267112351953983307e-03 -1.073431819677352905e-01
-1.907751113176345825e-01 2.868043482303619385e-01
-4.383878782391548157e-02 4.003690555691719055e-03
-1.231136322021484375e-01 -1.854844391345977783e-01
1.273493170738220215e-01 6.165386363863945007e-02
-3.001619577407836914e-01 1.122057661414146423e-01
7.065411657094955444e-02 -1.997168660163879395e-01
-8.324816823005676270e-02 -3.777058562263846397e-03
-9.428375959396362305e-02 9.014274924993515015e-02
1.651482433080673218e-01 -2.322851717472076416e-01
2.202916294336318970e-01 -8.189442008733749390e-02
-5.925835110247135162e-03 4.779916256666183472e-03
1.898441649973392487e-02 -1.434551179409027100e-02
-1.645300984382629395e-01 1.514544785022735596e-01
-2.364955097436904907e-02 -6.715731322765350342e-02
5.867343395948410034e-02 -1.541509479284286499e-01
2.905465103685855865e-02 4.936894029378890991e-02
1.176545396447181702e-01 -7.296095788478851318e-02
-2.451718300580978394e-01 5.330758169293403625e-02
-3.482381254434585571e-02 2.019550055265426636e-01
-1.235285103321075439e-01 3.399269655346870422e-02
8.042348921298980713e-02 -5.730114132165908813e-02
2.034586220979690552e-01 -2.433608025312423706e-01
1.410162746906280518e-01 3.053330443799495697e-02
8.238413184881210327e-02 -1.855652332305908203e-01
-9.481389075517654419e-03 6.481582671403884888e-02
8.663203567266464233e-02 -1.667178124189376831e-01
