-8.093529194593429565e-02 -8.733897656202316284e-02
7.657303661108016968e-02 -7.694757729768753052e-02
8.110699802637100220e-02 6.155415624380111694e-02
-5.716155096888542175e-02 3.979593142867088318e-02
6.368948146700859070e-03 -9.071705490350723267e-02
-1.239063516259193420e-01 4.463426768779754639e-02
2.337522804737091064e-02 -4.837960004806518555e-02
1.022886037826538086e-01 -1.328922510147094727e-01
-1.297872960567474365e-01 2.321829646825790405e-02
2.341489121317863464e-02 -9.190502017736434937e-02
-2.248812932521104813e-03 -1.459700763225555420e-01
-7.807076722383499146e-02 1.167174801230430603e-01
1.212097182869911194e-01 -9.649948030710220337e-02
-2.481026500463485718e-01 3.804289037361741066e-03
1.048074848949909210e-02 4.056218266487121582e-02
-1.362295150756835938e-01 1.734821945428848267e-01
9.040846675634384155e-02 -6.973630934953689575e-02
-1.903749853372573853e-01 -5.506332498043775558e-03
-1.268441826105117798e-01 1.121581122279167175e-01
-2.342354506254196167e-01 3.218837380409240723e-01
-3.115824656561017036e-03 -1.365837752819061279e-01
6.545294076204299927e-02 -2.235675901174545288e-01
5.030955746769905090e-02 -9.267184883356094360e-02
-7.581057399511337280e-02 6.463884562253952026e-02
1.635350584983825684e-01 1.188274472951889038e-01
-2.393718957901000977e-01 4.161509871482849121e-01
1.090309210121631622e-02 -2.162218326702713966e-03
-2.330375835299491882e-02 -1.498321890830993652e-01
1.782886981964111328e-01 -5.818548426032066345e-02
1.619854867458343506e-01 -1.445200294256210327e-01
-1.299566589295864105e-02 4.678627103567123413e-02
2.564824521541595459e-01 2.921513095498085022e-02
-1.581408381462097168e-01 -6.927880644798278809e-02
-1.447247862815856934e-01 -1.039657890796661377e-01
5.058723688125610352e-02 1.102826371788978577e-01
4.942728951573371887e-02 -3.214284032583236694e-02
7.206776738166809082e-02 -2.649406790733337402e-01
1.678978055715560913e-01 -7.650177925825119019e-02
8.237393945455551147e-02 -1.499206870794296265e-01
5.218978598713874817e-02 1.101644486188888550e-01
-1.228719726204872131e-01 -8.415745943784713745e-02
-6.745890527963638306e-02 -7.921690493822097778e-02
1.502858996391296387e-01 -1.671237945556640625e-01
-3.524491190910339355e-02 -3.322796523571014404e-02
-3.609028756618499756e-01 7.935508340597152710e-02
-1.298959404230117798e-01 1.893559247255325317e-01
3.575978800654411316e-02 5.996464565396308899e-02
1.216374561190605164e-01 8.673089742660522461e-02
-1.246021613478660583e-01 3.011099807918071747e-02
2.075952105224132538e-02 6.408622115850448608e-02
-2.181249111890792847e-01 -2.273182570934295654e-02
-3.417750298976898193e-01 1.309749186038970947e-01
-1.621226072311401367e-01 1.654546409845352173e-01
-2.596139535307884216e-02 2.167015671730041504e-01
2.173171639442443848e-01 6.170372944325208664e-03
8.974511176347732544e-02 -1.609768569469451904e-01
-4.742918163537979126e-02 9.463590569794178009e-03
9.578976035118103027e-02 -5.660277605056762695e-02
-2.293475717306137085e-01 2.501724362373352051e-01
-1.131657734513282776e-01 7.290717214345932007e-02
-2.379384636878967285e-01 -5.810054950416088104e-03
-7.771618664264678955e-02 -1.645444631576538086e-01
-1.925496459007263184e-01 2.729979455471038818e-01
-1.876392960548400879e-01 -7.170429825782775879e-02
5.283579975366592407e-02 -7.645922712981700897e-03
-1.914624869823455811e-01 1.487279534339904785e-01
-1.063680425286293030e-01 -1.125005111098289490e-01
-6.963037699460983276e-02 5.357071384787559509e-02
1.634448319673538208e-01 -4.771439731121063232e-02
-1.380557566881179810e-01 1.171427145600318909e-01
3.368102312088012695e-01 -1.754915118217468262e-01
2.978437580168247223e-02 5.512404069304466248e-02
6.132803112268447876e-02 8.337326347827911377e-02
6.314052641391754150e-02 -9.262385964393615723e-02
-1.636683195829391479e-02 5.926180630922317505e-02
-9.600043296813964844e-02 2.092279940843582153e-01
3.130143880844116211e-01 -8.046231418848037720e-02
-2.264752537012100220e-01 1.263949722051620483e-01
1.553086787462234497e-01 -6.588164716958999634e-02
3.456976264715194702e-02 -1.742976903915405273e-01
1.839881390333175659e-01 -1.354763358831405640e-01
-1.917995661497116089e-01 1.819367855787277222e-01
-1.496594995260238647e-01 2.911025583744049072e-01
-2.944236993789672852e-01 2.114927768707275391e-01
-5.877393111586570740e-02 7.463074475526809692e-02
3.520202264189720154e-02 -3.522792458534240723e-02
3.146050032228231430e-03 -1.824520826339721680e-01
-8.471521735191345215e-02 1.849367022514343262e-01
-2.594869136810302734e-01 4.613632857799530029e-01
2.032359987497329712e-01 3.910518810153007507e-02
3.010614514350891113e-01 -1.966611891984939575e-01
4.458779692649841309e-01 -3.779209256172180176e-01
5.456708073616027832e-01 -8.768723607063293457e-01
5.704038739204406738e-01 -5.957710742950439453e-01
2.384895384311676025e-01 -5.048132687807083130e-02
-2.429779767990112305e-01 3.605638742446899414e-01
1.466416567564010620e-02 2.039883285760879517e-02
3.236784785985946655e-02 -3.853885084390640259e-02
-6.591109931468963623e-02 7.082533836364746094e-02
-2.721070125699043274e-02 1.497191376984119415e-02
1.515242643654346466e-02 -1.147706806659698486e-01
4.501951038837432861e-01 -4.564366638660430908e-01
-2.791377007961273193e-01 2.978484630584716797e-01
-3.251553699374198914e-02 2.038348913192749023e-01
-3.133493959903717041e-01 2.259854972362518311e-01
-9.371551871299743652e-02 -1.119165867567062378e-01
3.819146156311035156e-01 -2.870154976844787598e-01
1.171878352761268616e-02 9.084341116249561310e-03
-3.452990949153900146e-01 2.855885326862335205e-01
-4.590162932872772217e-01 3.771031796932220459e-01
-6.089283898472785950e-02 1.830294132232666016e-01
5.430367588996887207e-01 -6.560097932815551758e-01
-2.578882575035095215e-01 4.852088540792465210e-02
2.991074882447719574e-02 2.640019170939922333e-02
-2.142421603202819824e-01 1.504986733198165894e-01
3.143681585788726807e-02 -8.197278529405593872e-02
-4.426572322845458984e-01 3.307426869869232178e-01
-2.746852487325668335e-02 -5.732946470379829407e-02
2.110010385513305664e-02 -1.226995140314102173e-01
3.153529167175292969e-01 -2.505431771278381348e-01
1.240111961960792542e-01 -3.024310804903507233e-02
8.485085517168045044e-02 -1.939239799976348877e-01
-2.301914393901824951e-01 1.231226790696382523e-02
-1.450947076082229614e-01 2.735854089260101318e-01
-8.326919376850128174e-02 3.092196881771087646e-01
-8.331903070211410522e-02 1.380085945129394531e-01
2.222601510584354401e-02 5.830495804548263550e-02
1.364906132221221924e-01 -1.954669654369354248e-01
3.365615606307983398e-01 -3.210821747779846191e-01
3.112148642539978027e-01 -3.840843737125396729e-01
-1.256127953529357910e-01 1.724368333816528320e-01
-8.591316640377044678e-02 1.559512019157409668e-01
8.690450787544250488e-01 -8.208450675010681152e-01
-4.974554181098937988e-01 3.917588293552398682e-01
3.046884536743164062e-01 -4.412122070789337158e-01
3.502542972564697266e-01 -4.461379647254943848e-01
-6.483357399702072144e-02 2.123550511896610260e-02
4.905765354633331299e-01 -3.151603341102600098e-01
2.140650600194931030e-01 -2.093541026115417480e-01
1.322897523641586304e-01 -7.817330211400985718e-02
2.343682013452053070e-02 3.496521711349487305e-02
-1.271834820508956909e-01 4.648597538471221924e-02
9.644886106252670288e-02 -1.284638047218322754e-01
-3.920255899429321289e-01 5.605668425559997559e-01
3.665775656700134277e-01 -4.218823313713073730e-01
-1.993177533149719238e-01 1.557372063398361206e-01
1.386441439390182495e-01 -9.294680505990982056e-02
-8.460675477981567383e-01 7.405349016189575195e-01
3.526812195777893066e-01 -2.688529789447784424e-01
1.385756582021713257e-01 -1.046146452426910400e-01
-1.274965107440948486e-01 1.542248874902725220e-01
-3.711912930011749268e-01 3.891154825687408447e-01
1.690211892127990723e-01 -1.406300365924835205e-01
-6.131544709205627441e-01 6.222977042198181152e-01
2.902275025844573975e-01 -3.547679185867309570e-01
6.264050602912902832e-01 -6.276857852935791016e-01
4.782765507698059082e-01 -5.280987024307250977e-01
1.174735501408576965e-01 -2.725407481193542480e-01
-2.874578833580017090e-01 3.014579713344573975e-01
-4.850000888109207153e-02 -2.096960879862308502e-02
1.815456897020339966e-01 -1.684552282094955444e-01
-1.799169182777404785e-01 9.555531293153762817e-02
-3.904347121715545654e-01 4.248619079589843750e-01
-4.175063371658325195e-01 4.810678362846374512e-01
-1.464217249304056168e-02 -9.843192994594573975e-02
-3.077385723590850830e-01 4.549052715301513672e-01
-1.519111692905426025e-01 2.411483228206634521e-01
6.230405718088150024e-02 -5.264646559953689575e-02
-3.087016940116882324e-01 2.543520629405975342e-01
-8.968562632799148560e-02 2.359968721866607666e-01
3.422840237617492676e-01 -3.858506679534912109e-01
3.871563374996185303e-01 -3.580644726753234863e-01
-7.515768706798553467e-02 1.662874221801757812e-01
-5.130037665367126465e-01 5.913020968437194824e-01
1.936663985252380371e-01 -1.255278140306472778e-01
2.050541937351226807e-01 -1.311125904321670532e-01
-4.340139329433441162e-01 5.000217556953430176e-01
-1.379722505807876587e-01 8.445824682712554932e-02
-1.653457731008529663e-01 3.173695504665374756e-01
-5.826283693313598633e-01 6.898387074470520020e-01
-4.479124248027801514e-01 3.735281825065612793e-01
-1.680382341146469116e-01 2.297540158033370972e-01
3.410390913486480713e-01 -3.109142780303955078e-01
4.519984722137451172e-01 -5.524870753288269043e-01
1.514535844326019287e-01 -1.478884518146514893e-01
5.812156200408935547e-02 -2.440016716718673706e-03
-8.822765350341796875e-01 9.002202153205871582e-01
-1.853907406330108643e-01 3.607519343495368958e-02
1.340934336185455322e-01 4.194863140583038330e-02
4.887017011642456055e-01 -3.405314385890960693e-01
-1.484660338610410690e-02 9.632408618927001953e-03
2.472900897264480591e-01 -1.881542503833770752e-01
2.281571328639984131e-01 -6.049470510333776474e-03
-7.952825725078582764e-02 -1.360663622617721558e-01
-1.638808250427246094e-01 -1.386426985263824463e-01
-2.019605487585067749e-01 1.993047297000885010e-01
2.251615822315216064e-01 -2.730802595615386963e-01
-3.141142129898071289e-01 1.082645356655120850e-01
8.342690020799636841e-02 -1.349679082632064819e-01
1.467147767543792725e-01 -5.661773309111595154e-02
-5.693792924284934998e-02 -4.511202499270439148e-02
-8.417374454438686371e-03 -6.871603429317474365e-02
-1.080756857991218567e-01 -6.493256241083145142e-02
-1.106002777814865112e-01 1.522298995405435562e-02
3.251024484634399414e-01 -1.501100808382034302e-01
-2.949910163879394531e-01 9.366706758737564087e-02
2.130328863859176636e-02 1.562920510768890381e-01
4.282560944557189941e-02 3.154576122760772705e-01
1.274713128805160522e-01 3.562530875205993652e-02
-2.000055313110351562e-01 1.348545700311660767e-01
1.905314624309539795e-02 -7.764901965856552124e-02
-2.052360475063323975e-01 2.788889110088348389e-01
1.539557278156280518e-01 -2.171739190816879272e-02
-6.671765819191932678e-03 -5.794699490070343018e-02
-1.928319968283176422e-02 9.086576104164123535e-02
-1.327396091073751450e-02 -1.292803324759006500e-02
5.070526897907257080e-02 -1.754923723638057709e-02
-5.763540789484977722e-02 2.748594284057617188e-01
-1.094592809677124023e-01 -4.908565804362297058e-02
3.436030447483062744e-01 -2.005153000354766846e-01
3.150520026683807373e-01 -2.641325294971466064e-01
1.350005120038986206e-01 -1.932315379381179810e-01
1.290470361709594727e-01 1.148938685655593872e-01
-4.198726639151573181e-02 2.410843074321746826e-01
9.883302263915538788e-03 1.791190057992935181e-01
-7.559663802385330200e-02 -1.182383373379707336e-01
4.015091061592102051e-02 1.212448701262474060e-01
-5.930317565798759460e-02 -2.500795572996139526e-02
1.362217366695404053e-01 -3.436340019106864929e-02
4.200709238648414612e-02 -5.416845902800559998e-02
-7.128663361072540283e-03 1.025537960231304169e-03
2.735576592385768890e-02 9.003527462482452393e-02
-1.438004076480865479e-01 2.496281117200851440e-01
-6.310927681624889374e-03 -2.649492770433425903e-02
2.024668902158737183e-01 -2.889899313449859619e-01
-2.185547538101673126e-02 -8.727291971445083618e-02
3.217840567231178284e-02 5.712397396564483643e-02
-1.498011797666549683e-01 2.806794047355651855e-01
2.562644891440868378e-02 -1.100646331906318665e-02
1.465176790952682495e-01 -2.467590868473052979e-01
-2.724803388118743896e-01 1.963030546903610229e-01
-9.420409053564071655e-02 -5.811429768800735474e-02
-5.721750110387802124e-02 4.087959229946136475e-02
-1.047111824154853821e-01 2.161706089973449707e-01
5.183914676308631897e-02 8.455577492713928223e-02
1.860448867082595825e-01 1.590659618377685547e-01
1.089831534773111343e-02 -2.781823836266994476e-02
2.406474053859710693e-01 -2.315813601016998291e-01
1.345898956060409546e-01 -2.086447365581989288e-02
-7.967109978199005127e-02 1.392703205347061157e-01
-2.299764752388000488e-01 1.756682842969894409e-01
-2.395962923765182495e-01 -6.905603408813476562e-02
6.856922805309295654e-02 -1.417116224765777588e-01
-7.001103460788726807e-02 -1.481878310441970825e-01
-2.936780825257301331e-02 -8.396827429533004761e-02
8.675789088010787964e-02 -2.390263676643371582e-01
