5.608928576111793518e-02 -9.242214262485504150e-02
-6.627184897661209106e-02 -3.370272228494286537e-03
1.883189827203750610e-01 -1.563512384891510010e-01
1.536720810690894723e-05 -4.152204841375350952e-02
3.865965828299522400e-02 -1.505889277905225754e-02
-2.346516847610473633e-01 -9.289103746414184570e-02
1.193943545222282410e-01 -1.558001488447189331e-01
-1.991075724363327026e-01 5.380516126751899719e-02
5.538443103432655334e-02 -1.473146826028823853e-01
3.466209173202514648e-01 -1.031600236892700195e-01
-1.137476786971092224e-01 1.386883109807968140e-01
2.159764915704727173e-01 -1.966560930013656616e-01
-1.774730980396270752e-01 -1.201356854289770126e-02
-3.606033027172088623e-01 1.484575569629669189e-01
9.602898359298706055e-02 -8.926959708333015442e-03
-1.318648457527160645e-01 1.931995004415512085e-01
-4.608787000179290771e-01 4.448338449001312256e-01
-2.295095920562744141e-01 1.302051395177841187e-01
1.864617317914962769e-01 -6.332851201295852661e-02
-9.055111557245254517e-02 -2.031503617763519287e-02
7.706592231988906860e-02 -2.288898080587387085e-01
5.967024713754653931e-02 8.868067711591720581e-02
2.748461365699768066e-01 -3.528747260570526123e-01
-1.661431342363357544e-01 1.179374307394027710e-01
-2.853028178215026855e-01 3.463962078094482422e-01
1.563265174627304077e-01 -2.103258222341537476e-01
-1.635196655988693237e-01 -9.330549091100692749e-02
1.823372393846511841e-02 -1.106484606862068176e-01
1.502757966518402100e-01 -5.632035806775093079e-02
-2.534487843513488770e-01 2.295074909925460815e-01
7.095868140459060669e-02 -2.076132297515869141e-01
1.765358028933405876e-03 2.007465250790119171e-02
-1.256928034126758575e-02 4.495796188712120056e-02
-1.877103447914123535e-01 1.037543863058090210e-01
-3.823960945010185242e-02 6.664749979972839355e-02
-3.282594084739685059e-01 1.544808149337768555e-01
-8.010627329349517822e-02 2.391970157623291016e-01
-3.810514509677886963e-02 -1.007318869233131409e-01
1.116180568933486938e-01 -8.083247393369674683e-02
-2.239524275064468384e-01 2.656332850456237793e-01
-1.275683194398880005e-01 1.684112846851348877e-01
-4.981355369091033936e-01 3.964045941829681396e-01
1.141784265637397766e-01 -1.212021708488464355e-01
-6.034481525421142578e-02 1.298570781946182251e-01
-8.792019635438919067e-02 -9.312615543603897095e-02
2.402245551347732544e-01 -2.439393550157546997e-01
5.671291053295135498e-02 3.279424086213111877e-02
-5.945633165538311005e-03 -2.342598736286163330e-01
2.780477702617645264e-02 -1.269718706607818604e-01
-1.105144098401069641e-01 3.624144196510314941e-02
1.955480575561523438e-01 -8.661742508411407471e-02
3.167751431465148926e-02 1.041333824396133423e-01
2.930285641923546791e-03 -2.879351377487182617e-02
-3.631778806447982788e-02 2.347257137298583984e-01
1.807469129562377930e-01 -3.440301865339279175e-02
1.839579828083515167e-02 6.065250188112258911e-02
2.550348937511444092e-01 -2.047534137964248657e-01
-2.846240252256393433e-02 -7.940622977912425995e-03
5.689692124724388123e-02 -6.213778629899024963e-02
6.918863952159881592e-02 5.191661044955253601e-02
1.468219012022018433e-01 -2.136655747890472412e-01
3.517590463161468506e-02 -1.968422681093215942e-01
1.561310142278671265e-01 -3.346287831664085388e-02
2.078628540039062500e-01 -1.602585762739181519e-01
2.232994437217712402e-01 -3.141158223152160645e-01
-1.924808919429779053e-01 -2.770632877945899963e-02
-1.812950149178504944e-02 -1.101947724819183350e-01
-5.898004397749900818e-03 -2.815827913582324982e-02
-7.080605626106262207e-02 9.191239252686500549e-03
3.488734364509582520e-01 -3.485249280929565430e-01
5.664095655083656311e-02 4.816603381186723709e-03
-2.823119163513183594e-01 2.561041712760925293e-01
-1.930440813302993774e-01 2.709218561649322510e-01
9.627906605601310730e-03 -7.376772910356521606e-02
1.709065139293670654e-01 -2.388017997145652771e-02
1.237873792648315430e+00 -1.258891463279724121e+00
-3.200897872447967529e-01 3.030610382556915283e-01
-5.441259145736694336e-01 5.618942379951477051e-01
6.103415489196777344e-01 -5.488545298576354980e-01
2.275172919034957886e-01 -8.711043000221252441e-02
-9.530561566352844238e-01 6.645371317863464355e-01
2.988049015402793884e-02 -1.143602132797241211e-01
1.967940628528594971e-01 -3.095172047615051270e-01
-1.699114590883255005e-01 1.495791226625442505e-01
9.837148338556289673e-02 -1.851482540369033813e-01
1.741280257701873779e-01 -2.524061799049377441e-01
-2.939925789833068848e-01 4.097469151020050049e-01
-2.915850877761840820e-01 1.418331414461135864e-01
-3.317821025848388672e-01 1.870265752077102661e-01
8.123262226581573486e-02 -1.306932419538497925e-01
-1.346524059772491455e-01 1.563933044672012329e-01
-3.334815204143524170e-01 2.188261300325393677e-01
4.542296230792999268e-01 -2.499214410781860352e-01
-3.028281331062316895e-01 2.269659787416458130e-01
-6.432629190385341644e-03 1.700692325830459595e-01
1.303498051129281521e-03 -1.623144447803497314e-01
-6.813932210206985474e-03 7.165974820964038372e-04
-6.321006417274475098e-01 6.729365587234497070e-01
-5.757525563240051270e-01 7.114019989967346191e-01
-3.688024878501892090e-01 5.205698609352111816e-01
-2.646380364894866943e-01 2.776916623115539551e-01
4.580017551779747009e-02 -1.363503783941268921e-01
-4.824212566018104553e-02 1.265901178121566772e-01
-1.420423984527587891e-01 -3.006072528660297394e-02
-4.037989377975463867e-01 4.557063281536102295e-01
-1.105411291122436523e+00 8.932350873947143555e-01
5.498883724212646484e-01 -4.573852121829986572e-01
-9.239420890808105469e-01 1.027814507484436035e+00
5.343511700630187988e-01 -4.819970726966857910e-01
2.480763792991638184e-01 -3.358003199100494385e-01
4.299145638942718506e-01 -3.146020174026489258e-01
1.203427165746688843e-01 -2.258836776018142700e-01
-1.651196330785751343e-01 3.077965788543224335e-02
-8.679388165473937988e-01 9.232054948806762695e-01
-8.951376378536224365e-02 -9.996677935123443604e-02
-1.600874215364456177e-01 1.199107319116592407e-01
2.336302697658538818e-01 -2.902311086654663086e-01
4.732732176780700684e-01 -5.868420004844665527e-01
1.247234791517257690e-01 -1.605626940727233887e-01
3.028500974178314209e-01 -2.581955790519714355e-01
7.451048493385314941e-01 -7.738870978355407715e-01
1.860700845718383789e-01 -6.456810981035232544e-02
-7.045105844736099243e-02 1.386657655239105225e-01
-1.811918914318084717e-01 1.377079635858535767e-01
-3.001500070095062256e-01 2.222646474838256836e-01
3.737125396728515625e-01 -4.028223454952239990e-01
-4.253240525722503662e-01 3.060403168201446533e-01
5.826125741004943848e-01 -5.111210346221923828e-01
7.106617093086242676e-02 -3.226277232170104980e-02
4.240849018096923828e-01 -4.469254314899444580e-01
-1.629144698381423950e-01 1.951126009225845337e-01
5.714410915970802307e-02 -8.001974225044250488e-02
-4.675300791859626770e-02 -1.528854817152023315e-01
2.605406343936920166e-01 -3.271372020244598389e-01
1.685822606086730957e-01 -3.198158144950866699e-01
-3.017248213291168213e-01 2.179573327302932739e-01
-1.530781388282775879e-01 1.247646585106849670e-01
2.734084725379943848e-01 -3.884097933769226074e-01
8.175436407327651978e-02 -2.889283560216426849e-02
1.949076503515243530e-01 -1.528962850570678711e-01
-2.300430089235305786e-01 4.521092474460601807e-01
-2.143336087465286255e-02 1.386284083127975464e-01
-2.442175745964050293e-01 3.504650294780731201e-02
-1.908419281244277954e-01 2.931116223335266113e-01
-3.889967799186706543e-01 3.380855619907379150e-01
-4.382557272911071777e-01 3.557372689247131348e-01
1.776604354381561279e-01 -2.957246303558349609e-01
1.421623080968856812e-01 3.829359263181686401e-02
1.822980493307113647e-01 -1.794229745864868164e-01
1.495919078588485718e-01 -1.193492189049720764e-01
-1.531331390142440796e-01 5.820987001061439514e-02
2.368485927581787109e-01 -2.706620991230010986e-01
-3.096063733100891113e-01 2.939013242721557617e-01
2.426810264587402344e-01 -1.807730942964553833e-01
7.307011634111404419e-02 -4.360057413578033447e-02
3.271044194698333740e-01 -2.029353827238082886e-01
-6.415822505950927734e-01 6.263759732246398926e-01
2.062199264764785767e-01 -2.710139565169811249e-02
-4.799889400601387024e-02 6.427773833274841309e-02
1.413115579634904861e-02 5.798035115003585815e-02
-3.550140932202339172e-02 2.220819741487503052e-01
1.389592885971069336e-01 -4.193127620965242386e-03
1.416542083024978638e-01 -1.875783205032348633e-01
-6.194080710411071777e-01 5.028237104415893555e-01
1.172553524374961853e-01 -3.838826119899749756e-01
1.957224160432815552e-01 4.029500484466552734e-02
4.543410614132881165e-03 9.971864521503448486e-02
-3.416850268840789795e-01 3.281257450580596924e-01
9.139084070920944214e-02 -2.249463796615600586e-01
-2.596674263477325439e-01 3.098129332065582275e-01
-2.014113962650299072e-01 1.244885250926017761e-01
-9.028305411338806152e-01 8.071140646934509277e-01
-3.423588275909423828e-01 3.744261860847473145e-01
3.133368194103240967e-01 -3.210051953792572021e-01
-2.324274182319641113e-01 4.126508533954620361e-01
8.564942330121994019e-02 2.238880284130573273e-02
1.785578131675720215e-01 -2.301634699106216431e-01
2.013939321041107178e-01 -3.506195843219757080e-01
2.366544157266616821e-01 -1.806448847055435181e-01
4.813803359866142273e-02 2.407770790159702301e-02
-4.825930669903755188e-02 -2.467284351587295532e-01
5.052151083946228027e-01 -3.177238404750823975e-01
3.175840973854064941e-01 -3.961808979511260986e-01
2.121629118919372559e-01 -2.022264748811721802e-01
2.145169228315353394e-01 -1.913993507623672485e-01
-1.091363355517387390e-01 6.587881594896316528e-02
2.891209125518798828e-01 -4.337320327758789062e-01
-2.863195352256298065e-02 -9.815579652786254883e-02
-2.153419405221939087e-01 3.529325723648071289e-01
-2.728296257555484772e-02 -1.543517112731933594e-01
-3.151818513870239258e-01 3.287855088710784912e-01
5.484668612480163574e-01 -6.600912213325500488e-01
-3.057944029569625854e-02 -9.655681252479553223e-02
1.476429849863052368e-01 -3.766906857490539551e-01
4.790630657225847244e-03 -5.962232127785682678e-02
3.199117183685302734e-01 -3.067781627178192139e-01
1.705597341060638428e-01 -2.550219558179378510e-02
-2.783816158771514893e-01 2.011884301900863647e-01
-1.380185782909393311e-01 2.733225226402282715e-01
-4.010185897350311279e-01 2.609030008316040039e-01
2.520821392536163330e-01 -1.228693276643753052e-01
3.766710311174392700e-02 -2.061418145895004272e-01
1.168787553906440735e-01 -5.956119671463966370e-02
1.438996046781539917e-01 -1.867423951625823975e-01
-4.491217732429504395e-01 6.370393633842468262e-01
-6.553461402654647827e-02 -1.106117144227027893e-01
2.986805699765682220e-02 -1.759433746337890625e-01
7.370626181364059448e-02 7.636643201112747192e-02
-1.309858709573745728e-01 2.967469990253448486e-01
-8.680281229317188263e-03 7.293056696653366089e-02
-2.243128269910812378e-01 5.238961428403854370e-02
1.120245754718780518e-01 -8.429792523384094238e-02
-1.681572049856185913e-01 1.337584704160690308e-01
2.746387422084808350e-01 -2.227429300546646118e-01
-3.165289461612701416e-01 7.393589615821838379e-02
-1.783370375633239746e-01 2.109628766775131226e-01
-2.184959501028060913e-02 8.864988386631011963e-02
8.050411194562911987e-02 -2.714748978614807129e-01
8.380997180938720703e-02 4.412001743912696838e-02
2.712439000606536865e-01 -1.193695217370986938e-01
-7.885874807834625244e-02 1.158896535634994507e-01
-2.139568477869033813e-01 1.588373482227325439e-01
1.673221588134765625e-01 2.890143543481826782e-02
-8.436328172683715820e-02 2.935808002948760986e-01
-5.473839864134788513e-02 -1.726051121950149536e-01
-3.091557882726192474e-02 -6.467480212450027466e-02
1.119268536567687988e-01 1.324456464499235153e-02
-1.361075341701507568e-01 -1.547470837831497192e-01
-3.419845402240753174e-01 3.765871524810791016e-01
-2.938551642000675201e-02 4.567012190818786621e-02
2.499820590019226074e-01 -1.617082804441452026e-01
-1.371643543243408203e-01 1.328634172677993774e-01
-3.526491820812225342e-01 4.086528122425079346e-01
-6.084600463509559631e-02 1.713466644287109375e-01
2.482733577489852905e-01 -2.442403435707092285e-01
3.711184114217758179e-02 -1.864905096590518951e-02
-6.737392395734786987e-02 -1.046484569087624550e-03
2.216184698045253754e-02 3.901414107531309128e-03
2.631331980228424072e-01 -3.098877072334289551e-01
-4.437709972262382507e-02 1.198501959443092346e-01
2.165269292891025543e-02 2.047986090183258057e-01
3.463638722896575928e-01 -6.838302314281463623e-02
9.872830659151077271e-02 -5.865936726331710815e-02
1.538057178258895874e-01 -9.112733602523803711e-02
-6.323641538619995117e-02 -1.424043625593185425e-02
1.645622253417968750e-01 -8.389511704444885254e-02
-4.356053844094276428e-02 -1.774501800537109375e-01
2.512547075748443604e-01 -3.826635777950286865e-01
4.167310521006584167e-02 -8.184538036584854126e-02
2.632573843002319336e-01 -2.070649117231369019e-01
-1.557638794183731079e-01 1.851405948400497437e-01
-2.858172357082366943e-02 1.152381598949432373e-01
-9.413602948188781738e-02 1.204395070672035217e-01
1.243156194686889648e-01 -1.377339661121368408e-01
3.018938004970550537e-02 1.215427368879318237e-01
1.690339297056198120e-02 4.137517139315605164e-02
