8.229918777942657471e-03 -1.511579304933547974e-01
1.413127034902572632e-01 -1.920356750488281250e-01
-2.109180092811584473e-01 1.240257173776626587e-01
-7.681275904178619385e-02 -5.183453485369682312e-02
5.171359702944755554e-02 -7.421036064624786377e-02
-1.822282820940017700e-01 7.362364232540130615e-02
-2.760823369026184082e-01 3.837033361196517944e-02
-5.680319294333457947e-02 8.711882680654525757e-02
1.885145008563995361e-01 -1.793826222419738770e-01
1.971141993999481201e-02 1.356767117977142334e-01
6.727539002895355225e-02 -9.424938261508941650e-02
-5.785736721009016037e-04 -4.393807053565979004e-02
-1.124913245439529419e-02 -1.098983585834503174e-01
-6.720340996980667114e-02 9.383839368820190430e-02
1.342830061912536621e-01 -3.230871632695198059e-02
1.479312628507614136e-01 -1.652930080890655518e-01
7.092030346393585205e-02 -6.996971368789672852e-02
-7.130338344722986221e-03 -6.271972507238388062e-02
-2.337645143270492554e-01 -9.426144510507583618e-02
5.386726185679435730e-02 -1.972461491823196411e-01
7.805749773979187012e-02 -1.374755203723907471e-01
5.394350271672010422e-03 1.949298679828643799e-01
4.438388347625732422e-02 5.860156938433647156e-02
1.049222052097320557e-01 -3.797127306461334229e-02
4.261949658393859863e-02 -6.958165764808654785e-02
2.110833674669265747e-01 3.876357153058052063e-02
-3.378112241625785828e-02 -1.116215214133262634e-01
6.928781419992446899e-02 -1.972532831132411957e-02
1.413982510566711426e-01 -6.923105567693710327e-02
-1.808680444955825806e-01 6.081428751349449158e-02
-2.757697403430938721e-01 2.054294794797897339e-01
2.335288375616073608e-02 4.875465482473373413e-02
-2.122673094272613525e-01 2.730256319046020508e-01
-1.902690678834915161e-01 2.506048977375030518e-01
-9.277553111314773560e-02 6.820552796125411987e-02
1.763441860675811768e-01 -1.629120260477066040e-01
3.028775565326213837e-02 -9.733126312494277954e-02
-4.950012639164924622e-02 1.025680229067802429e-01
9.625290334224700928e-02 -1.369472593069076538e-01
-1.076560318470001221e-01 -1.425827480852603912e-02
-9.200724959373474121e-02 1.213595196604728699e-01
-1.502761989831924438e-01 1.268997322767972946e-02
-1.694203913211822510e-01 2.881574677303433418e-03
-2.108911238610744476e-02 -2.139715999364852905e-01
1.812124252319335938e-01 -1.365751177072525024e-01
4.640250466763973236e-03 -1.187480539083480835e-01
-1.388325691223144531e-01 1.301191896200180054e-01
-2.280318411067128181e-03 1.364468783140182495e-01
-8.769384026527404785e-02 7.100361585617065430e-02
8.803751319646835327e-02 1.987003535032272339e-01
1.169571205973625183e-01 9.642326831817626953e-02
-5.462030880153179169e-03 3.725825622677803040e-02
1.182357780635356903e-03 -1.384290754795074463e-01
-8.602631092071533203e-02 1.481956690549850464e-01
1.694949716329574585e-02 -1.205582171678543091e-01
8.516838401556015015e-02 1.260525584220886230e-01
-7.178083062171936035e-02 1.781013607978820801e-01
-1.498904451727867126e-02 1.894844472408294678e-01
1.197587698698043823e-02 6.707175821065902710e-02
-5.220482125878334045e-02 -8.101243525743484497e-03
7.665570825338363647e-02 -1.331031173467636108e-01
-5.577505007386207581e-02 3.737635165452957153e-02
2.166659943759441376e-02 -6.747563183307647705e-02
-5.999588221311569214e-02 -9.333661198616027832e-02
-4.696063324809074402e-02 6.999094784259796143e-02
1.825107634067535400e-01 -5.621523037552833557e-02
-5.037067830562591553e-02 1.449696570634841919e-01
-1.094815358519554138e-01 6.474062334746122360e-03
1.839268952608108521e-01 -1.111521273851394653e-01
-2.916525006294250488e-01 3.273843228816986084e-01
-1.434282213449478149e-01 1.805344820022583008e-01
3.337969481945037842e-01 -2.029332369565963745e-01
2.468156516551971436e-01 -1.190020218491554260e-01
5.497439205646514893e-02 2.185207605361938477e-01
1.461815088987350464e-01 -4.352059215307235718e-02
1.511664837598800659e-01 -7.535913586616516113e-02
-2.069717049598693848e-01 2.578195929527282715e-01
3.466972708702087402e-01 -2.109037786722183228e-01
3.201594650745391846e-01 -2.186829596757888794e-01
-2.718689441680908203e-01 3.719778656959533691e-01
7.064405828714370728e-02 -1.524042338132858276e-01
6.225739046931266785e-02 -3.171461448073387146e-02
1.496779918670654297e-01 -2.118716947734355927e-02
7.152188569307327271e-02 -2.802483439445495605e-01
2.346522212028503418e-01 -2.352537661790847778e-01
-2.876593172550201416e-01 2.082197964191436768e-01
1.767918169498443604e-01 1.065975055098533630e-02
1.904415786266326904e-01 -1.489110738039016724e-01
-2.264255434274673462e-01 4.621794447302818298e-02
-3.620576113462448120e-02 -9.148026257753372192e-02
-4.536522924900054932e-02 4.600853100419044495e-02
-1.020021587610244751e-01 1.582516729831695557e-01
2.713559865951538086e-01 -2.966849207878112793e-01
6.964807957410812378e-02 -1.623931974172592163e-01
1.995678991079330444e-01 -2.472551614046096802e-01
9.258077293634414673e-02 -5.671355873346328735e-02
-1.466016471385955811e-01 1.130099743604660034e-01
1.336901336908340454e-01 -9.313432872295379639e-02
-2.597844898700714111e-01 2.541564702987670898e-01
2.297572046518325806e-01 -1.487900167703628540e-01
5.608124285936355591e-02 6.443815678358078003e-02
-7.421012036502361298e-03 1.306819021701812744e-01
-2.507977485656738281e-01 3.536540269851684570e-02
-8.778461068868637085e-02 2.150884121656417847e-01
2.444667518138885498e-01 -8.039343357086181641e-02
-2.217935472726821899e-01 1.581890583038330078e-01
-2.723167836666107178e-01 1.646672636270523071e-01
3.056308031082153320e-01 -2.690957784652709961e-01
-3.077744506299495697e-02 4.973891749978065491e-02
-1.706211566925048828e-01 9.160565584897994995e-02
2.402627319097518921e-01 -1.070983856916427612e-01
-1.470191627740859985e-01 2.733273208141326904e-01
2.280341647565364838e-02 -1.685066521167755127e-01
1.290297061204910278e-01 -9.719773381948471069e-02
8.719678223133087158e-02 1.703114360570907593e-01
-1.184005290269851685e-01 1.521893739700317383e-01
8.763508498668670654e-02 1.352148950099945068e-01
-8.741286396980285645e-02 1.621514558792114258e-01
-1.636762171983718872e-01 1.565749496221542358e-01
-5.499781668186187744e-02 1.113201305270195007e-01
-2.338877469301223755e-01 2.892544567584991455e-01
-3.152185082435607910e-01 1.976285278797149658e-01
1.568317562341690063e-01 -1.732897311449050903e-01
8.425146341323852539e-02 -9.630558639764785767e-02
2.169129997491836548e-01 -9.463571757078170776e-02
7.445310056209564209e-02 -1.156540811061859131e-01
-1.828381121158599854e-01 3.609399870038032532e-02
-9.175897389650344849e-02 7.537481188774108887e-02
1.543483138084411621e-01 -1.240658834576606750e-01
3.560533523559570312e-01 -1.928263157606124878e-01
1.514925993978977203e-02 -1.634354293346405029e-01
1.789606809616088867e-01 -2.118220329284667969e-01
1.282173246145248413e-01 -2.354781478643417358e-01
3.348538875579833984e-01 -5.802751705050468445e-02
6.269159913063049316e-02 -1.932277083396911621e-01
-1.404699087142944336e-01 5.257094278931617737e-02
-1.331407576799392700e-01 1.604887247085571289e-01
1.166651323437690735e-01 -1.493462771177291870e-01
-3.002339303493499756e-01 3.601661622524261475e-01
2.282590270042419434e-01 -2.062315642833709717e-01
-2.449349313974380493e-01 2.686896622180938721e-01
-1.460083425045013428e-01 1.794332265853881836e-02
-2.293615490198135376e-01 2.352077066898345947e-01
1.147371456027030945e-01 -7.713671773672103882e-02
1.248667463660240173e-01 5.827708914875984192e-02
-1.672389507293701172e-01 1.644150614738464355e-01
1.559425443410873413e-01 3.911228105425834656e-02
-1.930461525917053223e-01 2.860600352287292480e-01
1.504953652620315552e-01 -1.736795008182525635e-01
5.070911347866058350e-02 -2.146194502711296082e-02
-1.142279710620641708e-02 2.461658418178558350e-02
1.104127466678619385e-01 -1.803449839353561401e-01
-1.090203225612640381e-01 9.346560388803482056e-02
-2.441089600324630737e-01 -3.117444366216659546e-02
-2.657448947429656982e-01 1.348930597305297852e-01
2.045628577470779419e-01 -7.606718689203262329e-02
-1.111907884478569031e-01 7.911108434200286865e-02
1.511555165052413940e-01 -1.649551689624786377e-01
1.487553417682647705e-01 -1.997554153203964233e-01
2.625704975798726082e-03 -1.331484913825988770e-01
8.957274258136749268e-05 -1.864521652460098267e-01
-1.989242285490036011e-01 3.004967570304870605e-01
1.760455816984176636e-01 -5.045995488762855530e-02
-1.483272761106491089e-01 -4.505570977926254272e-02
1.015176326036453247e-01 -9.950596839189529419e-02
1.241891384124755859e-01 -4.500884562730789185e-02
-9.713058918714523315e-02 1.143532469868659973e-01
3.024018406867980957e-01 -6.842364370822906494e-02
-3.093723207712173462e-02 -6.394862663000822067e-03
-1.337364763021469116e-01 2.290820330381393433e-01
-2.641934156417846680e-01 1.735392063856124878e-01
-2.339748740196228027e-01 -2.510191174224019051e-03
5.058559030294418335e-02 9.933624416589736938e-02
1.312276422977447510e-01 -2.102877348661422729e-01
-1.412394642829895020e-01 1.557908058166503906e-01
1.433209031820297241e-01 -5.234010890126228333e-02
7.421724498271942139e-02 -2.769631743431091309e-01
-1.303838789463043213e-01 6.516210734844207764e-02
-2.500179409980773926e-01 1.880481988191604614e-01
2.642559111118316650e-01 -2.353838831186294556e-01
-3.009482473134994507e-02 1.346314698457717896e-01
-1.900999695062637329e-01 1.052219495177268982e-01
7.466208934783935547e-02 1.404199898242950439e-01
5.035523697733879089e-02 -1.292567420750856400e-02
9.955853223800659180e-02 -2.623586356639862061e-01
1.971742808818817139e-01 -1.909475475549697876e-01
-2.358077093958854675e-02 -1.387827396392822266e-01
-2.223307490348815918e-01 2.073014825582504272e-01
-2.831933498382568359e-01 2.050068974494934082e-01
1.166645251214504242e-02 -4.071401432156562805e-02
-1.956003308296203613e-01 3.459108769893646240e-01
2.959008812904357910e-01 -3.790774047374725342e-01
-1.416757702827453613e-01 2.008033357560634613e-02
-1.140214279294013977e-01 4.045608267188072205e-02
-1.994452178478240967e-01 -3.937952220439910889e-02
2.508837282657623291e-01 -2.850980758666992188e-01
1.480542421340942383e-01 -5.723828822374343872e-02
-4.785135760903358459e-02 -1.007720455527305603e-01
-3.179372102022171021e-02 1.672536581754684448e-01
1.589778661727905273e-01 -2.200909703969955444e-01
1.464914083480834961e-01 -5.241966620087623596e-02
-2.590429782867431641e-01 6.974802911281585693e-02
-2.635330334305763245e-02 1.121471226215362549e-01
-1.697770655155181885e-01 1.472672671079635620e-01
-1.060688123106956482e-01 5.331178754568099976e-02
1.321430802345275879e-01 -4.484791308641433716e-02
-1.105237901210784912e-01 -4.657407756894826889e-03
-1.822345517575740814e-02 -8.485706895589828491e-02
-4.605318233370780945e-02 2.426807582378387451e-01
-1.862906292080879211e-02 3.381375223398208618e-02
2.687785923480987549e-01 -1.514978427439928055e-02
1.880252733826637268e-02 2.775712683796882629e-02
-9.923289716243743896e-02 9.499949216842651367e-02
-2.833637297153472900e-01 1.202760040760040283e-01
-1.353645175695419312e-01 1.182667165994644165e-01
5.235206335783004761e-02 1.127236783504486084e-01
7.913690060377120972e-02 -8.417135477066040039e-02
-2.795065343379974365e-01 2.392606884241104126e-01
-1.399695128202438354e-01 -6.924774497747421265e-02
-6.979487836360931396e-02 -3.446330130100250244e-02
1.137931197881698608e-01 8.463301509618759155e-02
-5.337579548358917236e-02 -1.515170484781265259e-01
-1.293322741985321045e-01 5.020587146282196045e-02
3.742748871445655823e-02 -2.553394734859466553e-01
-3.854834660887718201e-02 6.781597039662301540e-04
-1.495008617639541626e-01 2.587717771530151367e-01
-3.321041166782379150e-02 -2.048231512308120728e-01
-8.789128065109252930e-02 3.119498305022716522e-02
-1.868575215339660645e-01 4.749500006437301636e-02
1.070155352354049683e-01 -1.864293515682220459e-01
8.144269883632659912e-02 3.704768046736717224e-02
-1.839174330234527588e-01 1.430504024028778076e-01
-7.471916079521179199e-02 -2.227418720722198486e-01
-1.232748255133628845e-01 1.671722531318664551e-01
-9.180268645286560059e-02 -1.046526897698640823e-02
4.759145528078079224e-02 -1.143311988562345505e-02
-1.161039471626281738e-01 1.484598070383071899e-01
-1.909215748310089111e-01 2.017110884189605713e-01
1.160288006067276001e-01 1.373970508575439453e-02
-7.267308235168457031e-02 1.085083559155464172e-01
8.475820720195770264e-02 -1.466254442930221558e-01
-7.123315334320068359e-02 2.940505370497703552e-02
-6.654904037714004517e-02 -1.093445867300033569e-01
2.254466414451599121e-01 -3.615421056747436523e-02
-1.301552951335906982e-01 8.240929991006851196e-02
-9.962427616119384766e-02 2.797644585371017456e-02
2.344102412462234497e-01 -2.540806233882904053e-01
1.282678246498107910e-01 6.651622802019119263e-02
1.123972088098526001e-01 -2.435967028141021729e-01
-1.784862875938415527e-01 -1.375059336423873901e-01
-6.214319728314876556e-04 -1.185168921947479248e-01
-1.692077219486236572e-01 1.999003738164901733e-01
7.416625320911407471e-02 6.143731623888015747e-02
1.441828310489654541e-01 -1.172324791550636292e-01
-1.925860643386840820e-01 1.251736134290695190e-01
9.825173765420913696e-02 -2.653627097606658936e-01
