3.828400373458862305e-02 -4.150876775383949280e-02
-1.244164332747459412e-01 1.035685017704963684e-01
-1.822336204349994659e-02 9.564226865768432617e-02
-1.166988238692283630e-01 -5.214084312319755554e-02
-6.467625498771667480e-02 8.542326837778091431e-02
9.472487121820449829e-02 -1.338926851749420166e-01
6.430887430906295776e-02 -1.528915464878082275e-01
1.312673389911651611e-01 -2.318016253411769867e-02
1.483833193778991699e-01 -1.951046288013458252e-01
6.722356658428907394e-03 -2.163908258080482483e-02
-1.229331120848655701e-01 1.558789908885955811e-01
2.414948344230651855e-01 -1.490854322910308838e-01
-1.006986275315284729e-01 9.877885133028030396e-02
-6.688613444566726685e-02 7.521678507328033447e-02
8.128875494003295898e-02 -1.213813796639442444e-01
1.114426553249359131e-01 -5.349592119455337524e-02
3.510940354317426682e-03 -1.423604041337966919e-01
2.135793119668960571e-01 -1.748762130737304688e-01
-8.760953787714242935e-04 1.222605258226394653e-01
6.207648292183876038e-02 -2.007332891225814819e-01
-1.422539353370666504e-01 4.710127785801887512e-02
7.654228061437606812e-02 2.688745409250259399e-02
5.685737356543540955e-02 -2.190529108047485352e-01
-4.545802250504493713e-02 -6.404487788677215576e-02
-9.415064007043838501e-02 -8.257797360420227051e-02
1.410400271415710449e-01 2.940110117197036743e-02
-3.040160536766052246e-01 1.332026124000549316e-01
9.400742128491401672e-03 1.362480968236923218e-01
-1.826502531766891479e-01 -6.019859388470649719e-02
1.091829389333724976e-01 1.029488816857337952e-01
8.377629332244396210e-03 5.889100208878517151e-02
-2.575717680156230927e-02 1.211079731583595276e-01
-5.156731698662042618e-03 -3.263268992304801941e-02
-3.102156147360801697e-02 -1.383108198642730713e-01
-1.090223863720893860e-01 8.868563175201416016e-02
4.394792020320892334e-02 -3.742058202624320984e-02
1.577370762825012207e-01 -2.720136344432830811e-01
2.826606482267379761e-02 7.440305501222610474e-02
-1.268504559993743896e-01 1.841574907302856445e-01
2.021191865205764771e-01 -1.619850099086761475e-01
-1.674198806285858154e-01 2.991062104701995850e-01
-8.032517135143280029e-02 2.110694721341133118e-02
8.822342008352279663e-02 -6.713909655809402466e-02
4.814166203141212463e-02 1.675345450639724731e-01
3.035468235611915588e-02 1.156706064939498901e-01
3.622121736407279968e-02 2.487697266042232513e-02
-5.775244906544685364e-03 1.039603874087333679e-01
7.137708365917205811e-02 -1.142616420984268188e-01
-5.078522022813558578e-03 8.372727781534194946e-02
1.852626353502273560e-02 1.027910858392715454e-01
-1.224253252148628235e-01 2.527316212654113770e-01
-3.737610951066017151e-02 -9.488158673048019409e-02
9.693121537566184998e-03 -1.711684046313166618e-03
8.377425372600555420e-03 -2.074017971754074097e-01
6.106728315353393555e-02 -5.799209326505661011e-02
7.245052605867385864e-02 -5.453598871827125549e-02
-1.739617437124252319e-01 3.512345254421234131e-02
-1.286624819040298462e-01 9.468219429254531860e-02
1.037274152040481567e-01 -1.381472647190093994e-01
-7.189561426639556885e-02 -5.494692921638488770e-02
2.861710079014301300e-02 -7.284525781869888306e-03
1.164383664727210999e-01 -1.959014385938644409e-01
6.338654551655054092e-03 -6.498935818672180176e-02
4.239480197429656982e-02 -2.125243246555328369e-01
1.499370485544204712e-01 -1.930097341537475586e-01
-6.442572176456451416e-02 1.777905821800231934e-01
-1.442144066095352173e-01 1.062693148851394653e-01
8.755780756473541260e-02 -1.221443265676498413e-01
-3.010281920433044434e-01 3.536059260368347168e-01
2.498503774404525757e-01 -1.019483581185340881e-01
1.443011015653610229e-01 -1.433641165494918823e-01
6.486906856298446655e-02 -2.184321880340576172e-01
1.250704824924468994e-01 -2.059513628482818604e-01
-2.698624730110168457e-01 2.081575393676757812e-01
1.254764348268508911e-01 -3.311665263026952744e-03
5.866839364171028137e-02 -9.066462516784667969e-03
-2.148181572556495667e-02 -1.017424613237380981e-01
8.722031861543655396e-02 -1.229984834790229797e-01
1.971227377653121948e-01 -2.573432922363281250e-01
-2.273483574390411377e-01 2.633655965328216553e-01
1.125751063227653503e-01 -1.138330921530723572e-01
2.294133901596069336e-01 -1.030180677771568298e-01
-1.393731869757175446e-02 2.357788532972335815e-01
1.408448815345764160e-01 -1.423096209764480591e-01
1.700412929058074951e-01 -3.128578364849090576e-01
-9.705218486487865448e-03 1.303140912204980850e-02
-1.832905560731887817e-01 -2.541985549032688141e-02
1.430992186069488525e-01 -4.819213971495628357e-02
1.855748891830444336e-01 -1.096228733658790588e-01
5.089689791202545166e-02 -2.186426967382431030e-01
-1.216912548989057541e-02 -1.784656643867492676e-01
1.150974184274673462e-01 -4.963886737823486328e-02
-3.396687656641006470e-02 -1.400639116764068604e-01
6.911206245422363281e-02 1.086780875921249390e-01
-1.960103213787078857e-02 -2.141381055116653442e-01
-1.025063842535018921e-01 2.178065031766891479e-01
1.996198147535324097e-01 -1.250853296369314194e-02
1.642868965864181519e-01 -7.811892777681350708e-02
-1.400123983621597290e-01 -8.753688074648380280e-03
5.339522659778594971e-02 -1.343700438737869263e-01
2.849298119544982910e-01 -1.863792836666107178e-01
-9.593129158020019531e-02 6.593103706836700439e-02
-3.774605318903923035e-02 4.300972446799278259e-02
2.840538918972015381e-01 -1.227306649088859558e-01
8.014207705855369568e-03 -3.205232694745063782e-02
-7.059700787067413330e-02 2.128807455301284790e-01
-2.068187895929440856e-04 -1.389953345060348511e-01
-1.171373724937438965e-01 4.729237779974937439e-02
-7.106072455644607544e-02 1.057794913649559021e-01
3.126657754182815552e-02 -9.612046927213668823e-02
-1.220005378127098083e-01 1.681754440069198608e-01
-1.119009405374526978e-01 1.377245932817459106e-01
-2.588514685630798340e-01 1.844744831323623657e-01
1.382989883422851562e-01 -1.220480948686599731e-01
7.196677476167678833e-02 -1.010689735412597656e-01
-5.831776186823844910e-02 1.892171353101730347e-01
5.886285752058029175e-02 -2.509671747684478760e-01
-1.594391884282231331e-03 1.899651288986206055e-01
5.343418940901756287e-02 5.848072841763496399e-02
-2.963993325829505920e-02 4.430218040943145752e-02
-1.590712070465087891e-01 3.189037740230560303e-01
-2.871580421924591064e-01 2.521354258060455322e-01
1.788469105958938599e-01 -6.736738234758377075e-02
5.710730329155921936e-02 3.792521357536315918e-02
-5.536757037043571472e-02 1.280754804611206055e-01
6.194398924708366394e-02 -1.116575300693511963e-02
9.687531739473342896e-02 -1.164526790380477905e-01
2.460034936666488647e-01 -3.129478693008422852e-01
8.868812024593353271e-02 -8.234282582998275757e-02
5.093866959214210510e-02 2.042025886476039886e-02
-1.640297770500183105e-01 6.032057479023933411e-02
-5.678574088960886002e-03 1.478103548288345337e-01
-1.129594147205352783e-01 1.881148368120193481e-01
-2.696260577067732811e-03 -2.092530727386474609e-01
1.665238291025161743e-01 -2.157285511493682861e-01
-1.735015064477920532e-01 1.744164675474166870e-01
-2.746598236262798309e-02 1.755422204732894897e-01
1.293268948793411255e-01 -3.246253132820129395e-01
-6.377639621496200562e-02 -2.536500804126262665e-02
1.198470890522003174e-01 -3.110033087432384491e-02
3.641414269804954529e-02 2.611669898033142090e-02
6.147746741771697998e-02 3.106041625142097473e-02
-1.715629398822784424e-01 3.163487464189529419e-02
1.958236657083034515e-02 -1.026224419474601746e-01
4.442821443080902100e-02 1.124823391437530518e-01
1.502014137804508209e-02 -7.812911272048950195e-02
-6.423482298851013184e-02 1.306336224079132080e-01
-2.866505682468414307e-01 1.582324057817459106e-01
1.585838049650192261e-01 -9.838769584894180298e-02
3.447814658284187317e-02 -7.400231808423995972e-02
-2.108623236417770386e-01 1.891161054372787476e-01
1.287701725959777832e-01 -1.991754621267318726e-01
-1.917553246021270752e-01 -1.549105197191238403e-01
2.360086292028427124e-01 -1.664502322673797607e-01
4.753222316503524780e-02 2.973384261131286621e-01
-7.354387640953063965e-02 2.035219967365264893e-02
-1.194072738289833069e-01 1.999771595001220703e-01
2.584541440010070801e-01 -2.478366494178771973e-01
1.431868821382522583e-01 -1.776188164949417114e-01
-1.422987431287765503e-01 2.867029011249542236e-01
-1.281205713748931885e-01 1.791459918022155762e-01
1.967313736677169800e-01 -3.610956072807312012e-01
-9.189835190773010254e-02 -2.519158087670803070e-02
-1.520531177520751953e-01 1.406139582395553589e-01
1.844303309917449951e-01 -1.279207915067672729e-01
2.021311968564987183e-01 -1.574214845895767212e-01
8.280082792043685913e-02 -1.662615090608596802e-01
-1.110297515988349915e-01 1.234146729111671448e-01
-2.946313321590423584e-01 8.158174157142639160e-02
-1.712772697210311890e-01 2.379765659570693970e-01
1.430387943983078003e-01 -9.206751734018325806e-02
-3.431778848171234131e-01 1.722045689821243286e-01
-6.843798607587814331e-02 -7.425462454557418823e-02
-2.177226543426513672e-01 1.213360279798507690e-01
-8.965912461280822754e-02 2.196500077843666077e-02
3.019379079341888428e-01 6.212413311004638672e-03
9.550227224826812744e-02 7.263054698705673218e-02
-2.306210845708847046e-01 1.660449951887130737e-01
1.242204755544662476e-01 -1.311816424131393433e-01
2.312169224023818970e-01 -1.969769001007080078e-01
1.340759545564651489e-01 6.227084994316101074e-02
-1.065319031476974487e-01 1.355073004961013794e-01
2.022022753953933716e-01 -2.049762904644012451e-01
-1.483191251754760742e-01 -8.798389136791229248e-02
-5.927527323365211487e-02 -1.070893555879592896e-01
-7.238048315048217773e-02 3.623382654041051865e-03
2.836497724056243896e-01 -8.590696752071380615e-02
-3.586882725358009338e-02 2.504502609372138977e-02
-9.595678001642227173e-02 2.720637917518615723e-01
1.365018934011459351e-01 1.161142624914646149e-02
-2.582159936428070068e-01 1.169435679912567139e-01
-5.782615393400192261e-03 1.055049747228622437e-01
2.877596125472337008e-04 -9.304345399141311646e-02
-1.323486268520355225e-01 3.728315234184265137e-02
4.997118934988975525e-02 -1.339600384235382080e-01
-3.054353781044483185e-02 5.087419226765632629e-02
1.799766421318054199e-01 -1.105672046542167664e-01
-1.435291022062301636e-01 2.261953242123126984e-02
2.318044006824493408e-01 -5.696022510528564453e-02
-9.149949252605438232e-02 2.634610831737518311e-01
1.242830827832221985e-01 -1.589338183403015137e-01
5.176008865237236023e-02 1.077246889472007751e-01
2.007569670677185059e-01 -4.293903708457946777e-02
1.035151109099388123e-01 -2.818560414016246796e-02
-1.227664873003959656e-01 -1.273318380117416382e-01
2.696857973933219910e-02 2.745132744312286377e-01
-2.859154939651489258e-01 1.160762682557106018e-01
4.583474621176719666e-02 -1.962380409240722656e-01
-6.787930428981781006e-02 6.174206500872969627e-04
-9.645975381135940552e-02 1.530065014958381653e-02
-1.261096000671386719e-01 2.591096982359886169e-02
-2.295277118682861328e-01 -6.472802907228469849e-02
-6.125019118189811707e-02 -4.948695003986358643e-02
-2.415165007114410400e-01 2.205256968736648560e-01
-1.374506354331970215e-01 1.327602863311767578e-01
-8.750223368406295776e-02 5.221067741513252258e-02
-1.474277824163436890e-01 1.317878365516662598e-01
-1.102145388722419739e-01 1.759658753871917725e-01
-9.465877711772918701e-02 1.015270277857780457e-01
-1.716521382331848145e-01 1.427639573812484741e-01
1.866564154624938965e-01 -2.062949538230895996e-02
-4.192883521318435669e-02 9.601383656263351440e-02
2.233027666807174683e-02 5.954170227050781250e-02
-5.557917430996894836e-02 1.967756748199462891e-01
-1.787536591291427612e-01 -2.707160264253616333e-02
7.267742604017257690e-02 -1.984088271856307983e-01
-6.530485302209854126e-02 5.732817947864532471e-02
-9.669903665781021118e-03 5.152843520045280457e-02
1.078077359125018120e-03 -2.070112377405166626e-01
-1.824334077537059784e-02 1.925842463970184326e-02
4.487310722470283508e-02 1.183892041444778442e-01
5.677268281579017639e-02 6.858121603727340698e-02
-2.128270268440246582e-01 3.813340142369270325e-02
-2.069147229194641113e-01 8.189897984266281128e-02
1.572061628103256226e-01 -7.309540174901485443e-03
-1.776423603296279907e-01 -4.109381232410669327e-03
-7.229278981685638428e-02 3.210776252672076225e-03
1.372402906417846680e-01 -4.160956293344497681e-02
4.031552746891975403e-02 8.020747452974319458e-03
2.667760476469993591e-03 1.599218249320983887e-01
-2.238578908145427704e-02 -3.789092227816581726e-02
2.755075693130493164e-02 -9.590005129575729370e-02
-7.703091949224472046e-02 -1.019884049892425537e-01
1.234941035509109497e-01 -1.841394454240798950e-01
-1.785508990287780762e-01 -2.623960934579372406e-02
1.945272833108901978e-02 -1.853220909833908081e-02
6.605538725852966309e-02 7.877223193645477295e-02
4.713166505098342896e-02 -2.152688950300216675e-01
1.866659969091415405e-01 7.187783718109130859e-02
9.182989597320556641e-02 -1.869360655546188354e-01
2.600904554128646851e-02 -3.638378158211708069e-02
-1.699908971786499023e-01 -3.470278158783912659e-02
1.545206736773252487e-02 8.365528658032417297e-03
9.149242937564849854e-02 8.516146242618560791e-02
4.909251257777214050e-02 -7.723961770534515381e-02
1.853714883327484131e-01 -1.225847303867340088e-01
