8.266185224056243896e-02 -2.190267741680145264e-01
-4.359649494290351868e-02 2.059384733438491821e-01
-2.173241674900054932e-01 2.306291610002517700e-01
5.031789466738700867e-02 -1.428692489862442017e-01
-1.572035402059555054e-01 5.342474207282066345e-02
2.214333117008209229e-01 -3.437536954879760742e-02
1.949214786291122437e-01 -1.868261545896530151e-01
-4.809407144784927368e-02 -8.020697534084320068e-02
2.897097170352935791e-01 -1.863040477037429810e-01
-9.775216132402420044e-02 -1.218901500105857849e-01
-1.374874114990234375e-01 1.820575296878814697e-01
1.004906147718429565e-01 -9.493863582611083984e-02
2.422911673784255981e-02 -5.795683339238166809e-02
-1.007701307535171509e-01 7.587108016014099121e-02
-2.244290336966514587e-02 1.644674837589263916e-01
4.229871183633804321e-02 2.347044795751571655e-01
-5.518050491809844971e-02 2.624896354973316193e-02
-2.147606462240219116e-01 1.276109367609024048e-01
1.731544137001037598e-01 -1.769851446151733398e-01
6.821287423372268677e-02 -1.124162524938583374e-01
-1.931865513324737549e-02 1.502865273505449295e-02
2.313779294490814209e-02 -1.207710579037666321e-01
8.735404908657073975e-02 -2.318777889013290405e-01
-8.469382673501968384e-02 1.731839776039123535e-01
-3.846333175897598267e-02 8.594426512718200684e-02
-4.337861016392707825e-02 9.197731502354145050e-03
-1.580252498388290405e-01 1.373547166585922241e-01
2.426904290914535522e-01 -2.209209054708480835e-01
-2.286189198493957520e-01 4.502389580011367798e-02
-1.487243827432394028e-02 2.525167353451251984e-02
9.906215220689773560e-02 -1.002403721213340759e-01
1.835805773735046387e-01 -3.428690880537033081e-02
1.512340158224105835e-01 -1.264051999896764755e-02
9.903895668685436249e-03 7.368770241737365723e-02
2.450360916554927826e-02 1.825529038906097412e-01
5.427388846874237061e-02 -8.996013551950454712e-02
3.964265435934066772e-02 2.298631519079208374e-02
-4.440215975046157837e-02 -1.198117211461067200e-01
1.435823440551757812e-01 -6.479376554489135742e-02
-2.233339548110961914e-01 1.219421178102493286e-01
4.650121927261352539e-02 1.598379015922546387e-01
-1.207601279020309448e-01 2.744581103324890137e-01
1.323250979185104370e-01 -1.849143505096435547e-01
1.938117146492004395e-01 1.530717033892869949e-02
-1.639325022697448730e-01 -4.436586424708366394e-02
-1.969289183616638184e-01 3.710699081420898438e-02
2.265444099903106689e-01 -9.278429299592971802e-02
1.349513679742813110e-01 -1.637185811996459961e-01
1.078980043530464172e-02 -1.229366064071655273e-01
9.577719122171401978e-02 1.198691725730895996e-01
-2.138447910547256470e-01 -1.444446295499801636e-02
2.658434510231018066e-01 -5.922216922044754028e-02
7.018892467021942139e-02 -1.575302928686141968e-01
-3.425275534391403198e-02 2.528611570596694946e-02
-2.445375081151723862e-03 -2.272937744855880737e-01
-1.632984876632690430e-01 1.052353531122207642e-01
9.289897978305816650e-02 -1.646343767642974854e-01
-2.665905840694904327e-02 -1.126325353980064392e-01
5.185876414179801941e-02 2.026906460523605347e-01
-4.983270540833473206e-02 2.411834448575973511e-01
1.972728222608566284e-01 -9.513546829111874104e-04
5.724935978651046753e-02 -2.063400596380233765e-01
1.763110905885696411e-01 -1.245014071464538574e-01
-2.352311909198760986e-01 1.877775639295578003e-01
1.544580161571502686e-01 -2.831919491291046143e-02
-1.601684987545013428e-01 1.222579553723335266e-01
1.406582742929458618e-01 -7.789929956197738647e-02
4.147589579224586487e-02 1.507181972265243530e-01
-1.003278866410255432e-01 2.263590544462203979e-01
9.007013589143753052e-02 -1.307864189147949219e-01
-1.240812316536903381e-01 6.030121818184852600e-02
-4.086815286427736282e-03 -1.453534699976444244e-02
-1.417664885520935059e-01 1.622898131608963013e-01
-1.917305588722229004e-01 2.725910842418670654e-01
-9.092833846807479858e-02 -1.336224377155303955e-02
-8.754374086856842041e-02 1.015404760837554932e-01
-1.957829743623733521e-01 8.384112268686294556e-02
-1.184980198740959167e-01 -3.141736984252929688e-02
3.115581572055816650e-01 -5.804162845015525818e-02
-2.000427991151809692e-01 2.566613554954528809e-01
-1.236291900277137756e-01 2.711791396141052246e-01
1.406949758529663086e-01 -7.108501344919204712e-02
3.009037487208843231e-02 -5.434546153992414474e-03
-1.284195780754089355e-01 6.933502852916717529e-02
-4.184912145137786865e-02 -3.297093883156776428e-02
-1.166755706071853638e-01 -7.317685987800359726e-03
1.142902597784996033e-01 -2.280749827623367310e-01
1.306937783956527710e-01 -2.915998101234436035e-01
-2.005053758621215820e-01 1.832395792007446289e-01
2.383549511432647705e-01 -5.228238552808761597e-02
-1.059937402606010437e-01 2.112918347120285034e-01
-4.575590044260025024e-02 -7.463874667882919312e-02
-1.897871196269989014e-01 5.422582849860191345e-02
1.028369143605232239e-01 -8.729681372642517090e-02
-2.622743248939514160e-01 6.430216878652572632e-02
-2.586813271045684814e-01 1.252199411392211914e-01
-1.119419485330581665e-01 2.540623545646667480e-01
-7.157301157712936401e-02 1.773408204317092896e-01
1.145588532090187073e-01 -9.837584197521209717e-02
1.799679696559906006e-01 -2.186217010021209717e-01
-2.683828175067901611e-01 -1.875582709908485413e-02
1.363335251808166504e-01 -1.634402126073837280e-01
-9.587866067886352539e-02 8.072694391012191772e-02
-1.645163893699645996e-01 2.894940376281738281e-01
-1.934753507375717163e-01 5.817240476608276367e-02
-6.784407794475555420e-02 1.713542789220809937e-01
3.045940399169921875e-01 -3.566661775112152100e-01
1.563186198472976685e-01 -1.694820970296859741e-01
1.708641052246093750e-01 -2.083451449871063232e-01
-1.099564433097839355e-01 2.065087407827377319e-01
2.108498215675354004e-01 -1.432400429621338844e-03
-8.733863383531570435e-02 1.547782570123672485e-01
5.373878031969070435e-02 1.175546273589134216e-01
1.223537176847457886e-01 -2.360067702829837799e-02
2.038781940937042236e-01 -2.101160772144794464e-02
1.123234033584594727e-01 -1.832864433526992798e-01
2.541314661502838135e-01 -1.102025732398033142e-01
1.619926542043685913e-01 -3.285317122936248779e-02
-1.283024996519088745e-01 9.039356559514999390e-02
-1.948011815547943115e-01 2.176820486783981323e-01
4.352288320660591125e-02 -1.862860620021820068e-01
-1.730877012014389038e-01 1.815878897905349731e-01
7.442003488540649414e-02 -4.289580881595611572e-02
1.980878561735153198e-01 -1.305531263351440430e-01
2.445670068264007568e-01 -1.904520578682422638e-02
1.261652354151010513e-02 -2.599353715777397156e-02
1.294760704040527344e-01 3.851305693387985229e-02
3.278194740414619446e-02 -2.096438407897949219e-02
2.157998383045196533e-01 -3.206586698070168495e-03
1.348162293434143066e-01 7.384116202592849731e-02
1.127745881676673889e-01 -4.777737706899642944e-02
1.301535125821828842e-02 -2.644929476082324982e-02
-1.252162754535675049e-01 -2.986819297075271606e-02
6.383413821458816528e-02 -9.672229737043380737e-02
9.559249877929687500e-02 1.725969836115837097e-02
7.592490315437316895e-02 -1.704752594232559204e-01
1.172030121088027954e-01 -4.089356213808059692e-02
-1.342703402042388916e-01 3.073069751262664795e-01
1.976067945361137390e-02 -1.194434762001037598e-01
1.619605422019958496e-01 8.047463744878768921e-02
9.686692059040069580e-02 -1.201508790254592896e-01
-9.659828245639801025e-02 6.960995495319366455e-02
-1.521159559488296509e-01 -1.678285934031009674e-02
1.231702044606208801e-01 -1.121065244078636169e-01
-1.679049134254455566e-01 -1.231419481337070465e-02
1.280961930751800537e-01 -4.152615740895271301e-02
-2.994745969772338867e-02 -3.055272623896598816e-03
-7.689918391406536102e-03 -1.081208139657974243e-01
1.424957662820816040e-01 -3.013929538428783417e-02
-4.772841930389404297e-02 1.266709566116333008e-01
-9.261109866201877594e-03 -8.167233318090438843e-02
-7.108064740896224976e-02 1.631624810397624969e-02
-3.031618297100067139e-01 1.078566089272499084e-01
-1.112736314535140991e-01 1.199361458420753479e-01
-9.218531101942062378e-02 6.891253590583801270e-02
1.320265531539916992e-01 8.436769247055053711e-02
-1.094757243990898132e-01 -5.881730467081069946e-02
-5.606912076473236084e-02 3.650989010930061340e-02
-2.162478417158126831e-01 -9.943339228630065918e-02
2.727484405040740967e-01 -1.044800356030464172e-01
-1.584381014108657837e-01 -9.669450111687183380e-03
-7.544337958097457886e-02 8.036393672227859497e-02
-1.118713840842247009e-01 1.205652281641960144e-01
2.079134434461593628e-01 -1.128322780132293701e-01
-9.095537662506103516e-02 8.302848786115646362e-02
1.391963288187980652e-02 -1.351600438356399536e-01
4.105871543288230896e-02 -1.794526278972625732e-01
1.471099108457565308e-01 -2.465723454952239990e-02
-4.989001527428627014e-02 1.035098060965538025e-01
-1.491149216890335083e-01 1.017812266945838928e-01
-4.001361504197120667e-02 1.591921299695968628e-01
-9.990202635526657104e-02 -1.246788874268531799e-01
-1.197920516133308411e-01 -2.140097133815288544e-02
1.038214191794395447e-01 -4.451353102922439575e-03
1.327998191118240356e-02 1.238934099674224854e-01
-4.285898804664611816e-02 1.994207501411437988e-02
1.921817511320114136e-01 -4.794471710920333862e-02
-1.373874545097351074e-01 2.955808490514755249e-02
2.517387457191944122e-02 -1.588283032178878784e-01
1.382210198789834976e-02 -5.121692642569541931e-02
-8.010446280241012573e-02 1.166349202394485474e-01
-5.598331242799758911e-02 1.718660295009613037e-01
-1.060603782534599304e-01 -7.253921777009963989e-02
-5.828013643622398376e-02 3.459036350250244141e-02
3.027643263339996338e-01 -2.948134839534759521e-01
1.780463904142379761e-01 -4.881478473544120789e-02
3.359903022646903992e-02 1.266161948442459106e-01
-1.245720311999320984e-01 4.407866299152374268e-02
4.694167524576187134e-03 -4.519010894000530243e-03
-2.414623461663722992e-02 1.571609228849411011e-01
3.276624158024787903e-02 7.719136774539947510e-02
-1.166783832013607025e-02 -7.708963751792907715e-02
8.122801780700683594e-02 -7.171633094549179077e-02
1.111329719424247742e-01 -3.095545805990695953e-02
1.049130111932754517e-01 9.672743082046508789e-02
8.541916310787200928e-02 -1.248924061655998230e-01
-7.341605424880981445e-02 2.204872481524944305e-02
2.364378869533538818e-01 -1.330952346324920654e-01
-7.226368039846420288e-02 -2.325955964624881744e-02
1.716171354055404663e-01 1.973778940737247467e-02
1.189678758382797241e-01 -1.046415865421295166e-01
-1.254758387804031372e-01 2.225109189748764038e-01
6.699856370687484741e-02 -2.135533094406127930e-01
1.832221150398254395e-01 -1.078073009848594666e-01
-2.162083983421325684e-01 -3.698129206895828247e-02
-1.227932199835777283e-01 1.591431647539138794e-01
2.665441036224365234e-01 -2.098687738180160522e-01
-4.556306451559066772e-02 -3.295430541038513184e-02
-1.820187121629714966e-01 -2.215672656893730164e-02
1.594214588403701782e-01 5.476262304000556469e-04
2.373483180999755859e-01 -1.450114399194717407e-01
-1.120995208621025085e-01 4.389499500393867493e-02
1.183982118964195251e-01 -1.365917325019836426e-01
1.495745182037353516e-01 -1.019708141684532166e-01
1.276903133839368820e-02 -6.394294649362564087e-02
-1.488686054944992065e-01 6.587303429841995239e-02
-8.201649785041809082e-02 1.642711460590362549e-01
1.574311289004981518e-03 -4.738289117813110352e-02
8.811341598629951477e-03 3.480352088809013367e-02
-5.503972247242927551e-02 9.369270503520965576e-02
-8.587855100631713867e-02 7.698506116867065430e-03
-2.568533718585968018e-01 2.359193861484527588e-01
-8.248521387577056885e-02 -2.517219632863998413e-02
5.787912011146545410e-02 -4.846357926726341248e-02
3.057814948260784149e-02 -4.947335645556449890e-02
-1.529426872730255127e-01 -7.971441745758056641e-02
5.788990855216979980e-02 1.453498750925064087e-01
2.480513229966163635e-02 6.284985225647687912e-03
4.340556263923645020e-02 -2.637729346752166748e-01
6.411489099264144897e-02 9.548929333686828613e-02
2.147605083882808685e-02 -6.675984710454940796e-02
-3.335085511207580566e-02 -6.157636642456054688e-02
-1.600098013877868652e-01 -4.386180639266967773e-02
1.951530575752258301e-02 1.810391843318939209e-01
1.223177835345268250e-02 1.049480438232421875e-01
-3.722666949033737183e-02 -5.310619249939918518e-02
-5.136062577366828918e-02 -4.250895604491233826e-02
-2.581211030483245850e-01 -1.665287418290972710e-03
8.872255682945251465e-02 2.598023712635040283e-01
5.635955557227134705e-02 1.808990538120269775e-02
5.579737015068531036e-03 -1.089660525321960449e-01
-1.267539709806442261e-02 8.047340810298919678e-02
-4.294364526867866516e-02 4.107839241623878479e-02
-3.975104540586471558e-02 2.709596790373325348e-02
6.334491074085235596e-02 -4.449558258056640625e-02
-1.188735961914062500e-01 7.711820304393768311e-02
8.321016281843185425e-02 -1.048649623990058899e-01
2.049641683697700500e-02 1.860112249851226807e-01
1.690981388092041016e-01 6.400007754564285278e-03
1.251513063907623291e-01 1.256278157234191895e-01
-2.004672735929489136e-01 1.508817076683044434e-01
-7.402689009904861450e-02 -3.015765547752380371e-02
2.357127331197261810e-02 -7.669951021671295166e-02
-2.396682500839233398e-01 8.400884270668029785e-02
8.315328508615493774e-02 -3.041238784790039062e-01
7.727845758199691772e-02 -2.682358026504516602e-03
