-1.984474956989288330e-01 1.204614266753196716e-01
-3.496916294097900391e-01 3.056356608867645264e-01
-2.387823611497879028e-01 1.673408299684524536e-01
1.897147148847579956e-01 -1.564307063817977905e-01
-1.459392458200454712e-01 5.678593367338180542e-02
-4.621197283267974854e-01 3.148165047168731689e-01
2.175220549106597900e-01 -2.849462926387786865e-01
2.659438252449035645e-01 -3.936154395341873169e-02
-1.858919411897659302e-01 1.713391542434692383e-01
-3.260986879467964172e-02 -8.429417014122009277e-02
7.457916438579559326e-02 3.938440605998039246e-02
-3.206605091691017151e-02 1.166862696409225464e-01
5.202116966247558594e-01 -2.693666517734527588e-01
1.774984151124954224e-01 -1.301331520080566406e-01
1.778546124696731567e-01 -1.271430552005767822e-01
4.855361953377723694e-02 -1.866594515740871429e-02
-6.034296005964279175e-02 1.545344889163970947e-01
-1.385188400745391846e-01 3.392311278730630875e-03
1.779846400022506714e-01 7.091842591762542725e-02
-2.265929616987705231e-02 1.128172725439071655e-01
2.197790294885635376e-01 -1.314936876296997070e-01
2.393694818019866943e-01 -1.585343778133392334e-01
-1.614800691604614258e-01 8.656181395053863525e-02
-3.318287432193756104e-01 4.888110458850860596e-01
-3.675785064697265625e-01 3.331845700740814209e-01
-5.098857879638671875e-01 4.666671156883239746e-01
-1.327310800552368164e-01 9.022609889507293701e-02
8.546233177185058594e-02 -1.532856281846761703e-02
5.934616327285766602e-01 -5.245833396911621094e-01
1.490970999002456665e-01 1.096336245536804199e-01
1.445853114128112793e-01 -1.009521707892417908e-01
-2.895977199077606201e-01 2.415674924850463867e-01
3.872843980789184570e-01 -2.653728127479553223e-01
-1.418322138488292694e-02 2.384328395128250122e-01
3.036529421806335449e-01 -4.338702857494354248e-01
3.447389900684356689e-01 -2.188081294298171997e-01
8.423152565956115723e-02 -4.941603168845176697e-02
-2.799320220947265625e-01 1.002609431743621826e-01
4.037025272846221924e-01 -4.396981000900268555e-01
-1.298110485076904297e-01 -2.007654905319213867e-01
5.593238398432731628e-02 7.565972208976745605e-02
1.482848376035690308e-01 5.430243164300918579e-02
-2.804823219776153564e-01 1.098506450653076172e-01
3.026500046253204346e-01 -4.348980188369750977e-01
-2.451957464218139648e-01 1.918844729661941528e-01
-3.437786698341369629e-01 2.563743293285369873e-01
3.085491433739662170e-02 -8.995587378740310669e-02
1.632698066532611847e-02 -1.137664988636970520e-01
1.839532107114791870e-01 -1.311418563127517700e-01
4.418135061860084534e-02 1.440156102180480957e-01
-2.200896739959716797e-01 2.377740740776062012e-01
-2.447770386934280396e-01 1.393220424652099609e-01
1.250132080167531967e-02 1.460219323635101318e-01
7.989770174026489258e-02 1.993325799703598022e-01
7.686851173639297485e-02 -4.425146058201789856e-02
5.040232464671134949e-02 5.421815812587738037e-02
4.116604030132293701e-01 -4.749408364295959473e-01
1.070254519581794739e-01 -2.103280276060104370e-03
-5.859333649277687073e-02 7.811920344829559326e-02
-1.988842040300369263e-01 2.120064496994018555e-01
3.133695125579833984e-01 -3.118793070316314697e-01
-1.924051344394683838e-01 2.294493168592453003e-01
-4.345028996467590332e-01 3.699693977832794189e-01
2.011198699474334717e-01 -2.851588129997253418e-01
-5.355703830718994141e-01 5.380172133445739746e-01
-7.127799391746520996e-01 6.893601417541503906e-01
-2.470910847187042236e-01 2.183246910572052002e-01
-4.920242130756378174e-01 4.283915758132934570e-01
6.939026117324829102e-01 -5.557395815849304199e-01
-7.621911168098449707e-01 7.239181399345397949e-01
3.317074775695800781e-01 -2.265772670507431030e-01
-2.872424721717834473e-01 2.551656961441040039e-01
-2.865492701530456543e-01 1.970018893480300903e-01
3.111936151981353760e-01 -4.335650801658630371e-01
2.046355158090591431e-01 -5.891045182943344116e-02
-4.634139314293861389e-02 -2.598356269299983978e-02
7.821418046951293945e-01 -7.869369387626647949e-01
2.692888677120208740e-01 -2.673454880714416504e-01
-3.197616934776306152e-01 2.825685441493988037e-01
-1.741160005331039429e-01 1.367345731705427170e-02
-5.842066407203674316e-01 5.231757760047912598e-01
3.428938984870910645e-01 -3.529725372791290283e-01
9.869726747274398804e-02 -8.432413637638092041e-02
-4.917860329151153564e-01 4.365131258964538574e-01
-1.012605905532836914e+00 1.042998194694519043e+00
2.832601368427276611e-01 -3.082856833934783936e-01
2.907977104187011719e-01 -2.300494760274887085e-01
-9.540436863899230957e-01 1.048920989036560059e+00
-1.639360785484313965e-01 1.530424207448959351e-01
-5.993176698684692383e-01 8.204852938652038574e-01
-5.294961929321289062e-01 5.146171450614929199e-01
-2.595936954021453857e-01 2.870417833328247070e-01
1.436266899108886719e+00 -1.286622881889343262e+00
-6.651837825775146484e-01 6.528626084327697754e-01
-1.565968245267868042e-01 1.230899095535278320e-01
-4.811182618141174316e-01 4.427104592323303223e-01
4.532617032527923584e-01 -5.639868974685668945e-01
-7.802237272262573242e-01 7.161370515823364258e-01
1.493907272815704346e-01 -1.943047940731048584e-01
-1.856018304824829102e-01 3.569278120994567871e-02
-4.374708235263824463e-01 5.073359608650207520e-01
4.745379984378814697e-01 -5.981538295745849609e-01
-2.199526280164718628e-01 -4.739702865481376648e-02
-6.988789439201354980e-01 5.401690006256103516e-01
3.889099061489105225e-01 -3.013776540756225586e-01
6.152545213699340820e-01 -6.601176261901855469e-01
-6.599652767181396484e-01 5.322983264923095703e-01
1.217375397682189941e+00 -1.234992861747741699e+00
-4.533374682068824768e-02 1.420772727578878403e-02
-2.750093340873718262e-01 3.197309970855712891e-01
-2.561286687850952148e-01 3.267921209335327148e-01
-3.413378298282623291e-01 2.837773263454437256e-01
3.972510993480682373e-02 1.430147737264633179e-01
4.545907676219940186e-01 -4.786405265331268311e-01
-4.622587561607360840e-01 3.912491202354431152e-01
-4.607712626457214355e-01 2.216112911701202393e-01
-1.119571626186370850e-01 2.159657180309295654e-01
4.287133738398551941e-02 8.607955276966094971e-02
5.411394834518432617e-01 -4.385655224323272705e-01
1.657589077949523926e-01 -8.498563617467880249e-02
1.276715278625488281e+00 -1.244335532188415527e+00
2.299224585294723511e-01 -3.122916519641876221e-01
-2.882229685783386230e-01 1.140850186347961426e-01
-5.946812406182289124e-02 -3.780910745263099670e-03
1.174512863159179688e+00 -1.154466867446899414e+00
-8.021525144577026367e-01 7.401739358901977539e-01
-6.007433533668518066e-01 5.817748308181762695e-01
-9.784518741071224213e-03 1.252726167440414429e-01
-9.395400881767272949e-01 8.207671642303466797e-01
-3.558015823364257812e-01 3.326325714588165283e-01
-3.904384672641754150e-01 3.667669594287872314e-01
1.711877584457397461e-01 -9.255205094814300537e-02
-2.475996315479278564e-01 1.865022033452987671e-01
-3.879535496234893799e-01 5.303038358688354492e-01
-1.138995528221130371e+00 1.081801772117614746e+00
8.234665393829345703e-01 -9.365895986557006836e-01
-8.734646439552307129e-02 -1.256537735462188721e-01
4.696640372276306152e-01 -2.140171378850936890e-01
3.172068893909454346e-01 -4.266124367713928223e-01
5.077888369560241699e-01 -3.169532418251037598e-01
2.626684010028839111e-01 -3.979679346084594727e-01
-1.527946591377258301e-01 -1.042957082390785217e-01
1.051521897315979004e+00 -1.031557798385620117e+00
-1.367434579879045486e-02 7.174728810787200928e-02
-5.484132766723632812e-01 4.913361966609954834e-01
1.059609532356262207e+00 -1.068421363830566406e+00
5.933135747909545898e-01 -7.053656578063964844e-01
1.428545862436294556e-01 -3.750523924827575684e-02
-6.301437616348266602e-01 5.104737877845764160e-01
7.629995942115783691e-01 -8.182476162910461426e-01
5.120085477828979492e-01 -3.672623932361602783e-01
-8.789793848991394043e-01 8.830122947692871094e-01
-8.846920728683471680e-02 2.286215573549270630e-01
-9.712618589401245117e-02 8.134021610021591187e-02
2.270231395959854126e-01 -6.736437231302261353e-02
3.911723196506500244e-02 8.002399653196334839e-02
1.234340310096740723e+00 -1.397169589996337891e+00
-6.766952276229858398e-01 6.622061133384704590e-01
-6.008830070495605469e-01 6.109995245933532715e-01
-1.022337824106216431e-01 1.666080802679061890e-01
3.728058934211730957e-01 -3.900505006313323975e-01
1.061716794967651367e+00 -1.293688058853149414e+00
-4.847223162651062012e-01 6.446195244789123535e-01
-5.489473342895507812e-01 5.825375914573669434e-01
1.276396661996841431e-01 -3.885948359966278076e-01
4.152086377143859863e-01 -2.656219899654388428e-01
1.369038224220275879e-01 6.586617324501276016e-03
-3.919224441051483154e-01 5.114662647247314453e-01
-1.041778028011322021e-01 2.768676578998565674e-01
4.378169476985931396e-01 -4.870955944061279297e-01
1.938776820898056030e-01 -2.714347243309020996e-01
2.017951011657714844e-01 -3.032465875148773193e-01
3.325541019439697266e-01 -2.692495286464691162e-01
8.478464186191558838e-02 -2.680752277374267578e-01
3.791729211807250977e-01 -2.016093134880065918e-01
-3.173725903034210205e-01 3.743169307708740234e-01
-4.032831490039825439e-01 5.077586174011230469e-01
-7.285457253456115723e-01 6.055073142051696777e-01
-9.082277417182922363e-01 7.998587489128112793e-01
-3.115591406822204590e-01 3.360108435153961182e-01
1.740592122077941895e-01 -1.541253775358200073e-01
1.724144667387008667e-01 -4.257473051548004150e-01
-1.668322533369064331e-01 -7.224941160529851913e-03
5.274097919464111328e-01 -2.423602938652038574e-01
9.502155333757400513e-02 -2.168373912572860718e-01
-1.455783545970916748e-01 6.712143868207931519e-02
1.271466314792633057e-01 -6.905188411474227905e-02
-2.283470034599304199e-01 -1.077422313392162323e-02
7.844165563583374023e-01 -7.925618886947631836e-01
-3.080524206161499023e-01 3.151251077651977539e-01
3.467751145362854004e-01 -3.894708752632141113e-01
4.172838032245635986e-01 -2.098276019096374512e-01
-1.773535311222076416e-01 2.598771750926971436e-01
-1.143743470311164856e-01 2.772962749004364014e-01
1.045099869370460510e-01 -2.052298374474048615e-02
4.546493589878082275e-01 -5.327259898185729980e-01
-1.819366514682769775e-01 7.739503681659698486e-02
-3.808846324682235718e-02 -1.153993904590606689e-01
1.625744253396987915e-02 9.103753417730331421e-02
2.500294148921966553e-01 -8.610415458679199219e-02
-2.952085249125957489e-02 4.205359891057014465e-02
-1.834838092327117920e-02 -4.747171700000762939e-02
-1.129314005374908447e-01 2.306096851825714111e-01
2.482756376266479492e-01 -3.165773153305053711e-01
-6.360508501529693604e-02 -3.696719929575920105e-02
5.456897616386413574e-01 -6.481254100799560547e-01
6.037752628326416016e-01 -7.102337479591369629e-01
1.047708094120025635e-01 1.049556955695152283e-01
7.394331973046064377e-03 -2.257369160652160645e-01
2.276237308979034424e-01 -1.151831299066543579e-01
4.206841886043548584e-01 -2.351434379816055298e-01
-4.646692276000976562e-01 3.485493361949920654e-01
-2.206932753324508667e-01 5.059577152132987976e-02
1.475012600421905518e-01 4.927040264010429382e-02
-1.204337552189826965e-02 1.901289373636245728e-01
-4.041779041290283203e-01 3.364487290382385254e-01
1.274800579994916916e-02 -4.109687730669975281e-02
-2.309969961643218994e-01 1.894889026880264282e-01
7.038651406764984131e-02 -7.249893993139266968e-02
-1.712751239538192749e-01 1.406490206718444824e-01
4.411846399307250977e-02 -4.960258956998586655e-03
-7.213637232780456543e-02 2.098563313484191895e-01
1.722356975078582764e-01 -1.887156814336776733e-01
-6.622053384780883789e-01 4.751913249492645264e-01
1.997141391038894653e-01 -1.991589367389678955e-01
1.927785873413085938e-01 -2.751790285110473633e-01
1.488448381423950195e-01 -2.223745882511138916e-01
-1.981180906295776367e-01 1.617959439754486084e-01
-3.555757403373718262e-01 3.430121541023254395e-01
3.197823464870452881e-01 -2.876628339290618896e-01
5.637354254722595215e-01 -3.889120519161224365e-01
-2.793265879154205322e-01 2.981595098972320557e-01
-1.982577145099639893e-01 3.256197869777679443e-01
1.405397504568099976e-01 -1.457742303609848022e-01
-1.720115542411804199e-01 2.154121398925781250e-01
-1.659261137247085571e-01 5.608263984322547913e-02
-9.234501048922538757e-03 1.699797213077545166e-01
1.466378271579742432e-01 -2.716213464736938477e-01
-9.505730122327804565e-02 2.358309477567672729e-01
-2.003492563962936401e-01 -1.744842343032360077e-02
-4.856909811496734619e-01 3.966002166271209717e-01
-9.981909766793251038e-03 -4.631952196359634399e-02
-6.440836936235427856e-02 3.880668804049491882e-02
-2.623659968376159668e-01 3.061454594135284424e-01
1.737688332796096802e-01 -4.112379252910614014e-01
9.795302897691726685e-02 -1.623608022928237915e-01
6.640552729368209839e-02 7.587274909019470215e-02
1.403890699148178101e-01 1.244371607899665833e-01
2.638871371746063232e-01 -2.928442060947418213e-01
1.067233234643936157e-01 -4.905305430293083191e-02
2.595425248146057129e-01 -2.575589418411254883e-01
-2.644171714782714844e-01 1.244304403662681580e-01
1.081225499510765076e-01 -2.154657989740371704e-02
-2.141833007335662842e-01 2.359635680913925171e-01
1.625410318374633789e-01 1.375654488801956177e-01
-2.620930075645446777e-01 2.064470797777175903e-01
