1.393567621707916260e-01 -2.278026565909385681e-02
-6.934764981269836426e-02 1.565738581120967865e-02
-1.710618883371353149e-01 -4.318180307745933533e-02
2.019227296113967896e-01 -8.356884121894836426e-02
-1.808112859725952148e-02 1.676737517118453979e-02
-9.644223749637603760e-02 9.894138202071189880e-03
1.875961571931838989e-02 -1.193741057068109512e-02
-2.149798423051834106e-01 3.258116245269775391e-01
-6.854882836341857910e-02 -3.315931418910622597e-03
-1.797658503055572510e-01 -1.096113994717597961e-01
1.555940359830856323e-01 -1.378559023141860962e-01
1.109319925308227539e-01 -4.939933493733406067e-02
-1.874381750822067261e-01 -1.246225088834762573e-02
5.499367043375968933e-02 6.340762227773666382e-02
4.027799889445304871e-02 -1.236348599195480347e-02
4.433682188391685486e-02 -8.958876132965087891e-02
1.595957875251770020e-01 -6.951852142810821533e-02
5.988406762480735779e-02 -3.459110483527183533e-02
4.943817853927612305e-02 1.531205177307128906e-01
2.539379000663757324e-01 -2.806972563266754150e-01
-8.385793864727020264e-02 1.639952138066291809e-02
4.046977311372756958e-02 6.413125991821289062e-02
-1.211224049329757690e-01 1.705015897750854492e-01
1.839297264814376831e-01 -4.601520486176013947e-03
-5.792739614844322205e-02 8.667646348476409912e-02
-3.262718394398689270e-02 -1.788482517004013062e-01
8.092714846134185791e-02 5.411494523286819458e-02
-8.677311241626739502e-02 3.427136689424514771e-02
3.372414037585258484e-02 -1.286839544773101807e-01
-8.606273680925369263e-02 1.125087365508079529e-01
-8.272766321897506714e-02 -1.471589058637619019e-01
-4.008327797055244446e-02 -6.076404824852943420e-02
-1.264582723379135132e-01 8.189576677978038788e-03
-6.503593176603317261e-02 2.507275529205799103e-02
2.661689519882202148e-01 -2.147071808576583862e-01
-1.614681482315063477e-01 2.713572084903717041e-01
-7.918216288089752197e-02 6.411776691675186157e-02
-7.767294347286224365e-02 2.257916331291198730e-01
-1.152087841182947159e-02 1.573752760887145996e-01
-1.640825122594833374e-01 3.422291576862335205e-02
5.587073415517807007e-02 -2.242808975279331207e-02
1.438316144049167633e-02 -9.974837303161621094e-03
1.141758933663368225e-01 -9.986089915037155151e-02
-1.723818033933639526e-01 1.475940197706222534e-01
-1.379087418317794800e-01 7.634549587965011597e-02
-2.113343477249145508e-01 6.546657532453536987e-02
-7.130330801010131836e-02 1.622702926397323608e-01
2.428970634937286377e-01 -1.322559714317321777e-01
-1.742321997880935669e-01 1.308812648057937622e-01
-1.601924896240234375e-01 1.968304961919784546e-01
-2.383050508797168732e-02 1.000381931662559509e-01
3.086346685886383057e-01 -3.199636936187744141e-02
9.825083613395690918e-02 -3.703947365283966064e-02
8.238640427589416504e-02 1.290720552206039429e-01
5.228210613131523132e-02 2.810267172753810883e-02
2.402512580156326294e-01 -2.197406142950057983e-01
-1.551451981067657471e-01 3.490878641605377197e-02
9.411375969648361206e-02 -5.683264881372451782e-02
4.022493213415145874e-02 -1.922806948423385620e-01
1.315389871597290039e-01 1.021561697125434875e-01
1.264398247003555298e-01 6.911754608154296875e-02
2.116109877824783325e-01 -9.920646995306015015e-02
-7.797816395759582520e-02 1.385784149169921875e-01
-1.332419216632843018e-01 8.621719479560852051e-02
-1.613352149724960327e-01 8.766426146030426025e-02
-1.194849535822868347e-01 1.975011676549911499e-01
-2.135366946458816528e-01 1.612745821475982666e-01
2.118823975324630737e-01 -1.783535629510879517e-01
-1.463996917009353638e-01 8.276336640119552612e-02
-2.807047069072723389e-01 1.020238175988197327e-01
2.372837066650390625e-01 -1.493590027093887329e-01
1.080622524023056030e-01 -2.686279118061065674e-01
1.166033968329429626e-01 -3.280129134654998779e-01
-5.391156300902366638e-02 8.422411233186721802e-02
-1.485815942287445068e-01 -7.766882330179214478e-02
2.811750173568725586e-01 -1.076638847589492798e-01
1.844863872975111008e-03 -3.891740692779421806e-03
-7.406776398420333862e-02 -6.077884882688522339e-02
-3.490343689918518066e-01 5.376453325152397156e-02
-1.749876141548156738e-01 1.913677155971527100e-01
2.453263849020004272e-02 2.854285538196563721e-01
5.557125434279441833e-02 -2.439815700054168701e-01
-4.025702923536300659e-02 1.594311892986297607e-01
2.323210835456848145e-01 -1.740630418062210083e-01
-1.237846240401268005e-01 2.521124184131622314e-01
-1.524063497781753540e-01 -3.400842100381851196e-02
1.105497330427169800e-01 -2.250408232212066650e-01
3.083185292780399323e-02 3.407902549952268600e-03
1.792209595441818237e-01 -1.162304654717445374e-01
8.038303256034851074e-02 -1.331169307231903076e-01
2.563804686069488525e-01 -2.245893776416778564e-01
-1.240484565496444702e-01 5.486702919006347656e-02
7.520261406898498535e-02 -1.026899144053459167e-01
8.358532190322875977e-02 -2.021351754665374756e-01
1.234641894698143005e-01 -1.666185706853866577e-01
-9.141912311315536499e-02 9.642553329467773438e-02
-3.909113630652427673e-02 3.131234273314476013e-02
-3.785099461674690247e-02 5.739518441259860992e-03
1.551224589347839355e-01 -9.557700157165527344e-02
-1.559438258409500122e-01 3.012331426143646240e-01
2.425040900707244873e-01 -2.392260730266571045e-01
2.776514180004596710e-02 7.057920098304748535e-02
-7.044655084609985352e-02 2.853352725505828857e-01
1.093075349926948547e-01 -2.357624918222427368e-01
-1.038381531834602356e-01 2.115226536989212036e-01
-4.179630875587463379e-01 1.701069027185440063e-01
-8.700805902481079102e-02 1.935049518942832947e-02
-1.305812895298004150e-01 6.261865049600601196e-02
-2.460085004568099976e-01 9.508606046438217163e-02
-1.952472627162933350e-01 1.549080610275268555e-01
-1.887157112360000610e-01 9.762234240770339966e-02
8.890173584222793579e-02 -6.379838287830352783e-02
-2.034935653209686279e-01 1.366186290979385376e-01
6.232374534010887146e-02 -5.533237382769584656e-02
-1.881879866123199463e-01 1.891094595193862915e-01
-8.679370582103729248e-02 2.837879210710525513e-02
1.542285084724426270e-01 -1.601954102516174316e-01
-1.353313773870468140e-01 2.515773475170135498e-01
1.041190177202224731e-01 -2.097993791103363037e-01
-9.169829636812210083e-02 -1.400630474090576172e-01
-1.604257076978683472e-01 1.296066194772720337e-01
-6.157977972179651260e-03 -1.416052281856536865e-01
3.905827924609184265e-02 -8.801640570163726807e-02
2.399354875087738037e-01 1.464805845171213150e-02
2.404438555240631104e-01 -1.957061290740966797e-01
-1.766801774501800537e-01 1.700109094381332397e-01
2.529685497283935547e-01 -2.775116078555583954e-02
2.293396294116973877e-01 -1.793242841958999634e-01
-1.594817787408828735e-01 2.123113423585891724e-01
-1.052883937954902649e-01 1.001899540424346924e-01
-9.394615143537521362e-02 2.858619391918182373e-01
2.261332124471664429e-01 -1.469577252864837646e-01
1.053499355912208557e-01 -2.064962126314640045e-02
1.493342369794845581e-01 -9.973664581775665283e-02
1.772600412368774414e-01 -2.398310452699661255e-01
-1.495441347360610962e-01 3.672750666737556458e-02
1.296284049749374390e-01 -1.198109611868858337e-01
8.784337341785430908e-02 3.789468854665756226e-02
-1.444855183362960815e-01 7.508428394794464111e-02
2.631055116653442383e-01 -1.064706444740295410e-01
-3.332024812698364258e-01 3.365419507026672363e-01
2.550643980503082275e-01 -1.413909196853637695e-01
-1.624165624380111694e-01 1.123301386833190918e-01
-2.284639030694961548e-01 3.370976746082305908e-01
-1.673637181520462036e-01 1.258858144283294678e-01
-2.944710552692413330e-01 1.466221809387207031e-01
5.604229867458343506e-02 -8.920378237962722778e-02
-1.103265359997749329e-01 1.337807923555374146e-01
1.288886964321136475e-01 -6.457471847534179688e-02
-1.424754969775676727e-02 -8.780185878276824951e-02
-1.203461363911628723e-01 1.676720827817916870e-01
9.511779248714447021e-02 -2.577200531959533691e-01
-3.692391142249107361e-02 3.013755427673459053e-03
-2.511350512504577637e-01 2.394951134920120239e-01
6.939025223255157471e-02 -5.739485472440719604e-02
1.233648657798767090e-01 -1.964036077260971069e-01
-3.538378179073333740e-01 6.648775935173034668e-02
9.386109188199043274e-03 -1.880932748317718506e-01
2.814194262027740479e-01 -1.324551701545715332e-01
-2.629883587360382080e-01 1.557760536670684814e-01
1.437702476978302002e-01 -3.714928030967712402e-01
-5.900182947516441345e-02 2.049208283424377441e-01
1.781108379364013672e-01 -1.959084719419479370e-01
3.729279339313507080e-01 -5.296175181865692139e-02
-9.676669538021087646e-02 -1.416779756546020508e-01
1.482848674058914185e-01 -1.407230198383331299e-01
1.089645326137542725e-01 1.435276702977716923e-03
-2.102611027657985687e-02 2.260384149849414825e-02
2.400876134634017944e-01 -2.744688391685485840e-01
-3.158077001571655273e-01 1.214583516120910645e-01
-1.110021099448204041e-01 1.541555821895599365e-01
1.847698688507080078e-01 -1.964114606380462646e-03
-1.630854457616806030e-01 -2.225809730589389801e-02
-1.062478721141815186e-01 1.046390309929847717e-01
2.449189499020576477e-02 -1.370459347963333130e-01
2.146460115909576416e-01 -2.168862819671630859e-01
3.140630200505256653e-02 5.159083008766174316e-02
7.971185445785522461e-02 9.289181977510452271e-02
1.003935039043426514e-01 6.310333311557769775e-02
1.708009988069534302e-01 -1.270580738782882690e-01
2.628203853964805603e-02 -1.130248606204986572e-02
-1.521982904523611069e-02 1.424596756696701050e-01
-7.505003362894058228e-02 9.504193440079689026e-04
-2.628898061811923981e-02 1.434706151485443115e-01
-6.926763057708740234e-02 1.807064004242420197e-02
-1.536667197942733765e-01 6.093732267618179321e-02
8.789705485105514526e-02 -1.359130740165710449e-01
1.147033423185348511e-01 -2.992129027843475342e-01
-2.060592919588088989e-01 1.844256818294525146e-01
2.884153723716735840e-01 -9.841118007898330688e-02
-2.681685388088226318e-01 4.955238476395606995e-02
-1.025617495179176331e-01 5.534136295318603516e-02
1.296647638082504272e-01 1.459836214780807495e-01
-1.046346798539161682e-01 2.056055068969726562e-01
4.022743552923202515e-02 9.310603141784667969e-02
-8.266844600439071655e-02 1.908592283725738525e-01
2.107989341020584106e-01 -5.002384260296821594e-02
-7.281352882273495197e-04 -1.464424133300781250e-01
1.880098581314086914e-01 -1.893696784973144531e-01
-1.937079727649688721e-01 5.821242555975914001e-02
2.522395178675651550e-02 7.023456692695617676e-02
2.350059524178504944e-02 -2.425217628479003906e-01
-4.826087970286607742e-03 9.504329646006226540e-04
4.292539507150650024e-02 7.762718014419078827e-03
1.012340337038040161e-01 -1.508433092385530472e-02
9.537200629711151123e-02 6.773096392862498760e-04
-1.438073664903640747e-01 5.783489719033241272e-02
-2.662693895399570465e-02 -8.729688078165054321e-02
-1.305938931182026863e-03 3.914678934961557388e-03
-2.640235722064971924e-01 2.794643938541412354e-01
1.279333233833312988e-01 -1.878133118152618408e-01
-2.294514477252960205e-01 1.086011454463005066e-01
6.153333187103271484e-02 -1.874481588602066040e-01
-3.346099331974983215e-02 4.537452757358551025e-02
1.096807941794395447e-01 -1.261837333440780640e-01
2.455091327428817749e-01 -1.838767081499099731e-01
-1.517338212579488754e-02 1.824372559785842896e-01
-1.118869036436080933e-01 2.644810974597930908e-01
-9.842823259532451630e-03 -2.382728606462478638e-01
2.238020300865173340e-02 -5.095718801021575928e-02
-1.330718994140625000e-01 -3.566694632172584534e-02
1.309188902378082275e-01 -9.197124093770980835e-02
1.973914355039596558e-01 -1.013118475675582886e-01
6.761575490236282349e-02 -1.913388371467590332e-01
-2.309745363891124725e-02 1.629133820533752441e-01
1.808904297649860382e-02 6.736432015895843506e-02
-6.373655050992965698e-02 -6.814101338386535645e-02
1.373263448476791382e-01 -2.659942507743835449e-01
1.251728534698486328e-01 -1.920390576124191284e-01
1.210651025176048279e-01 -9.419742971658706665e-02
1.533599942922592163e-01 2.104239538311958313e-02
4.677436314523220062e-03 -1.274155825376510620e-01
2.553162872791290283e-01 -1.165195852518081665e-01
-1.292456686496734619e-01 2.619156837463378906e-01
1.196400374174118042e-01 7.163642346858978271e-02
9.043191559612751007e-03 -8.236207067966461182e-02
-6.205234676599502563e-03 -8.368761837482452393e-02
3.093924224376678467e-01 -1.086189970374107361e-01
-1.218032650649547577e-02 6.787003576755523682e-02
1.846889406442642212e-01 -3.055145442485809326e-01
-3.511434048414230347e-02 2.571277134120464325e-02
-5.961066856980323792e-02 2.414448261260986328e-01
1.784938573837280273e-01 -1.356912553310394287e-01
2.665303945541381836e-01 -1.486931443214416504e-01
1.926925592124462128e-02 1.295597851276397705e-01
2.448995970189571381e-02 -1.295666588703170419e-04
-1.317083984613418579e-01 1.900144219398498535e-01
-6.330645084381103516e-02 -1.048971638083457947e-01
-8.955294638872146606e-02 1.402741074562072754e-01
-1.461148560047149658e-01 5.818647891283035278e-02
2.747521996498107910e-01 -4.738325253129005432e-02
3.155037388205528259e-02 9.309583902359008789e-02
-6.496677547693252563e-02 8.087154477834701538e-02
1.357549577951431274e-01 7.615286856889724731e-02
-1.151232793927192688e-01 2.366655468940734863e-01
-1.559630036354064941e-01 5.202689021825790405e-02
