3.133941292762756348e-01 -1.870720535516738892e-01
3.621904924511909485e-02 -2.411931194365024567e-02
6.373722106218338013e-02 -1.149612590670585632e-01
-6.359864771366119385e-02 1.574664413928985596e-01
2.340173086849972606e-04 8.133725821971893311e-02
4.103632271289825439e-02 1.902946829795837402e-02
2.918341755867004395e-02 1.543242186307907104e-01
2.061041146516799927e-01 -2.023478448390960693e-01
-9.372159093618392944e-02 4.261946678161621094e-02
-5.439171567559242249e-02 1.746687144041061401e-01
1.460706163197755814e-02 -2.615925371646881104e-01
-9.088078513741493225e-03 -1.357603818178176880e-01
1.781666278839111328e-01 -1.369902342557907104e-01
2.361971139907836914e-01 -2.776026353240013123e-02
2.775117754936218262e-01 -1.033141613006591797e-01
-9.170325472950935364e-03 8.142465353012084961e-02
1.041741594672203064e-01 -7.752662152051925659e-02
7.530540972948074341e-02 -6.855652481317520142e-02
-1.396846026182174683e-01 2.540690302848815918e-01
7.938717491924762726e-03 -3.414464741945266724e-02
-4.228103533387184143e-02 -2.002434432506561279e-01
1.447374671697616577e-01 -2.692831158638000488e-01
-1.973299086093902588e-01 1.738780364394187927e-02
6.593203544616699219e-02 -1.775623410940170288e-01
-2.966225519776344299e-02 1.204790845513343811e-01
-5.723112449049949646e-02 3.340019285678863525e-02
-1.840212494134902954e-01 -5.943012982606887817e-02
5.340235680341720581e-02 -2.783623337745666504e-01
-2.647630870342254639e-01 2.279799282550811768e-01
1.543288677930831909e-01 -3.199839219450950623e-02
2.082732766866683960e-01 -1.758939474821090698e-01
1.698901802301406860e-01 -2.960211634635925293e-01
-3.540998995304107666e-01 1.571494638919830322e-01
1.339892158284783363e-03 -6.981503963470458984e-02
-7.388944178819656372e-02 -1.043967716395854950e-02
-1.495965123176574707e-01 1.194118410348892212e-01
4.518335312604904175e-02 -6.200129428179934621e-05
2.588778436183929443e-01 -2.269963920116424561e-01
-1.333841085433959961e-01 6.451201438903808594e-02
-1.560932993888854980e-01 2.126104235649108887e-01
1.837223302572965622e-03 -1.570825874805450439e-01
1.217148974537849426e-01 7.608897867612540722e-04
-9.421708434820175171e-02 -1.059576962143182755e-02
-4.407596215605735779e-02 1.518900990486145020e-01
-1.778084188699722290e-01 1.273939907550811768e-01
-5.439458414912223816e-03 1.766788214445114136e-01
5.640872195363044739e-02 1.383470594882965088e-01
-1.903196722269058228e-01 5.943510681390762329e-02
-1.160008274018764496e-02 1.389461010694503784e-01
2.373888343572616577e-01 -1.171343401074409485e-01
1.861469745635986328e-01 -7.374919205904006958e-02
-2.010701000690460205e-01 1.621285080909729004e-01
-7.519160211086273193e-02 -7.399386167526245117e-02
1.177687942981719971e-01 -4.545809701085090637e-03
-5.108219385147094727e-02 3.718012943863868713e-02
-3.410742059350013733e-02 2.406662851572036743e-01
4.136312007904052734e-02 3.026426136493682861e-01
-6.558292359113693237e-02 1.401769071817398071e-01
4.267868399620056152e-02 -3.716041566804051399e-03
3.014363348484039307e-01 -1.116271689534187317e-01
1.821972616016864777e-02 4.480632953345775604e-03
3.326312303543090820e-01 -4.504929855465888977e-02
2.021956592798233032e-01 -2.210757732391357422e-01
-1.299802809953689575e-01 1.599743217229843140e-01
1.692137122154235840e-01 -1.528411656618118286e-01
-1.181869953870773315e-01 8.321517705917358398e-02
-4.114383459091186523e-02 -3.222553431987762451e-01
-2.138798832893371582e-01 1.727433502674102783e-01
-2.603642940521240234e-01 1.321019232273101807e-01
-2.387620136141777039e-02 5.662574432790279388e-03
7.211940735578536987e-02 2.795890904963016510e-02
1.845116615295410156e-01 -2.499055266380310059e-01
-4.828346520662307739e-02 2.068662047386169434e-01
-1.352385282516479492e-01 1.871413588523864746e-01
7.971163839101791382e-02 -2.114026844501495361e-01
1.969630867242813110e-01 -2.179753035306930542e-01
-1.929767578840255737e-01 9.043647348880767822e-02
1.907502710819244385e-01 -2.021691501140594482e-01
1.192870829254388809e-02 -1.378304604440927505e-02
-1.813614070415496826e-01 1.824504435062408447e-01
1.645285189151763916e-01 -2.105406820774078369e-01
5.871095135807991028e-02 -2.652762830257415771e-01
-2.652561962604522705e-01 2.100875079631805420e-01
-1.168161928653717041e-01 1.361727118492126465e-01
3.827908039093017578e-01 -2.251783907413482666e-01
2.487355023622512817e-01 4.689877480268478394e-02
-3.677126765251159668e-01 1.188480556011199951e-01
1.974999606609344482e-01 -1.194963604211807251e-02
-1.526120901107788086e-01 1.592229008674621582e-01
2.041297554969787598e-01 6.916217505931854248e-02
2.813647091388702393e-01 -1.384582221508026123e-01
2.251022458076477051e-01 -3.393032550811767578e-01
2.132742553949356079e-01 -1.084023192524909973e-01
2.830205112695693970e-02 -2.707407474517822266e-01
9.278632700443267822e-02 -7.521722465753555298e-02
6.493037939071655273e-02 -2.370041608810424805e-02
-6.622914969921112061e-02 3.380431979894638062e-02
9.572123736143112183e-02 -2.027719765901565552e-01
-8.313903957605361938e-02 1.005545184016227722e-01
1.838509924709796906e-02 4.809339065104722977e-03
1.659062653779983521e-01 1.097757667303085327e-01
2.451821565628051758e-01 -2.242171466350555420e-01
-1.162894293665885925e-01 6.401228904724121094e-02
2.657920122146606445e-01 -1.149242073297500610e-01
4.120483249425888062e-02 -1.565715968608856201e-01
5.752798169851303101e-02 -1.072717308998107910e-01
3.227397333830595016e-03 2.034135907888412476e-01
-3.140796720981597900e-02 4.751951247453689575e-02
-2.192117124795913696e-01 3.804998844861984253e-02
-6.076129153370857239e-02 1.000460013747215271e-01
-7.569534331560134888e-02 -1.478527188301086426e-01
7.298111170530319214e-02 -6.643564999103546143e-02
-2.208243012428283691e-01 3.463248163461685181e-02
2.911167144775390625e-01 -3.456342518329620361e-01
-2.871433086693286896e-02 -6.411524862051010132e-02
-5.850844550877809525e-03 1.390418112277984619e-01
1.098421886563301086e-01 -1.200205311179161072e-01
-2.143610082566738129e-02 2.578708529472351074e-01
-1.087589412927627563e-01 -2.700835280120372772e-02
-1.396747082471847534e-01 8.534438908100128174e-02
-1.189723387360572815e-01 1.363643556833267212e-01
-4.337298870086669922e-02 6.625942140817642212e-02
-3.905733302235603333e-02 -7.814031094312667847e-03
1.458893269300460815e-01 -2.761576473712921143e-01
2.347418516874313354e-01 -1.495125293731689453e-01
1.434593945741653442e-01 5.342135578393936157e-02
9.603888541460037231e-02 -3.777423501014709473e-02
1.667577922344207764e-01 -9.868440032005310059e-02
2.388104647397994995e-01 -2.523334026336669922e-01
-4.631253331899642944e-02 9.576419740915298462e-02
-1.251762807369232178e-01 2.334734052419662476e-01
-3.651029244065284729e-02 -3.588150441646575928e-02
-2.154705822467803955e-01 -8.135651238262653351e-03
2.798591852188110352e-01 -1.614706814289093018e-01
-4.570804536342620850e-01 1.895881444215774536e-01
-2.017004936933517456e-01 -7.632615417242050171e-02
-8.722389489412307739e-02 2.453189939260482788e-01
2.916650772094726562e-01 -1.848146170377731323e-01
6.965621840208768845e-03 6.216331571340560913e-02
6.789714843034744263e-02 -7.641235738992691040e-02
-1.597137562930583954e-02 1.491087675094604492e-02
6.914902478456497192e-02 -2.037934213876724243e-01
-3.686620891094207764e-01 3.013645410537719727e-01
-3.055581264197826385e-02 7.172814756631851196e-02
-2.260353565216064453e-01 4.746040329337120056e-02
1.080605611205101013e-01 4.068372771143913269e-02
7.054440211504697800e-04 -7.078580558300018311e-02
1.443481296300888062e-01 -2.313966676592826843e-02
8.683894574642181396e-02 -3.084320425987243652e-01
8.141463249921798706e-02 -1.256050914525985718e-01
-3.511913418769836426e-01 9.828154742717742920e-02
-2.208674103021621704e-01 4.193873330950737000e-02
5.609948560595512390e-02 -1.682211756706237793e-01
-6.419334560632705688e-02 1.294136941432952881e-01
4.889310151338577271e-02 -2.536042034626007080e-01
2.379374951124191284e-01 -1.891987174749374390e-01
-1.115360483527183533e-02 -1.324422284960746765e-02
-2.278800308704376221e-02 -8.744944632053375244e-02
-4.478202015161514282e-02 -1.294531077146530151e-01
-5.876602604985237122e-03 1.790613979101181030e-01
-1.396062076091766357e-01 1.644090265035629272e-01
1.554274559020996094e-01 -1.687093377113342285e-01
-1.360372081398963928e-02 2.716239914298057556e-02
-1.877525895833969116e-01 1.482603400945663452e-01
-6.694894284009933472e-03 -5.699260532855987549e-02
-7.651972025632858276e-02 -1.202448923140764236e-02
3.102483227849006653e-02 -1.953863054513931274e-01
-1.441826373338699341e-01 9.545738250017166138e-02
2.461635619401931763e-01 2.780220657587051392e-02
-2.363902479410171509e-01 1.048774272203445435e-01
-1.410385668277740479e-01 3.074505329132080078e-01
-2.062664180994033813e-01 7.877005636692047119e-02
1.725382059812545776e-01 -8.459215611219406128e-02
1.912086457014083862e-01 -2.460787631571292877e-02
-1.169359311461448669e-01 1.892133504152297974e-01
-8.293291181325912476e-02 1.013515144586563110e-01
1.089480593800544739e-01 -5.244527757167816162e-02
1.969558894634246826e-01 -9.505151212215423584e-02
-2.406541258096694946e-01 -3.662573546171188354e-02
1.189927235245704651e-01 -7.220544666051864624e-02
1.599968969821929932e-01 -2.253667563199996948e-01
-1.249040514230728149e-01 1.988551169633865356e-01
1.771554499864578247e-01 -2.339398264884948730e-01
-1.131315305829048157e-01 1.632351428270339966e-01
2.166565954685211182e-01 -1.137448027729988098e-01
-7.869309931993484497e-02 1.255269497632980347e-01
-1.894828677177429199e-01 3.449922800064086914e-02
3.548301383852958679e-02 -5.248090019449591637e-04
7.643833011388778687e-02 5.262092500925064087e-02
2.541060149669647217e-01 -6.679516285657882690e-02
6.386096775531768799e-02 -1.562086790800094604e-01
3.492548763751983643e-01 -1.744612455368041992e-01
6.369799841195344925e-03 -2.882399857044219971e-01
-2.721156552433967590e-02 -1.758572906255722046e-01
-1.411877423524856567e-01 1.071228384971618652e-01
4.601314291357994080e-02 -1.004929561167955399e-02
9.805230051279067993e-02 3.949977830052375793e-02
1.342421174049377441e-01 -1.261464953422546387e-01
-3.799985349178314209e-02 1.376240998506546021e-01
-8.514394983649253845e-03 1.765360832214355469e-01
4.286024719476699829e-02 -6.144616007804870605e-02
-7.625408470630645752e-02 -2.444965066388249397e-03
-1.010844949632883072e-02 -1.643751114606857300e-01
-1.412877291440963745e-01 7.439696043729782104e-02
-8.785559237003326416e-02 1.804220974445343018e-01
9.774322807788848877e-02 -5.507077649235725403e-02
-9.241645783185958862e-02 1.632557958364486694e-01
-1.673455536365509033e-01 2.648696117103099823e-02
2.307462505996227264e-02 3.007919900119304657e-02
-2.268918454647064209e-01 -5.765655077993869781e-03
3.422628939151763916e-01 -2.709382176399230957e-01
2.636195719242095947e-01 -1.905266344547271729e-01
4.657062888145446777e-02 7.342760264873504639e-02
3.147814795374870300e-02 1.809193491935729980e-01
-8.142734295688569546e-04 6.148964911699295044e-02
7.256618142127990723e-02 -8.662388473749160767e-02
2.098248600959777832e-01 -6.105829775333404541e-02
-1.266465485095977783e-01 1.622020453214645386e-01
7.617977913469076157e-03 -1.630822271108627319e-01
1.472178548574447632e-01 -2.787218391895294189e-01
-1.197971031069755554e-01 1.752640008926391602e-01
1.451351791620254517e-01 -1.687354296445846558e-01
2.538386881351470947e-01 -2.104176133871078491e-01
1.158360540866851807e-01 -5.222968757152557373e-02
-2.383846975862979889e-02 1.270810663700103760e-01
2.550861835479736328e-01 -1.947328820824623108e-02
-2.671630084514617920e-01 2.285639755427837372e-02
4.683560878038406372e-02 2.159454971551895142e-01
-1.815653964877128601e-02 -5.239015072584152222e-02
4.293547570705413818e-02 -7.803226262331008911e-02
3.140769526362419128e-02 1.118576303124427795e-01
2.895977534353733063e-02 1.864657737314701080e-02
-8.267849683761596680e-02 5.644910037517547607e-02
-1.284540444612503052e-02 1.073046214878559113e-02
-1.046672984957695007e-01 -9.461281821131706238e-03
9.207759052515029907e-02 2.558728121221065521e-02
8.631353080272674561e-02 -6.244337558746337891e-02
1.526224911212921143e-01 -4.059548676013946533e-02
2.715195119380950928e-01 -2.754308879375457764e-01
-1.532985419034957886e-01 1.858292967081069946e-01
5.834958329796791077e-02 8.518878370523452759e-02
1.105882748961448669e-01 -1.451374031603336334e-02
2.130826376378536224e-02 1.565484143793582916e-02
-1.266782730817794800e-01 1.523772776126861572e-01
-1.408350467681884766e-01 -2.233679220080375671e-02
1.108580455183982849e-01 -2.462822347879409790e-01
-7.078420370817184448e-02 -5.318125337362289429e-02
-4.665657132863998413e-02 5.026936903595924377e-02
-8.716850727796554565e-02 3.993094339966773987e-02
1.156829074025154114e-01 -3.060507774353027344e-02
-3.552132099866867065e-02 -1.136780753731727600e-01
2.346258908510208130e-01 -5.968772619962692261e-02
-2.121704071760177612e-02 1.319432258605957031e-01
9.200965869240462780e-04 -1.994464173913002014e-02
-7.340538315474987030e-03 -2.838652115315198898e-03
3.391000255942344666e-02 2.998917736113071442e-02
