-1.212561223655939102e-02 1.442632824182510376e-01
-4.249123930931091309e-01 3.368522524833679199e-01
-6.952616572380065918e-02 -1.169834583997726440e-01
-2.647404745221138000e-02 -9.996847063302993774e-02
-3.438977301120758057e-01 2.172317355871200562e-01
1.838759705424308777e-02 2.350794710218906403e-02
5.231373384594917297e-02 -8.147082477807998657e-02
2.171338647603988647e-01 -9.708172827959060669e-02
4.146068170666694641e-02 -3.049318790435791016e-01
2.574987113475799561e-01 -2.561027109622955322e-01
-2.797342538833618164e-01 -1.483144517987966537e-02
8.020590990781784058e-02 -1.022437680512666702e-02
-8.080400526523590088e-03 2.549770474433898926e-01
4.605355486273765564e-02 -1.517749428749084473e-01
-1.746097356081008911e-01 2.062764316797256470e-01
1.709991097450256348e-01 -3.538223505020141602e-01
1.961870044469833374e-01 4.776719212532043457e-02
1.686749905347824097e-01 -2.233602255582809448e-01
1.483072787523269653e-01 -4.825427755713462830e-02
4.240422844886779785e-01 -5.166193246841430664e-01
3.789345920085906982e-02 -9.248118847608566284e-02
-1.149450466036796570e-01 4.499177262187004089e-02
1.978605799376964569e-02 -3.789102658629417419e-02
8.598002791404724121e-02 -5.042060464620590210e-02
7.562411576509475708e-02 -1.460032910108566284e-01
1.257099807262420654e-01 -2.300263494253158569e-01
-5.624328553676605225e-02 2.225477248430252075e-01
6.731143593788146973e-02 -1.600403040647506714e-01
-6.109124049544334412e-02 1.961070299148559570e-02
2.507308721542358398e-01 -9.873596578836441040e-02
6.338060647249221802e-02 2.282346785068511963e-02
2.192870825529098511e-01 2.414040826261043549e-02
1.114100441336631775e-01 -7.513377070426940918e-02
2.685948908329010010e-01 -1.240507289767265320e-01
1.341339666396379471e-02 -2.842238731682300568e-02
-1.667352467775344849e-01 2.494658529758453369e-01
7.040409743785858154e-02 -7.570185512304306030e-02
6.845603138208389282e-02 -9.538329392671585083e-02
-1.099493727087974548e-01 -3.354027494788169861e-02
3.043861361220479012e-03 -2.281146645545959473e-01
3.732431307435035706e-02 -6.370099633932113647e-02
1.042448952794075012e-01 -1.800455152988433838e-01
2.482592463493347168e-01 -4.435579180717468262e-01
1.929494440555572510e-01 -1.547798812389373779e-01
-8.596367388963699341e-02 8.257701992988586426e-02
8.530369400978088379e-02 -8.109190315008163452e-02
-6.493912637233734131e-02 6.401483714580535889e-02
1.589204818010330200e-01 8.047538995742797852e-02
1.198384761810302734e-01 -1.753855645656585693e-01
2.468250244855880737e-01 -9.998900443315505981e-02
-1.832950860261917114e-02 7.880486547946929932e-02
-2.324957698583602905e-01 -5.563340336084365845e-02
-2.071224451065063477e-01 -6.698684766888618469e-03
-1.126877311617136002e-02 5.420998111367225647e-02
5.050595104694366455e-02 1.415501087903976440e-01
2.804225087165832520e-01 -2.036736756563186646e-01
-2.320755869150161743e-01 1.105229184031486511e-01
-2.304743416607379913e-02 4.377927631139755249e-02
1.755593568086624146e-01 2.785668894648551941e-02
-1.928788870573043823e-01 -2.440782031044363976e-03
-6.253064423799514771e-02 -4.219650477170944214e-02
2.779752202332019806e-02 1.859136521816253662e-01
2.115802019834518433e-01 -1.548058688640594482e-01
-1.710784584283828735e-01 1.373096257448196411e-01
2.174655646085739136e-01 -3.254420682787895203e-02
-2.555199861526489258e-01 3.950256407260894775e-01
-1.777894049882888794e-01 4.733969271183013916e-02
-9.029035270214080811e-02 1.089312136173248291e-02
-2.558194696903228760e-01 1.876346915960311890e-01
-3.391501605510711670e-01 1.297949105501174927e-01
4.354381561279296875e-01 -3.684129714965820312e-01
2.786360085010528564e-01 -4.156626760959625244e-01
3.161557912826538086e-01 -3.714225888252258301e-01
2.800454795360565186e-01 -3.766168951988220215e-01
-2.688911557197570801e-01 4.439955353736877441e-01
-1.442453563213348389e-01 2.415141910314559937e-01
-1.779709011316299438e-01 1.411997973918914795e-01
-2.091941088438034058e-01 2.403296828269958496e-01
-5.191759467124938965e-01 5.157430171966552734e-01
1.557492613792419434e-01 -2.152015566825866699e-01
-7.364224642515182495e-02 -5.316680669784545898e-02
3.821978271007537842e-01 -5.023306608200073242e-01
-3.832465410232543945e-02 2.146866619586944580e-01
1.901236027479171753e-01 -3.602576255798339844e-01
1.268220245838165283e-01 -8.034907281398773193e-02
-3.179171979427337646e-01 3.096949458122253418e-01
-1.513728797435760498e-01 2.799391448497772217e-01
-2.627063095569610596e-01 1.137904897332191467e-01
2.409322559833526611e-01 -1.279780715703964233e-01
2.466925829648971558e-01 -2.123151123523712158e-01
-9.439212083816528320e-02 -3.879973897710442543e-03
2.619811892509460449e-01 -2.490471154451370239e-01
-1.848516315221786499e-01 1.208244636654853821e-02
4.016951620578765869e-01 -5.374526977539062500e-01
-1.065287813544273376e-01 2.194402664899826050e-01
-2.812818288803100586e-01 1.236155927181243896e-01
1.038008928298950195e-01 -8.718273788690567017e-02
3.103591799736022949e-01 -5.088628530502319336e-01
-1.964930444955825806e-02 1.065034270286560059e-01
-5.228683948516845703e-01 4.332665801048278809e-01
-7.849922776222229004e-02 6.709077954292297363e-02
-7.745293527841567993e-02 2.470639534294605255e-02
3.059479296207427979e-01 -2.478344589471817017e-01
6.269993185997009277e-01 -6.984082460403442383e-01
1.111721768975257874e-01 -1.436457186937332153e-01
-8.326418697834014893e-02 -7.281333953142166138e-02
4.786664545536041260e-01 -6.867237687110900879e-01
8.176226168870925903e-02 -7.003135234117507935e-02
-2.500033080577850342e-01 3.018959760665893555e-01
1.260160952806472778e-01 6.852108519524335861e-03
-4.678179323673248291e-01 5.118035078048706055e-01
2.132816165685653687e-01 -1.565021276473999023e-01
-6.261871755123138428e-02 4.618913307785987854e-02
2.715448439121246338e-01 -1.928475350141525269e-01
-1.293042898178100586e-01 1.414305865764617920e-01
2.336177788674831390e-02 -7.467699795961380005e-02
-4.849684238433837891e-01 3.995260298252105713e-01
8.673693239688873291e-02 -1.479143500328063965e-01
4.265944063663482666e-01 -4.570437073707580566e-01
4.733047783374786377e-01 -3.652634918689727783e-01
-1.421282142400741577e-01 1.342234574258327484e-02
-1.233230680227279663e-01 6.434650719165802002e-02
4.618702232837677002e-01 -4.605486392974853516e-01
-2.358092069625854492e-01 1.968418657779693604e-01
-2.397607266902923584e-01 1.586677581071853638e-01
7.660090923309326172e-02 1.114153265953063965e-01
-1.044020876288414001e-01 7.582969963550567627e-02
-2.176254987716674805e-01 4.151391088962554932e-01
-1.101295232772827148e+00 1.097730040550231934e+00
3.305532336235046387e-01 -1.756455898284912109e-01
-1.696975082159042358e-01 2.350857481360435486e-02
-1.848904192447662354e-01 3.794378042221069336e-02
-5.904526710510253906e-01 5.242015123367309570e-01
2.501080632209777832e-01 -4.490837156772613525e-01
6.792756915092468262e-01 -6.983835101127624512e-01
6.317729353904724121e-01 -7.980081439018249512e-01
-2.509362697601318359e-01 -1.922709122300148010e-02
-4.860857874155044556e-02 -8.244959637522697449e-03
-4.294425547122955322e-01 2.095412313938140869e-01
-8.295838236808776855e-01 8.667488098144531250e-01
-3.076767325401306152e-01 3.556637465953826904e-01
5.673129558563232422e-01 -6.291969418525695801e-01
-8.667678833007812500e-01 7.037914395332336426e-01
-3.975732252001762390e-02 1.315540373325347900e-01
-2.248872965574264526e-01 1.873985081911087036e-01
8.895805478096008301e-01 -7.546159625053405762e-01
-6.055413484573364258e-01 6.857964396476745605e-01
1.792870402336120605e+00 -1.775463938713073730e+00
1.221270039677619934e-01 -1.148444041609764099e-01
-5.733684301376342773e-01 5.436761379241943359e-01
1.834147572517395020e-01 -1.773809194564819336e-01
3.091699257493019104e-02 -9.146577864885330200e-02
-6.246901750564575195e-01 4.499355256557464600e-01
1.186850786209106445e+00 -1.205148935317993164e+00
8.472834229469299316e-01 -9.041411280632019043e-01
2.219943404197692871e-01 -1.189261749386787415e-01
-5.780208110809326172e-01 8.611237406730651855e-01
6.447204351425170898e-01 -5.689149498939514160e-01
1.045506238937377930e+00 -8.623539805412292480e-01
-2.766951918601989746e-01 6.751582026481628418e-02
-9.667600989341735840e-01 6.815466880798339844e-01
3.819413781166076660e-01 -4.045588374137878418e-01
-1.231513917446136475e-01 1.826685965061187744e-01
5.692649632692337036e-02 -1.384501606225967407e-01
-6.496104598045349121e-02 -4.093910381197929382e-02
5.883385539054870605e-01 -4.851009547710418701e-01
8.408338427543640137e-01 -8.509988784790039062e-01
1.027789592742919922e+00 -1.160947203636169434e+00
8.456011414527893066e-01 -8.540021777153015137e-01
2.451070994138717651e-01 -1.440431922674179077e-01
-1.347896695137023926e+00 1.395527482032775879e+00
-2.485433667898178101e-01 3.415446281433105469e-01
-2.140084803104400635e-01 3.248011767864227295e-01
3.900730907917022705e-01 -4.414095878601074219e-01
1.900208145380020142e-01 -2.515228688716888428e-01
6.425685882568359375e-01 -5.908956527709960938e-01
-5.331996679306030273e-01 7.790998816490173340e-01
1.669572293758392334e-02 -2.293396741151809692e-02
-3.779167234897613525e-01 5.329204797744750977e-01
9.809973835945129395e-02 -2.713529467582702637e-01
-4.541049599647521973e-01 3.204601109027862549e-01
4.161187112331390381e-01 -3.919952809810638428e-01
-1.066938400268554688e+00 1.069728851318359375e+00
5.899246335029602051e-01 -8.006946444511413574e-01
-4.330496788024902344e-01 4.062110185623168945e-01
-1.170656755566596985e-01 6.287775933742523193e-02
1.724901795387268066e+00 -1.796394109725952148e+00
1.309465646743774414e+00 -1.134087920188903809e+00
-1.328642249107360840e+00 1.406612277030944824e+00
-6.353017687797546387e-01 7.153625488281250000e-01
7.850531935691833496e-01 -8.226912617683410645e-01
1.797403246164321899e-01 -1.711909323930740356e-01
-3.438553214073181152e-01 3.812485933303833008e-01
1.967949569225311279e-01 -3.441419005393981934e-01
1.837558746337890625e-01 -3.244354575872421265e-02
-2.687672972679138184e-01 4.058763980865478516e-01
-7.279514521360397339e-02 2.244963310658931732e-02
-5.708683282136917114e-02 -6.771732121706008911e-02
3.616556525230407715e-01 -2.836605012416839600e-01
5.564460754394531250e-01 -5.558546781539916992e-01
-3.101769387722015381e-01 3.050444126129150391e-01
2.064088433980941772e-01 -2.538670599460601807e-01
-1.978384107351303101e-01 1.345525383949279785e-01
-5.055319666862487793e-01 2.356084138154983521e-01
1.140273269265890121e-02 3.316395729780197144e-02
1.979354619979858398e-01 -1.490632891654968262e-01
-6.082767248153686523e-01 7.599523663520812988e-01
9.225515276193618774e-02 -1.659299880266189575e-01
4.112704470753669739e-02 -8.610001206398010254e-02
4.272530227899551392e-02 -9.593550115823745728e-02
-3.106876835227012634e-02 1.320173870772123337e-02
8.588103055953979492e-01 -8.240236043930053711e-01
-2.038243412971496582e-01 1.780874133110046387e-01
-6.394408345222473145e-01 4.353429973125457764e-01
-1.020610779523849487e-01 6.188658997416496277e-02
-1.779507100582122803e-01 1.143567785620689392e-01
-3.553247153759002686e-01 3.436008691787719727e-01
3.362419605255126953e-01 -4.539221525192260742e-01
2.757825255393981934e-01 -2.563544511795043945e-01
-5.901465937495231628e-02 -1.014878600835800171e-01
-3.039705194532871246e-02 -9.631364047527313232e-02
9.900893270969390869e-02 4.036181047558784485e-02
9.450277686119079590e-02 -2.145977914333343506e-01
3.098179996013641357e-01 -2.150335907936096191e-01
-1.168476566672325134e-01 -2.585741132497787476e-02
2.252123355865478516e-01 -3.645356297492980957e-01
9.444627165794372559e-02 3.711847821250557899e-03
-1.953660696744918823e-01 9.108711034059524536e-02
-2.059812545776367188e-01 3.226507902145385742e-01
-9.998621046543121338e-02 1.800417453050613403e-01
2.161265462636947632e-01 -1.966089010238647461e-01
3.377363979816436768e-01 -2.813570201396942139e-01
3.966867625713348389e-01 -1.772895157337188721e-01
6.997507065534591675e-03 1.252309978008270264e-01
-1.896516531705856323e-01 3.808870613574981689e-01
4.328086078166961670e-01 -1.527810692787170410e-01
-8.634591102600097656e-02 8.176358789205551147e-02
5.067759156227111816e-01 -5.031628012657165527e-01
-8.999039977788925171e-02 3.074986115097999573e-02
2.137672603130340576e-01 -1.141011640429496765e-01
-3.459666967391967773e-01 2.716762125492095947e-01
1.969279944896697998e-01 -2.192616164684295654e-01
-3.338077962398529053e-01 2.527979314327239990e-01
1.942832171916961670e-01 -3.577188849449157715e-01
-4.557850658893585205e-01 3.551731705665588379e-01
-9.412929415702819824e-02 1.039533093571662903e-01
-3.333927392959594727e-01 1.573237031698226929e-01
1.758757233619689941e-01 2.009312435984611511e-02
-4.072235897183418274e-02 5.825866013765335083e-02
1.693900376558303833e-01 -1.659254133701324463e-01
2.168994694948196411e-01 -2.393721044063568115e-01
3.109031319618225098e-01 -3.634070456027984619e-01
-4.068374335765838623e-01 5.445472598075866699e-01
-1.318586021661758423e-01 4.974744748324155807e-03
4.689690768718719482e-01 -6.738849878311157227e-01
7.792543619871139526e-02 -2.210465222597122192e-01
