1.414007842540740967e-01 1.067077219486236572e-01
4.991564452648162842e-01 -5.010612607002258301e-01
-1.071030423045158386e-01 1.461222916841506958e-01
-9.229271858930587769e-02 1.250486820936203003e-01
4.047802686691284180e-01 -1.400517225265502930e-01
7.260061800479888916e-02 1.028497964143753052e-01
6.120588257908821106e-02 -1.673098802566528320e-01
-3.837173581123352051e-01 7.596401870250701904e-02
-9.019273519515991211e-02 1.871185600757598877e-01
2.691172361373901367e-01 -3.613082468509674072e-01
3.823408111929893494e-02 1.271467804908752441e-01
-1.190247684717178345e-01 -6.343625485897064209e-02
2.154097557067871094e-01 -3.423699736595153809e-01
4.088862240314483643e-02 -1.648642867803573608e-01
3.538258373737335205e-01 -2.456036210060119629e-01
5.655125975608825684e-01 -7.569121122360229492e-01
-5.895737558603286743e-02 3.159871092066168785e-03
-4.455011710524559021e-02 -9.967405349016189575e-03
-3.098961412906646729e-01 3.376903533935546875e-01
1.217234879732131958e-01 -7.791547477245330811e-02
1.083154976367950439e-01 4.867409542202949524e-02
1.609429270029067993e-01 -4.726931452751159668e-02
-1.241900175809860229e-01 7.970856130123138428e-02
5.184945836663246155e-02 2.663750946521759033e-02
-5.127165317535400391e-01 5.526960492134094238e-01
-1.088819205760955811e-01 1.010634526610374451e-01
-3.018272574990987778e-03 2.082122489809989929e-02
-2.195731550455093384e-02 -7.116800639778375626e-03
-4.105139374732971191e-01 5.338614583015441895e-01
5.024152249097824097e-02 -5.444164574146270752e-02
-2.451560795307159424e-01 2.417696416378021240e-01
2.428240478038787842e-01 -1.264290809631347656e-01
1.692837476730346680e-01 -3.739190101623535156e-02
2.413002997636795044e-01 -9.799733757972717285e-02
2.673321031033992767e-02 2.531088888645172119e-02
-1.298837959766387939e-01 2.535876333713531494e-01
-2.755262851715087891e-01 2.336351424455642700e-01
1.696279644966125488e-01 -1.654674559831619263e-01
-1.129575669765472412e-01 6.302812695503234863e-02
9.881846606731414795e-02 -1.377829462289810181e-01
2.406097501516342163e-01 3.212106879800558090e-03
-9.948436915874481201e-02 -3.806122019886970520e-02
-1.789436787366867065e-01 -3.759474307298660278e-02
-1.651514023542404175e-01 1.056546121835708618e-01
1.001847833395004272e-01 -2.221819162368774414e-01
3.832651376724243164e-01 -5.176285505294799805e-01
2.561479806900024414e-01 -2.912415564060211182e-01
1.014260798692703247e-01 -1.330497413873672485e-01
2.121779024600982666e-01 -1.225969269871711731e-01
5.515228211879730225e-02 -2.513912022113800049e-01
-2.690106928348541260e-01 3.207703530788421631e-01
-4.486547410488128662e-01 3.433526158332824707e-01
-3.503792919218540192e-03 9.676443785429000854e-02
1.272919476032257080e-01 -1.705770641565322876e-01
9.940998256206512451e-02 6.983901560306549072e-02
1.598713099956512451e-01 -3.907432854175567627e-01
2.134755551815032959e-01 -2.105565667152404785e-01
4.869829863309860229e-02 -3.755209967494010925e-02
1.339284628629684448e-01 -1.541546285152435303e-01
3.314842879772186279e-01 -2.506999671459197998e-01
-2.662421762943267822e-01 2.930024266242980957e-02
5.091090798377990723e-01 -4.800445735454559326e-01
-3.365615606307983398e-01 8.395528048276901245e-02
8.330010622739791870e-02 -1.987117901444435120e-02
-1.786022484302520752e-01 2.728347480297088623e-02
9.243972301483154297e-01 -1.046193122863769531e+00
2.922572009265422821e-02 9.265895001590251923e-03
3.137214854359626770e-02 6.758558005094528198e-02
8.399607241153717041e-02 -1.359804570674896240e-01
-2.142596691846847534e-01 1.434023678302764893e-01
-2.312244325876235962e-01 4.252147674560546875e-01
-8.347623348236083984e-01 7.428407669067382812e-01
-2.128523439168930054e-01 2.739308178424835205e-01
6.558225154876708984e-01 -5.590927004814147949e-01
1.849471777677536011e-01 -5.051882192492485046e-02
3.901726603507995605e-01 -2.421682178974151611e-01
-2.850386798381805420e-01 2.660793662071228027e-01
-1.112496200948953629e-02 -2.121335864067077637e-01
9.382591396570205688e-02 -1.468846797943115234e-01
6.445622444152832031e-01 -5.884688496589660645e-01
-1.398904770612716675e-01 -1.024493575096130371e-01
-5.702722072601318359e-01 5.850986242294311523e-01
-5.120533108711242676e-01 4.364367127418518066e-01
-2.758983336389064789e-02 -9.287164546549320221e-03
-1.901507973670959473e-01 6.233746930956840515e-02
-1.860468685626983643e-01 1.866048574447631836e-01
1.545994728803634644e-01 -3.265188038349151611e-01
4.139390885829925537e-01 -6.435126662254333496e-01
-2.043958604335784912e-01 1.606546491384506226e-01
-8.797156810760498047e-01 8.072893023490905762e-01
-2.997036278247833252e-01 1.450058668851852417e-01
1.247265636920928955e-01 8.689253777265548706e-02
-1.317843943834304810e-01 1.792628616094589233e-01
1.044737249612808228e-01 1.168023571372032166e-01
-4.461017251014709473e-01 5.097278356552124023e-01
5.446975231170654297e-01 -6.316087841987609863e-01
5.216832160949707031e-01 -5.731838941574096680e-01
9.984405338764190674e-02 5.721229314804077148e-02
1.765586286783218384e-01 -3.146454393863677979e-01
-9.437102079391479492e-02 9.552489221096038818e-02
1.806656122207641602e-01 -3.586773276329040527e-01
-1.835500448942184448e-01 2.779048383235931396e-01
1.706542968750000000e-01 -1.899702101945877075e-02
-2.539975382387638092e-02 -1.560931354761123657e-01
2.482479996979236603e-02 5.240303289610892534e-05
7.034072279930114746e-01 -4.677443206310272217e-01
1.323104053735733032e-01 -3.300158977508544922e-01
2.336917221546173096e-01 -2.318183332681655884e-01
4.388192296028137207e-01 -4.647802412509918213e-01
1.954949200153350830e-01 -1.586859524250030518e-01
1.440757364034652710e-01 1.041173040866851807e-01
1.407392024993896484e-01 -2.575193643569946289e-01
4.961654543876647949e-01 -4.347390830516815186e-01
7.012079656124114990e-02 2.939146198332309723e-02
3.469248116016387939e-01 -1.652586311101913452e-01
-4.630306363105773926e-01 6.370129585266113281e-01
-4.221839010715484619e-01 2.200628370046615601e-01
3.931151926517486572e-01 -1.396016329526901245e-01
1.551727112382650375e-02 -8.374390751123428345e-02
-7.127816230058670044e-02 -5.186868086457252502e-02
7.670794427394866943e-02 -1.725888550281524658e-01
3.038524687290191650e-01 -1.164501160383224487e-01
-2.874262630939483643e-01 3.931038975715637207e-01
-1.325666308403015137e-01 3.336040079593658447e-01
-7.412120699882507324e-01 6.689116954803466797e-01
1.464740484952926636e-01 -1.971710473299026489e-01
-1.673490740358829498e-02 3.689216822385787964e-02
1.322533935308456421e-01 -1.228471025824546814e-01
-1.520822644233703613e-01 -1.162478849291801453e-01
1.017281562089920044e-01 -1.687236875295639038e-01
-1.545911133289337158e-01 2.106640636920928955e-01
-1.018633097410202026e-01 1.643646657466888428e-01
-5.189542099833488464e-02 -9.581267833709716797e-02
2.935353666543960571e-03 1.767351478338241577e-01
3.376590013504028320e-01 -3.579619824886322021e-01
-3.441504836082458496e-01 2.276002913713455200e-01
-1.698448210954666138e-01 7.722038775682449341e-02
-6.156364455819129944e-02 -5.177238583564758301e-02
-1.871826685965061188e-02 6.485145539045333862e-02
1.655987203121185303e-01 -2.928945235908031464e-02
4.402491450309753418e-01 -4.154493808746337891e-01
-2.159116789698600769e-02 6.777867674827575684e-02
1.276682466268539429e-01 -1.537933498620986938e-01
-5.187379941344261169e-02 2.713075093924999237e-02
5.144012346863746643e-02 -9.163600206375122070e-02
3.500264585018157959e-01 -3.420223891735076904e-01
-1.592415869235992432e-01 1.932169646024703979e-01
-8.640817552804946899e-02 1.271335780620574951e-01
-2.319322377443313599e-01 1.418974101543426514e-01
-1.095718666911125183e-01 1.681421399116516113e-01
2.464724928140640259e-01 -2.591719925403594971e-01
-6.912755966186523438e-02 3.304157853126525879e-01
-2.194063663482666016e-01 -3.490851819515228271e-02
-1.508189886808395386e-01 9.876877814531326294e-02
-5.986901745200157166e-02 4.837674275040626526e-02
2.635715901851654053e-01 -2.420222014188766479e-01
4.281748458743095398e-02 -1.522931158542633057e-01
-5.565919354557991028e-02 2.751631475985050201e-02
-3.547509433701634407e-03 -1.870954930782318115e-01
9.330983459949493408e-02 -9.357488900423049927e-02
4.148417711257934570e-01 -4.321274161338806152e-01
-2.400508224964141846e-01 3.819016814231872559e-01
-1.188882887363433838e-01 6.664497405290603638e-02
-8.603839576244354248e-02 1.239334642887115479e-01
2.455217689275741577e-01 -3.956086337566375732e-01
5.830154195427894592e-02 -1.234313622117042542e-01
-2.565099298954010010e-01 5.335138365626335144e-02
2.159052342176437378e-01 -1.145965158939361572e-01
-1.101527884602546692e-01 1.958979964256286621e-01
5.776036381721496582e-01 -6.687953472137451172e-01
-7.384210079908370972e-02 1.510128825902938843e-01
5.985646247863769531e-01 -6.081888675689697266e-01
-1.352147548459470272e-03 -3.888579457998275757e-02
-1.328420042991638184e-01 1.622059494256973267e-01
-4.117089509963989258e-01 4.512410163879394531e-01
3.295665234327316284e-02 -1.124730408191680908e-01
-3.019037246704101562e-01 3.047502636909484863e-01
1.746736913919448853e-01 -2.663696408271789551e-01
9.426160156726837158e-02 1.954236626625061035e-01
-5.823212862014770508e-01 3.522028625011444092e-01
-5.525837093591690063e-02 3.380322828888893127e-02
-2.830523550510406494e-01 1.752291917800903320e-01
-2.294299751520156860e-01 4.059520661830902100e-01
7.145332545042037964e-02 5.182964727282524109e-02
1.428501605987548828e-01 -1.218157857656478882e-01
2.808015346527099609e-01 -3.364125192165374756e-01
-1.222177967429161072e-01 3.619011864066123962e-02
2.398597821593284607e-02 1.905844733119010925e-02
-1.504020765423774719e-02 1.738118939101696014e-02
1.591749191284179688e-01 -1.148694455623626709e-01
1.168778464198112488e-01 -1.025273352861404419e-01
1.010161861777305603e-01 -9.006482362747192383e-02
2.335604652762413025e-02 -1.567156165838241577e-01
5.375301092863082886e-02 7.969352602958679199e-02
-1.969272084534168243e-02 1.704295128583908081e-01
-1.431278437376022339e-01 8.044166117906570435e-02
-1.999613940715789795e-01 2.845883369445800781e-01
1.188034638762474060e-01 -5.003184452652931213e-02
6.081446632742881775e-02 -1.480568107217550278e-02
-2.155850976705551147e-01 2.806020081043243408e-01
5.434552952647209167e-02 1.411364041268825531e-02
-1.024416461586952209e-01 -1.770319789648056030e-01
-1.020426489412784576e-02 -2.353880852460861206e-01
-5.306150019168853760e-02 -8.587479591369628906e-02
-4.539343342185020447e-02 1.931589841842651367e-01
-1.815733164548873901e-01 3.522454500198364258e-01
1.105314791202545166e-01 -3.677625656127929688e-01
-4.841566830873489380e-02 -5.860087275505065918e-02
-2.354199811816215515e-02 -8.037306368350982666e-03
3.279561921954154968e-02 6.859260797500610352e-02
-3.787257671356201172e-01 2.282347828149795532e-01
1.348820775747299194e-01 -1.248954758048057556e-01
3.774291137233376503e-03 -3.735994175076484680e-02
9.452011436223983765e-02 -2.519148290157318115e-01
2.032920420169830322e-01 -2.017609030008316040e-01
-1.089411787688732147e-02 -1.640035212039947510e-01
-1.498054899275302887e-02 1.993125826120376587e-01
4.010978341102600098e-02 -1.997335851192474365e-01
7.530242204666137695e-02 -2.739907205104827881e-01
1.176901385188102722e-01 -2.510690093040466309e-01
-6.363763660192489624e-02 1.769124567508697510e-01
2.204188108444213867e-01 -2.186804860830307007e-01
1.896546036005020142e-01 -1.158810257911682129e-01
1.279543489217758179e-01 -1.720097064971923828e-01
5.580567196011543274e-02 -1.630705893039703369e-01
-9.082666039466857910e-02 1.572435200214385986e-01
-1.238203570246696472e-01 4.066456481814384460e-02
-2.022351324558258057e-01 -5.696437135338783264e-02
-6.480993237346410751e-03 1.241955980658531189e-01
-2.344630658626556396e-01 1.735823005437850952e-01
5.563680827617645264e-02 -5.512954667210578918e-02
-3.943420946598052979e-01 2.920656204223632812e-01
4.793648794293403625e-02 1.690987646579742432e-01
1.030915230512619019e-01 -1.084618419408798218e-01
-4.655594378709793091e-02 -1.249347329139709473e-01
1.826202869415283203e-02 -7.377222925424575806e-02
1.749492734670639038e-01 -2.147295773029327393e-01
-3.622978627681732178e-01 5.234668254852294922e-01
-1.103979647159576416e-01 9.140399098396301270e-02
1.050986200571060181e-01 -2.070521935820579529e-03
-4.303839430212974548e-02 4.434186965227127075e-02
6.491684168577194214e-02 6.738391518592834473e-02
4.340020939707756042e-02 7.062021642923355103e-02
-3.701645731925964355e-01 1.386006623506546021e-01
-1.430824678391218185e-02 -2.753523886203765869e-01
8.215181529521942139e-02 9.795596823096275330e-03
-1.357474774122238159e-01 1.301708072423934937e-01
-5.563187599182128906e-02 -1.262684166431427002e-01
2.220525592565536499e-01 -7.233112119138240814e-03
-2.035689502954483032e-01 1.964709609746932983e-01
7.472267001867294312e-02 -1.202347800135612488e-01
-4.014786705374717712e-02 -1.237018778920173645e-02
-1.712167561054229736e-01 2.259164303541183472e-01
2.080064713954925537e-01 -4.509811848402023315e-02
-1.647365987300872803e-01 1.386927254498004913e-02
-6.950109452009201050e-02 2.609249055385589600e-01
