-2.045292556285858154e-01 1.860253959894180298e-01
1.055576279759407043e-01 -3.208151832222938538e-02
-5.600162595510482788e-02 4.003279656171798706e-02
3.203407302498817444e-02 -5.557328462600708008e-02
-1.100377514958381653e-01 1.121865585446357727e-02
5.587905645370483398e-02 -6.057537160813808441e-03
4.966273531317710876e-02 -7.525514066219329834e-02
-4.170740395784378052e-02 -3.785717859864234924e-02
-5.911096185445785522e-02 -1.000362262129783630e-02
-2.077956683933734894e-02 1.116585284471511841e-01
6.836547702550888062e-02 -1.436937749385833740e-01
7.791109383106231689e-02 -9.847903251647949219e-02
1.298334170132875443e-02 2.417807467281818390e-02
7.498696446418762207e-02 -1.427098214626312256e-01
-1.722804754972457886e-01 1.619522459805011749e-02
2.068766653537750244e-01 8.155278116464614868e-02
-2.311348728835582733e-02 -5.871095135807991028e-02
-7.832532376050949097e-02 -5.096852034330368042e-02
6.388262659311294556e-02 1.873349398374557495e-02
2.474891394376754761e-01 1.051152199506759644e-01
4.330103471875190735e-02 -1.405154615640640259e-01
1.771707236766815186e-01 -1.036772057414054871e-01
1.057767197489738464e-01 -1.636247038841247559e-01
-1.580844633281230927e-03 -9.068509191274642944e-02
1.470998972654342651e-01 1.093755215406417847e-01
1.040783971548080444e-01 3.245608136057853699e-02
-2.018948793411254883e-01 2.078940570354461670e-01
1.663725823163986206e-02 -7.498338073492050171e-02
2.309878915548324585e-02 -5.446140840649604797e-02
1.783107370138168335e-01 1.179365441203117371e-01
-7.830253243446350098e-02 4.146626964211463928e-02
-5.713148042559623718e-02 2.237975783646106720e-02
3.923544194549322128e-03 1.918082498013973236e-02
-1.997357979416847229e-02 3.722334280610084534e-02
6.902807205915451050e-02 1.209908351302146912e-02
-1.000301241874694824e-01 -7.124554365873336792e-03
7.733540236949920654e-02 8.327525854110717773e-02
1.951982080936431885e-02 1.591524630784988403e-01
6.671541929244995117e-02 1.384641136974096298e-02
9.277936816215515137e-02 4.340234026312828064e-02
1.774940788745880127e-01 -2.621755562722682953e-02
-4.442006722092628479e-02 -1.032495871186256409e-01
-1.694612018764019012e-02 -6.515195965766906738e-02
1.123491767793893814e-02 1.120236814022064209e-01
-6.784196197986602783e-02 -5.776660144329071045e-02
-1.070221737027168274e-01 7.295361161231994629e-02
3.985489159822463989e-02 1.668067574501037598e-01
-1.640709340572357178e-01 9.486649185419082642e-02
5.410131067037582397e-02 -9.526772052049636841e-02
1.017861515283584595e-01 9.258264675736427307e-03
-1.260275691747665405e-01 -7.788833975791931152e-02
-4.992980509996414185e-02 5.895835533738136292e-02
-4.796025156974792480e-02 -1.295049786567687988e-01
5.271375179290771484e-02 -9.417960792779922485e-02
-3.763268887996673584e-02 -8.826988190412521362e-02
-6.240328773856163025e-02 9.507069736719131470e-02
-4.320872947573661804e-03 4.946829751133918762e-02
1.285447478294372559e-01 5.374678596854209900e-02
-2.253747917711734772e-02 -1.508678495883941650e-01
-1.240842882543802261e-02 1.054885759949684143e-01
4.604244604706764221e-02 -2.853208780288696289e-02
1.645192503929138184e-01 8.105438202619552612e-02
-5.404962599277496338e-02 -2.678294107317924500e-02
-2.013523690402507782e-02 -3.133552148938179016e-02
-1.433747410774230957e-01 4.964072257280349731e-03
-3.921026363968849182e-02 1.526828408241271973e-01
3.800509870052337646e-02 -4.964570049196481705e-03
-8.535421639680862427e-02 1.519071608781814575e-01
8.800821378827095032e-03 -6.930724531412124634e-02
1.321451812982559204e-01 -3.571655601263046265e-02
5.643037334084510803e-02 -1.333587616682052612e-01
-1.628836393356323242e-01 5.756013095378875732e-02
6.789515167474746704e-02 -2.331595495343208313e-02
6.609680131077766418e-03 -5.746579263359308243e-03
-1.407919079065322876e-01 2.590844929218292236e-01
9.913510642945766449e-03 9.499140828847885132e-02
-1.435714960098266602e-01 -1.738258153200149536e-01
-2.408586814999580383e-02 -1.426270306110382080e-01
1.039141416549682617e-02 1.047856872901320457e-03
6.287977099418640137e-02 -4.839703068137168884e-02
-3.836718946695327759e-02 -5.261085182428359985e-02
3.562003001570701599e-02 -1.007523089647293091e-01
-1.150250658392906189e-01 -1.795464456081390381e-01
-4.406629502773284912e-02 2.300252579152584076e-02
3.057120367884635925e-02 1.798379234969615936e-02
-1.229206174612045288e-01 -9.844582527875900269e-02
1.374033689498901367e-01 -2.862378954887390137e-01
4.557016119360923767e-02 8.791089802980422974e-02
-1.641589030623435974e-02 4.860998690128326416e-02
-1.119940727949142456e-01 2.414263226091861725e-02
-2.563629746437072754e-01 3.547720238566398621e-02
-1.281547825783491135e-02 2.290666289627552032e-02
-1.507878024131059647e-02 -7.054854184389114380e-02
-7.975049316883087158e-02 1.765834516845643520e-03
1.690545976161956787e-01 9.010470658540725708e-02
-1.520928740501403809e-02 5.443925037980079651e-02
4.786128178238868713e-02 4.279752075672149658e-02
-3.080381453037261963e-02 -5.246837809681892395e-02
2.562266886234283447e-01 -1.217103898525238037e-01
8.032172918319702148e-02 -1.664042174816131592e-01
3.933707624673843384e-02 1.497803926467895508e-01
5.996836349368095398e-02 8.151727914810180664e-02
1.673457175493240356e-01 -9.700969606637954712e-02
4.714172333478927612e-02 -7.557789981365203857e-02
1.196716353297233582e-01 1.210246048867702484e-02
4.231129959225654602e-02 5.326111242175102234e-02
1.286606490612030029e-01 -2.621926665306091309e-01
-1.967085152864456177e-01 2.088344097137451172e-01
-3.451228886842727661e-02 -1.490063816308975220e-01
-5.266790278255939484e-03 1.065094843506813049e-01
-1.750800460577011108e-01 1.232875064015388489e-01
-7.908236980438232422e-02 2.018148824572563171e-02
-6.877874024212360382e-03 9.223769605159759521e-02
1.000691205263137817e-01 1.040610764175653458e-02
1.311267614364624023e-01 -1.282785367220640182e-02
2.779213488101959229e-01 -1.809184402227401733e-01
9.973990917205810547e-02 -1.174718141555786133e-01
8.257390558719635010e-02 -7.226017117500305176e-02
-2.197116240859031677e-02 -1.166959553956985474e-01
-1.277787089347839355e-01 2.322715967893600464e-01
6.376892793923616409e-03 1.084788218140602112e-01
6.794011592864990234e-02 -1.939691305160522461e-01
-6.279320269823074341e-02 4.695504531264305115e-02
-5.215757060796022415e-03 -9.536048024892807007e-02
1.646808534860610962e-01 -6.493967771530151367e-02
-6.953530758619308472e-02 -1.367239467799663544e-02
1.773398965597152710e-01 6.226695701479911804e-02
2.905919775366783142e-02 5.271281674504280090e-02
-1.024879589676856995e-01 -9.472981328144669533e-04
1.120262518525123596e-01 -6.087426468729972839e-02
3.586298599839210510e-02 -1.140801683068275452e-01
1.040810793638229370e-01 -1.899397969245910645e-01
-5.096440017223358154e-02 1.132578626275062561e-01
-7.933372259140014648e-02 3.787495568394660950e-02
2.500163614749908447e-01 -1.451874673366546631e-01
5.320620909333229065e-02 -1.698422804474830627e-02
-1.555233150720596313e-01 5.352941341698169708e-03
1.553244050592184067e-02 3.223934769630432129e-02
-3.262816742062568665e-02 -1.548107415437698364e-01
-1.142932772636413574e-01 1.588587611913681030e-01
-1.140125766396522522e-01 -4.365439340472221375e-02
6.302247196435928345e-02 -3.310306072235107422e-01
5.836943164467811584e-02 -5.619105324149131775e-02
-1.177965924143791199e-01 -1.093374714255332947e-01
1.981558501720428467e-01 8.851597458124160767e-02
1.263689249753952026e-01 -3.717359900474548340e-02
1.666695773601531982e-01 3.494862467050552368e-02
-1.097993254661560059e-01 -1.066958978772163391e-01
-1.116793900728225708e-01 6.388891488313674927e-02
-2.810144126415252686e-01 1.425437778234481812e-01
2.904599010944366455e-01 -3.292652070522308350e-01
2.338172681629657745e-02 -3.127771988511085510e-02
5.784120038151741028e-02 2.084306627511978149e-02
-2.975002527236938477e-01 2.157422006130218506e-01
3.894397020339965820e-01 -4.009588956832885742e-01
1.325655728578567505e-01 -9.834100492298603058e-03
1.809597387909889221e-02 -1.992456242442131042e-02
-1.635314673185348511e-01 1.650705337524414062e-01
-2.684213221073150635e-02 3.915465250611305237e-02
2.065887674689292908e-02 1.681990325450897217e-01
-3.281955420970916748e-02 -6.212086603045463562e-02
-3.713527321815490723e-02 1.308592408895492554e-01
7.232715934514999390e-02 -5.163512751460075378e-02
-6.303858011960983276e-02 1.804482787847518921e-01
-1.960186213254928589e-01 1.518166810274124146e-01
1.991413161158561707e-02 2.655946612358093262e-01
-1.198658570647239685e-01 1.256883889436721802e-01
1.957842558622360229e-01 -3.330874741077423096e-01
-8.221213519573211670e-02 -5.898430943489074707e-02
8.561220765113830566e-02 8.888056501746177673e-03
-1.000856384634971619e-01 1.441160216927528381e-02
-2.929230332374572754e-01 2.713127732276916504e-01
1.549469530582427979e-01 -5.782921239733695984e-02
-2.105947770178318024e-02 -1.592160016298294067e-01
-4.765555262565612793e-02 -3.310289606451988220e-02
-3.337863683700561523e-01 2.716295123100280762e-01
-4.514217972755432129e-01 4.631071388721466064e-01
1.473670452833175659e-01 -1.222295537590980530e-01
-1.314115803688764572e-02 -9.810271859169006348e-02
1.105018556118011475e-01 -2.232409715652465820e-01
-4.405834153294563293e-02 -5.952753499150276184e-02
1.220769807696342468e-01 -2.380524277687072754e-01
-5.760002136230468750e-02 1.316006481647491455e-01
-8.787680417299270630e-02 8.052793890237808228e-02
-8.113750815391540527e-02 -2.679255045950412750e-02
-3.898362219333648682e-01 5.934981703758239746e-01
-1.599308252334594727e-01 1.102025657892227173e-01
1.979795843362808228e-02 -1.649481952190399170e-01
-2.317398637533187866e-01 1.939021497964859009e-01
-4.629220962524414062e-01 2.624886333942413330e-01
1.351714134216308594e-01 -2.063965946435928345e-01
2.331309467554092407e-01 -2.135229855775833130e-01
3.788176551461219788e-02 -2.750054895877838135e-01
-7.686407119035720825e-02 -9.614974260330200195e-03
-1.005599945783615112e-01 1.318046450614929199e-01
-4.024201333522796631e-01 3.290774524211883545e-01
-4.082249104976654053e-02 -1.703775674104690552e-02
-3.804954234510660172e-03 -1.969477534294128418e-01
9.408330917358398438e-02 1.229298710823059082e-01
-7.546474784612655640e-02 3.104874305427074432e-02
1.945452182553708553e-03 6.020009517669677734e-03
-1.719147413969039917e-01 1.388245373964309692e-01
3.055057674646377563e-02 -1.284369379281997681e-01
-1.876248717308044434e-01 1.624515652656555176e-01
1.040977761149406433e-01 -2.610818743705749512e-01
-1.140441149473190308e-01 -1.260346770286560059e-01
-1.286617219448089600e-01 -1.448314189910888672e-01
-5.899043008685112000e-02 1.540641952306032181e-02
-3.444778546690940857e-02 6.903333961963653564e-02
9.985560923814773560e-02 -2.041834145784378052e-01
6.405012309551239014e-02 3.301070630550384521e-02
-8.931133151054382324e-02 1.513183712959289551e-01
-1.778686344623565674e-01 2.808582484722137451e-01
5.030157044529914856e-02 -2.871617078781127930e-01
4.162020608782768250e-02 -1.364893019199371338e-01
-1.440997701138257980e-02 1.912172883749008179e-01
-6.265069544315338135e-02 7.094042003154754639e-02
-1.602359302341938019e-02 7.259923964738845825e-03
-2.920810878276824951e-01 9.299083054065704346e-02
1.967405825853347778e-01 -1.321908831596374512e-01
-5.913389846682548523e-02 -8.081617206335067749e-02
6.155506521463394165e-02 -1.102365255355834961e-01
-3.317261114716529846e-02 -1.033182144165039062e-01
4.742569848895072937e-02 -4.113192483782768250e-02
6.957673002034425735e-03 4.234548285603523254e-02
-2.915542721748352051e-01 3.563023209571838379e-01
8.104120381176471710e-03 2.307386398315429688e-01
1.526882648468017578e-01 -1.636562054045498371e-03
-8.972160518169403076e-02 2.541464865207672119e-01
-6.129668559879064560e-03 -8.794105052947998047e-02
2.193676233291625977e-01 1.039970293641090393e-02
1.312780678272247314e-01 5.952342227101325989e-02
1.437210589647293091e-01 -1.051117777824401855e-01
1.415270715951919556e-01 -1.072834506630897522e-01
1.905832141637802124e-01 2.299167914316058159e-03
-1.322690099477767944e-01 1.236334741115570068e-01
2.533261850476264954e-02 4.300462827086448669e-02
-1.834287792444229126e-01 1.086836960166692734e-02
-2.614639997482299805e-01 -1.651111990213394165e-02
2.683188021183013916e-02 -3.442584769800305367e-03
-5.732678622007369995e-02 1.940425187349319458e-01
9.662359952926635742e-02 -1.095659211277961731e-01
-1.032169461250305176e-01 1.192957907915115356e-01
-6.665260065346956253e-03 5.144774168729782104e-02
4.340002313256263733e-02 -2.049195170402526855e-01
4.394249990582466125e-02 -1.587058044970035553e-02
1.084479838609695435e-01 -1.820790022611618042e-01
1.253547370433807373e-01 -4.547884315252304077e-02
-5.766310170292854309e-02 1.491635441780090332e-01
-1.177590563893318176e-01 2.019567340612411499e-01
1.384608298540115356e-01 -1.265935897827148438e-01
-7.849921286106109619e-02 -1.175843924283981323e-01
-1.285862177610397339e-01 9.416460990905761719e-02
2.973996102809906006e-02 1.012715920805931091e-01
9.198094159364700317e-02 2.349630557000637054e-02
3.350767865777015686e-02 -3.833134844899177551e-02
