1.780346930027008057e-01 1.327690482139587402e-02
4.080489575862884521e-01 -3.684730529785156250e-01
-1.829315423965454102e-01 2.094711214303970337e-01
-1.161780394613742828e-02 1.599538773298263550e-01
-2.483340650796890259e-01 4.381071925163269043e-01
1.601848192512989044e-02 -3.413803130388259888e-02
-3.305966258049011230e-01 4.324792623519897461e-01
3.416182845830917358e-02 -7.870322465896606445e-02
2.132921665906906128e-01 -2.282734215259552002e-01
-8.774438500404357910e-02 4.139029886573553085e-03
-1.262903064489364624e-01 1.332903653383255005e-01
5.341830104589462280e-02 -6.774868071079254150e-02
7.865636795759201050e-02 -1.833384633064270020e-01
-3.264221176505088806e-02 4.682836681604385376e-02
2.730314433574676514e-01 -2.531826794147491455e-01
-3.276817873120307922e-02 1.602286100387573242e-01
7.101821154356002808e-02 -6.058654561638832092e-02
1.908935308456420898e-01 -1.749186515808105469e-01
-1.624286919832229614e-01 -3.277786308899521828e-03
2.371631264686584473e-01 -8.314146101474761963e-02
-1.187041252851486206e-01 1.648162901401519775e-01
-8.737864345312118530e-02 1.431468278169631958e-01
-2.831976115703582764e-01 3.277648687362670898e-01
2.150651216506958008e-01 -2.173016071319580078e-01
1.942294836044311523e-01 -3.140825629234313965e-01
2.863095700740814209e-01 -2.443856745958328247e-01
1.511511951684951782e-01 -1.876676082611083984e-01
6.675736606121063232e-02 4.752882942557334900e-02
-6.727411597967147827e-02 7.044973969459533691e-02
-9.594718366861343384e-02 -4.999915882945060730e-02
4.185342043638229370e-02 2.527329921722412109e-01
2.189748361706733704e-02 -2.315218150615692139e-01
2.446248382329940796e-02 2.286784350872039795e-01
8.843803405761718750e-02 5.044325068593025208e-02
2.559895515441894531e-01 -2.659225761890411377e-01
-3.885489329695701599e-02 -1.821469515562057495e-02
4.770140349864959717e-02 -9.092469513416290283e-02
7.905320823192596436e-02 -3.744813799858093262e-02
1.888884305953979492e-01 8.747140318155288696e-02
-8.833273500204086304e-02 -1.836477406322956085e-02
-2.548841834068298340e-01 7.396385818719863892e-02
-9.129683673381805420e-02 1.942778229713439941e-01
9.354974329471588135e-02 5.254440382122993469e-02
-4.880883172154426575e-02 1.034599021077156067e-01
-3.439059946686029434e-03 3.177306428551673889e-02
-3.761211782693862915e-02 1.113286688923835754e-01
-2.468698024749755859e-01 5.408958345651626587e-02
2.313594371080398560e-01 -2.552576065063476562e-01
2.682881355285644531e-01 -3.018380999565124512e-01
1.456931680440902710e-01 -1.570250391960144043e-01
1.801979690790176392e-01 5.437230691313743591e-02
-3.278814554214477539e-01 4.492684602737426758e-01
-1.067546010017395020e-01 1.287208795547485352e-01
-1.600523591041564941e-01 4.674052596092224121e-01
3.107062280178070068e-01 -1.932888850569725037e-02
-2.502898126840591431e-02 -6.206252053380012512e-02
3.439629673957824707e-01 -2.392752468585968018e-01
9.272625297307968140e-02 1.502926051616668701e-01
2.166203558444976807e-01 -3.996899724006652832e-02
7.802839390933513641e-03 -1.159694194793701172e-01
1.340329498052597046e-01 -9.959436720237135887e-04
-1.531772222369909286e-02 -4.517510533332824707e-02
-9.458895027637481689e-02 6.887590885162353516e-02
4.209547936916351318e-01 -3.833646178245544434e-01
1.472747623920440674e-01 -2.381038069725036621e-01
3.180039823055267334e-01 -3.127974271774291992e-01
-9.877164661884307861e-02 3.151216208934783936e-01
-2.885702848434448242e-01 4.056256413459777832e-01
-1.601313501596450806e-01 2.453591823577880859e-01
-3.135497570037841797e-01 8.718387037515640259e-02
5.301978439092636108e-02 3.628622740507125854e-02
1.184967607259750366e-01 -1.324719488620758057e-01
1.111168637871742249e-01 5.988676100969314575e-02
-1.120302453637123108e-01 2.753728628158569336e-01
5.182296037673950195e-02 1.556078195571899414e-01
2.872615158557891846e-01 -3.991793692111968994e-01
1.999232731759548187e-02 -1.965975910425186157e-01
1.277939230203628540e-01 8.367385715246200562e-02
-1.179964467883110046e-01 4.053750261664390564e-02
-9.068018198013305664e-02 -6.077341735363006592e-02
1.519705504179000854e-01 7.793521508574485779e-03
2.455053031444549561e-01 -1.647178232669830322e-01
3.299600630998611450e-02 -4.668220132589340210e-02
-3.126300871372222900e-01 5.223605036735534668e-01
2.304154448211193085e-02 3.012176044285297394e-02
-7.818850874900817871e-02 2.259172797203063965e-01
3.878169134259223938e-02 -7.673555612564086914e-02
1.896393597126007080e-01 -6.736406683921813965e-02
2.322143912315368652e-01 -3.662343621253967285e-01
4.302148818969726562e-01 -3.754304051399230957e-01
-1.347405463457107544e-01 9.163487702608108521e-02
2.406131774187088013e-01 -1.388839036226272583e-01
1.002283319830894470e-01 -9.464621543884277344e-02
2.050452530384063721e-01 -2.311467230319976807e-01
-1.484193205833435059e-01 2.244248390197753906e-01
2.883576750755310059e-01 -2.701788544654846191e-01
-9.795009344816207886e-02 -2.942673396319150925e-03
1.601321846246719360e-01 -1.207699184305965900e-03
-1.025704890489578247e-01 1.589916050434112549e-01
2.804925106465816498e-02 2.961972542107105255e-02
2.526415586471557617e-01 -2.512657046318054199e-01
-3.595868125557899475e-02 -2.832061238586902618e-02
1.891511231660842896e-01 -1.218264624476432800e-01
-3.573503494262695312e-01 2.394000291824340820e-01
-6.990050897002220154e-03 7.653367519378662109e-02
-2.021671682596206665e-01 3.324902951717376709e-01
3.570642471313476562e-01 -1.890878230333328247e-01
-1.653701961040496826e-01 8.560338988900184631e-03
-1.466772407293319702e-01 2.093428969383239746e-01
-3.361830115318298340e-01 4.889003932476043701e-01
-1.675482988357543945e-01 3.763099014759063721e-01
5.272226035594940186e-02 -7.892823964357376099e-02
5.293214917182922363e-01 -3.469830453395843506e-01
3.314871490001678467e-01 -3.931891024112701416e-01
-2.654585540294647217e-01 3.653739392757415771e-01
-2.576740086078643799e-01 1.518002301454544067e-01
-1.364283561706542969e-01 -2.509171143174171448e-02
-2.894728481769561768e-01 2.646426260471343994e-01
-2.005365118384361267e-02 6.491468846797943115e-02
-1.289818882942199707e-01 7.406139373779296875e-02
4.138692915439605713e-01 -4.660228490829467773e-01
2.066358923912048340e-01 -7.535602897405624390e-02
2.379726618528366089e-01 -9.846514463424682617e-02
1.766402721405029297e-01 -2.281182259321212769e-01
9.208129346370697021e-02 -1.329037547111511230e-01
3.751282989978790283e-01 -3.185535967350006104e-01
-9.434290230274200439e-02 -1.056816354393959045e-01
5.019189715385437012e-01 -3.065270483493804932e-01
-1.092547103762626648e-01 2.429649084806442261e-01
-2.496070861816406250e-01 2.463179407641291618e-03
-5.027118325233459473e-02 1.052853986620903015e-01
3.737284988164901733e-02 1.701634973287582397e-01
-1.597669720649719238e-02 3.879859298467636108e-02
4.815308004617691040e-02 1.623658649623394012e-02
-3.940675407648086548e-02 2.285267710685729980e-01
1.589958667755126953e-01 -2.188832610845565796e-01
2.253999710083007812e-01 -3.624617159366607666e-01
-3.357479274272918701e-01 1.647369265556335449e-01
2.461785227060317993e-01 -1.156669482588768005e-01
2.582232356071472168e-01 -1.240629106760025024e-01
4.633490741252899170e-01 -3.581818938255310059e-01
2.712014317512512207e-01 -3.853434324264526367e-02
1.795289218425750732e-01 -8.503825962543487549e-02
-1.473699957132339478e-01 8.024750649929046631e-02
-6.568406522274017334e-02 2.424252331256866455e-01
1.125703379511833191e-01 -3.622202202677726746e-02
-4.932921007275581360e-02 3.939108178019523621e-02
4.080284386873245239e-02 -5.713965743780136108e-02
-3.646580576896667480e-01 3.303137421607971191e-01
-1.765855997800827026e-01 2.068205624818801880e-01
8.495263755321502686e-02 -1.733721643686294556e-01
2.143952995538711548e-01 -4.662335216999053955e-01
2.319527566432952881e-01 -1.808133274316787720e-01
1.993101239204406738e-01 -1.946578025817871094e-01
2.515659332275390625e-01 -1.762041300535202026e-01
1.607827693223953247e-01 -1.776896603405475616e-02
8.909007161855697632e-02 -1.499443501234054565e-01
2.767528891563415527e-01 -1.569569259881973267e-01
1.763987988233566284e-01 -1.817354559898376465e-01
-8.460055291652679443e-02 -4.228201881051063538e-02
1.782510057091712952e-02 3.301039040088653564e-01
-2.706532776355743408e-01 3.141390979290008545e-01
3.024843335151672363e-01 -3.598494529724121094e-01
-1.462378650903701782e-01 1.317923963069915771e-01
-9.594212472438812256e-02 4.029268324375152588e-01
-8.481062203645706177e-02 -2.521464601159095764e-02
2.277727425098419189e-01 -3.075846135616302490e-01
1.014159470796585083e-01 -1.822901964187622070e-01
-2.584783434867858887e-01 3.783579543232917786e-02
3.587675094604492188e-01 -2.210305780172348022e-01
-5.380428954958915710e-02 1.295852214097976685e-01
1.103501990437507629e-01 -1.072075441479682922e-01
1.372871398925781250e-01 -2.493673264980316162e-01
-2.192008048295974731e-01 4.008452296257019043e-01
-2.221725881099700928e-01 2.214708328247070312e-01
-1.833833605051040649e-01 1.386825144290924072e-01
1.451204270124435425e-01 -2.530029416084289551e-02
2.829785048961639404e-01 -4.706591069698333740e-01
2.730987966060638428e-01 -1.941866427659988403e-01
-4.161806404590606689e-01 2.738710641860961914e-01
-3.261601552367210388e-02 -3.136353790760040283e-01
-9.953721612691879272e-02 1.634973734617233276e-01
-1.140168216079473495e-02 4.266673326492309570e-02
-9.876438975334167480e-02 1.996771618723869324e-02
2.319173365831375122e-01 -9.683454781770706177e-02
-5.000288411974906921e-02 6.202615424990653992e-02
2.290252596139907837e-01 -4.396140873432159424e-01
1.890106946229934692e-01 -1.858766674995422363e-01
2.500738203525543213e-01 -2.150520086288452148e-01
-2.642241120338439941e-02 -2.886458300054073334e-03
-1.772679984569549561e-01 1.406668275594711304e-01
1.582380533218383789e-01 3.120906837284564972e-02
1.752466559410095215e-01 -2.424509674310684204e-01
1.536773294210433960e-01 -2.231782376766204834e-01
-1.137989833950996399e-01 1.867905110120773315e-01
-1.667844057083129883e-01 2.289076298475265503e-01
-2.145092785358428955e-01 5.397009477019309998e-02
1.797106564044952393e-01 3.517404198646545410e-02
1.520640701055526733e-01 -6.006125733256340027e-02
7.613334059715270996e-02 2.112752012908458710e-02
2.192627936601638794e-01 -1.405446380376815796e-01
-2.515464425086975098e-01 7.111690938472747803e-02
9.998002648353576660e-02 -2.164346398785710335e-03
2.380644530057907104e-01 -1.750601679086685181e-01
1.256595104932785034e-01 -1.181080937385559082e-01
2.777845561504364014e-01 2.568603865802288055e-02
6.874295417219400406e-03 -2.712600678205490112e-02
-3.756383657455444336e-01 4.776849448680877686e-01
6.191697344183921814e-02 1.031430512666702271e-01
2.878103852272033691e-01 -2.047780007123947144e-01
-5.921828374266624451e-02 6.385751068592071533e-02
-5.807606503367424011e-02 2.897707745432853699e-02
-2.230248749256134033e-01 1.725562363862991333e-01
-2.876576967537403107e-02 -6.707814335823059082e-02
5.826621502637863159e-02 -2.318380475044250488e-01
-6.208054348826408386e-02 -1.311599761247634888e-01
1.234288662672042847e-01 -3.337827622890472412e-01
-2.204325646162033081e-01 7.856195420026779175e-02
5.495109036564826965e-02 1.035364642739295959e-01
1.844715029001235962e-01 -1.938656568527221680e-01
1.585464179515838623e-01 -7.474566996097564697e-02
-1.899289935827255249e-01 7.246784865856170654e-02
-2.542945556342601776e-02 1.077951863408088684e-01
3.216977715492248535e-01 -1.959458440542221069e-01
-1.966673731803894043e-01 2.185042500495910645e-01
-1.694646626710891724e-01 1.014153808355331421e-01
-1.555465608835220337e-01 4.076793789863586426e-02
7.537420839071273804e-02 -6.662175059318542480e-02
2.124256640672683716e-01 -2.413812279701232910e-01
-9.828980267047882080e-02 -8.006722480058670044e-02
-5.383265390992164612e-02 -4.170653223991394043e-02
4.646263550966978073e-03 -6.758083403110504150e-02
-1.221293434500694275e-01 3.294574469327926636e-02
2.589616477489471436e-01 -1.181201189756393433e-01
1.083021014928817749e-01 7.881690561771392822e-02
4.135053232312202454e-02 1.603180766105651855e-01
-3.378869593143463135e-02 1.118736714124679565e-01
-3.906589746475219727e-01 1.009098663926124573e-01
-4.202504083514213562e-02 6.546212360262870789e-03
1.181582883000373840e-01 -1.266816258430480957e-02
3.042991645634174347e-02 1.475671529769897461e-01
-5.849260464310646057e-02 1.546688675880432129e-01
2.243540287017822266e-01 -2.497166544198989868e-01
-2.469898015260696411e-01 8.655014634132385254e-02
2.750457525253295898e-01 -1.160385459661483765e-01
-1.921251565217971802e-01 2.928747236728668213e-01
1.202261745929718018e-01 -1.225577294826507568e-01
5.913795530796051025e-02 -1.657285988330841064e-01
-4.393410310149192810e-02 -1.880133002996444702e-01
-2.345618605613708496e-01 1.847794950008392334e-01
3.484207689762115479e-01 -1.464934796094894409e-01
-2.826658450067043304e-02 -8.586107194423675537e-02
-5.545622110366821289e-02 -1.097226515412330627e-01
1.660336740314960480e-02 7.815212756395339966e-02
1.877556145191192627e-01 -1.184540465474128723e-01
2.903414964675903320e-01 -2.532455325126647949e-01
