1.129293441772460938e-01 -5.429656803607940674e-02
4.110447168350219727e-01 -3.141895830631256104e-01
-2.563537657260894775e-01 2.636032104492187500e-01
2.972040474414825439e-01 -3.652648925781250000e-01
2.595792412757873535e-01 -1.606296151876449585e-01
-4.058558493852615356e-02 -6.152046844363212585e-02
3.790518343448638916e-01 -3.138091564178466797e-01
-1.238449364900588989e-01 1.066837012767791748e-01
-1.108700111508369446e-01 8.406396955251693726e-02
3.911542296409606934e-01 -5.019121170043945312e-01
-5.183235555887222290e-02 1.102513819932937622e-01
-2.796134352684020996e-01 1.725622415542602539e-01
4.267749190330505371e-01 -5.168977975845336914e-01
-3.496044874191284180e-02 -1.144216023385524750e-02
1.240562051534652710e-01 1.840038001537322998e-01
-1.754163801670074463e-01 4.588450491428375244e-01
1.599485129117965698e-01 -5.376549959182739258e-01
2.499134540557861328e-01 -6.739747524261474609e-02
-1.638043820858001709e-01 3.615384995937347412e-01
-4.809376597404479980e-01 2.340278774499893188e-01
4.882354140281677246e-01 -5.974231958389282227e-01
-9.584642201662063599e-02 1.949103772640228271e-01
-1.214126348495483398e-01 -6.624104082584381104e-02
-2.622880339622497559e-01 1.361661553382873535e-01
-7.238034904003143311e-02 1.500983089208602905e-01
1.811092048883438110e-01 -1.950764954090118408e-01
2.946740388870239258e-01 -2.234254181385040283e-01
2.662526629865169525e-02 1.569035947322845459e-01
5.445135012269020081e-02 -2.264555394649505615e-01
-5.258051156997680664e-01 4.858903288841247559e-01
4.497918114066123962e-02 8.736360818147659302e-02
-2.091906219720840454e-01 1.141268089413642883e-01
-1.813617348670959473e-02 -8.986800163984298706e-02
1.935000270605087280e-01 -6.640814989805221558e-02
3.116743862628936768e-01 -3.072539567947387695e-01
-1.364951431751251221e-01 3.327314555644989014e-01
-3.055727481842041016e-01 3.835564851760864258e-01
2.542592957615852356e-02 -4.791975766420364380e-02
2.530730366706848145e-01 -1.585674434900283813e-01
5.165378451347351074e-01 -4.114007651805877686e-01
-2.614098787307739258e-01 1.716875433921813965e-01
-3.384807407855987549e-01 4.090113341808319092e-01
-2.094713002443313599e-01 3.128512203693389893e-01
8.715905249118804932e-03 -3.689645603299140930e-02
-3.225542604923248291e-01 3.073802888393402100e-01
4.934569448232650757e-02 -1.493444591760635376e-01
-3.426666557788848877e-01 3.193774223327636719e-01
-1.235769875347614288e-02 2.842973545193672180e-02
7.548167556524276733e-02 2.031810954213142395e-02
5.001059174537658691e-01 -3.731858730316162109e-01
4.472199678421020508e-01 -2.170669287443161011e-01
3.507775366306304932e-01 -4.221203327178955078e-01
2.351773232221603394e-01 -1.562705039978027344e-01
-3.956744372844696045e-01 5.301954150199890137e-01
7.739765197038650513e-02 -3.841475397348403931e-02
3.012111783027648926e-01 -1.224727854132652283e-01
1.724801361560821533e-01 -3.020108640193939209e-01
-1.459516435861587524e-01 7.638445496559143066e-02
3.854136765003204346e-01 -3.533671796321868896e-01
1.356533076614141464e-02 7.217487692832946777e-02
5.740022659301757812e-01 -4.498522579669952393e-01
6.621046662330627441e-01 -6.450651884078979492e-01
-4.190595746040344238e-01 4.880611598491668701e-01
2.497113943099975586e-01 -5.349834263324737549e-02
-1.144891232252120972e-01 2.659288346767425537e-01
-1.796772778034210205e-01 1.684999316930770874e-01
-9.023973941802978516e-01 9.403815865516662598e-01
2.445253729820251465e-01 -2.421252280473709106e-01
9.970743209123611450e-02 -6.258932407945394516e-03
-1.865241378545761108e-01 2.323802933096885681e-02
3.406847715377807617e-01 -4.055511355400085449e-01
6.107493117451667786e-02 -2.437658905982971191e-01
4.609018564224243164e-01 -4.686123132705688477e-01
4.229341447353363037e-01 -4.995827674865722656e-01
-1.238814219832420349e-01 1.413153260946273804e-01
-5.377774834632873535e-01 5.574424266815185547e-01
4.220636487007141113e-01 -4.405596554279327393e-01
-1.322550177574157715e-01 1.371490117162466049e-02
-4.818006455898284912e-01 4.519612789154052734e-01
-3.107291162014007568e-01 5.026370882987976074e-01
-1.348573565483093262e-01 2.835077047348022461e-01
2.554142177104949951e-01 -2.233217060565948486e-01
-2.912461459636688232e-01 8.675881475210189819e-02
-3.615859448909759521e-01 1.116261780261993408e-01
-2.552700638771057129e-01 2.699168324470520020e-01
6.327463686466217041e-02 -8.924879878759384155e-02
9.839593619108200073e-02 -1.860249973833560944e-02
-4.098799079656600952e-02 9.311386942863464355e-02
-8.033787459135055542e-02 3.238003551959991455e-01
-2.417668551206588745e-01 3.836614787578582764e-01
-4.741862416267395020e-01 3.748547434806823730e-01
3.073114752769470215e-01 -3.584343194961547852e-01
1.639847606420516968e-01 -1.921959817409515381e-01
-4.572103321552276611e-01 3.236631155014038086e-01
1.520549505949020386e-01 -2.632228471338748932e-02
-1.249427795410156250e-01 1.356876343488693237e-01
-1.213043183088302612e-01 2.907898426055908203e-01
-6.520929187536239624e-02 2.232277952134609222e-02
-1.433775573968887329e-01 2.450800091028213501e-01
-3.718074560165405273e-01 1.899415999650955200e-01
-4.508942067623138428e-01 3.444366157054901123e-01
3.688097596168518066e-01 -2.332309931516647339e-01
-3.530108183622360229e-02 -1.780308187007904053e-01
1.503008604049682617e-01 7.387270685285329819e-03
6.197309121489524841e-03 -7.861813157796859741e-02
-3.275598585605621338e-01 3.561380505561828613e-01
-4.553423225879669189e-01 3.176953792572021484e-01
-9.493205696344375610e-03 -1.876767873764038086e-01
-8.914762735366821289e-02 5.851577967405319214e-02
1.072087790817022324e-02 1.115807145833969116e-01
-2.260348945856094360e-01 4.643659889698028564e-01
6.500437110662460327e-02 -2.760673500597476959e-02
-1.711022108793258667e-01 3.405254781246185303e-01
2.736526131629943848e-01 -2.251820713281631470e-01
-5.109311267733573914e-02 1.505103558301925659e-01
8.853491544723510742e-01 -7.518103718757629395e-01
5.750004649162292480e-01 -6.754757165908813477e-01
-4.891933798789978027e-01 4.201645851135253906e-01
-4.482659697532653809e-01 3.586446940898895264e-01
7.952910661697387695e-02 -1.367957890033721924e-01
3.618413209915161133e-01 -3.698425889015197754e-01
-1.713431626558303833e-01 3.484911024570465088e-01
5.145931839942932129e-01 -6.381549835205078125e-01
2.928596138954162598e-01 -2.753774821758270264e-01
1.689942479133605957e-01 -3.123661279678344727e-01
4.095804691314697266e-01 -3.695125579833984375e-01
-2.541841864585876465e-01 3.171055912971496582e-01
3.437727987766265869e-01 -2.497553527355194092e-01
-1.957215815782546997e-01 1.386628746986389160e-01
-5.171610713005065918e-01 2.598055601119995117e-01
-3.322323560714721680e-01 3.376648426055908203e-01
-1.574488580226898193e-01 1.905815154314041138e-01
-1.388519406318664551e-01 1.255528032779693604e-01
1.154485046863555908e-01 -2.103986032307147980e-02
2.922712862491607666e-01 -2.545967400074005127e-01
-5.042962431907653809e-01 4.489895701408386230e-01
-1.507348418235778809e-01 4.116424620151519775e-01
3.991383612155914307e-01 -4.065831899642944336e-01
-1.106043100357055664e+00 9.899941682815551758e-01
1.354555189609527588e-01 -3.243180811405181885e-01
8.770456910133361816e-01 -6.270141601562500000e-01
-7.781459018588066101e-03 -5.510869994759559631e-02
3.371642902493476868e-03 -1.792773604393005371e-01
2.261021286249160767e-01 -2.098661661148071289e-01
-2.288453429937362671e-01 3.039282858371734619e-01
7.324824929237365723e-01 -6.937261819839477539e-01
-1.024564981460571289e+00 9.776564240455627441e-01
-4.534141123294830322e-01 3.238991796970367432e-01
-4.512796401977539062e-01 3.884841501712799072e-01
1.381364911794662476e-01 -1.594900488853454590e-01
9.015826508402824402e-03 4.158927872776985168e-02
-6.421318054199218750e-01 8.314949870109558105e-01
-2.398410588502883911e-01 4.609665647149085999e-02
2.582776248455047607e-01 -3.383507132530212402e-01
-8.683353066444396973e-01 6.971620321273803711e-01
-2.649921178817749023e-01 3.537953794002532959e-01
7.976406812667846680e-02 -2.225415110588073730e-01
-4.143477082252502441e-01 4.615664780139923096e-01
-4.304337799549102783e-01 1.608897447586059570e-01
3.767793625593185425e-02 -5.034309625625610352e-02
-6.475420594215393066e-01 6.935713291168212891e-01
4.375246763229370117e-01 -2.825040817260742188e-01
-5.750584602355957031e-01 6.737441420555114746e-01
-8.883276581764221191e-02 1.509549468755722046e-01
-9.726706743240356445e-01 8.209370374679565430e-01
6.666929721832275391e-01 -6.419933438301086426e-01
3.905172646045684814e-01 -4.304014444351196289e-01
3.742340207099914551e-01 -2.027727961540222168e-01
-1.402984187006950378e-02 8.605599403381347656e-02
-4.365944564342498779e-01 5.285687446594238281e-01
-4.104888439178466797e-02 6.115984544157981873e-02
6.762196421623229980e-01 -7.670712471008300781e-01
3.144509494304656982e-01 -2.955048382282257080e-01
-2.388375401496887207e-01 9.963577240705490112e-02
9.419333189725875854e-02 -2.208641916513442993e-02
-4.392832219600677490e-01 4.366858601570129395e-01
-4.848293960094451904e-02 3.196466714143753052e-02
-4.924003779888153076e-01 3.444112837314605713e-01
5.104123353958129883e-01 -5.566912293434143066e-01
3.627962172031402588e-01 -3.299685120582580566e-01
3.265875577926635742e-01 -1.785621345043182373e-01
-3.941006660461425781e-01 2.879482507705688477e-01
-5.593846440315246582e-01 4.440539479255676270e-01
1.793472096323966980e-02 2.743744477629661560e-02
-1.470491290092468262e-01 -2.273965626955032349e-02
2.471047826111316681e-02 -1.033605262637138367e-01
3.173381686210632324e-01 -4.420267939567565918e-01
-4.992468953132629395e-01 3.587263822555541992e-01
-5.364591479301452637e-01 5.357199907302856445e-01
8.672614097595214844e-01 -1.058768153190612793e+00
-4.783919751644134521e-01 3.270008563995361328e-01
-1.341436654329299927e-01 7.282467186450958252e-02
2.004861980676651001e-01 -1.480326354503631592e-01
-2.287400066852569580e-01 2.574976980686187744e-01
1.962312757968902588e-01 -1.006579324603080750e-01
2.934305071830749512e-01 -5.925777554512023926e-02
1.511723846197128296e-01 -4.391121864318847656e-01
1.202333942055702209e-01 -1.038996577262878418e-01
4.060172438621520996e-01 -5.404827594757080078e-01
1.576442420482635498e-01 -7.398036867380142212e-02
8.703608065843582153e-02 -1.912511438131332397e-01
-3.671507909893989563e-02 1.342778652906417847e-01
-5.597422719001770020e-01 6.028996706008911133e-01
5.612586140632629395e-01 -3.861549198627471924e-01
2.657096087932586670e-01 -8.861838281154632568e-02
-1.861227647168561816e-04 6.236360967159271240e-02
3.771605789661407471e-01 -3.049819171428680420e-01
-2.691901102662086487e-02 -6.634245812892913818e-02
1.366224139928817749e-01 -2.848683893680572510e-01
-1.333717703819274902e-01 7.212076336145401001e-02
1.140812784433364868e-01 1.718659996986389160e-01
5.963410809636116028e-02 9.835033863782882690e-02
-2.015406638383865356e-01 4.077149927616119385e-01
-2.437351346015930176e-01 2.611581385135650635e-01
-2.286785691976547241e-01 1.450017392635345459e-01
-2.826059162616729736e-01 3.454111814498901367e-01
2.068593651056289673e-01 -1.854594498872756958e-01
2.916702330112457275e-01 -1.607762128114700317e-01
-1.582261323928833008e-01 2.752141095697879791e-02
-3.218001425266265869e-01 3.182435035705566406e-01
2.726747989654541016e-01 -2.224407494068145752e-01
-1.080534681677818298e-01 3.171098828315734863e-01
-1.943953782320022583e-01 2.303479425609111786e-02
2.013650536537170410e-01 -2.156151235103607178e-01
5.356466397643089294e-02 1.194206029176712036e-01
8.262827992439270020e-01 -7.386217713356018066e-01
1.534534692764282227e-01 -2.626906335353851318e-01
5.113544687628746033e-02 1.942326724529266357e-01
-3.660523593425750732e-01 4.061876237392425537e-01
1.618039757013320923e-01 -1.887612640857696533e-01
2.146296203136444092e-01 -2.296532243490219116e-01
-2.894709445536136627e-02 1.711253523826599121e-01
-4.773230757564306259e-03 -7.934794574975967407e-02
-2.120315581560134888e-01 -4.698946699500083923e-02
2.931070327758789062e-01 -1.461033895611763000e-02
2.304189503192901611e-01 -2.355510592460632324e-01
-6.741600632667541504e-01 4.690165221691131592e-01
-1.891075372695922852e-01 1.902327686548233032e-01
-6.506140232086181641e-01 6.924845576286315918e-01
-2.452944666147232056e-01 1.835814565420150757e-01
-6.433510780334472656e-02 2.569788694381713867e-01
1.221139729022979736e-01 -2.198808044195175171e-01
9.771577268838882446e-02 -1.616091728210449219e-01
4.883573204278945923e-02 -1.873396039009094238e-01
-3.172024711966514587e-02 -5.507865175604820251e-02
8.196850121021270752e-02 3.255239501595497131e-02
-4.001818597316741943e-01 5.372458100318908691e-01
5.709437653422355652e-03 9.424335509538650513e-02
-2.942237555980682373e-01 4.900550842285156250e-01
-4.500219656620174646e-04 2.810240983963012695e-01
-6.770328432321548462e-02 7.420870661735534668e-02
3.086353093385696411e-02 5.011093243956565857e-02
-2.590006887912750244e-01 3.421753346920013428e-01
2.575929462909698486e-01 -1.828502714633941650e-01
-4.633071422576904297e-01 5.366546511650085449e-01
4.339930713176727295e-01 -4.280649125576019287e-01
